,zip1,zip2,weight,tweet1,tweet2,people1,people2,distance
0,10012,10012,357,445,445,357,357,0.0
1,10012,11222,2,445,110,357,71,2.76921041443
2,10012,11231,2,445,65,357,44,3.26160615973
3,10012,10019,10,445,637,357,440,2.8234340812
4,10012,11102,2,445,35,357,30,4.97476085396
5,10012,10003,18,445,493,357,400,0.653381968999
6,10012,10020,3,445,143,357,116,2.44863615063
7,10012,10018,8,445,339,357,256,2.02765221523
8,10012,10001,20,445,670,357,468,1.71265815031
9,10012,11365,2,445,21,357,9,10.8632894083
10,10012,10007,21,445,1780,357,1042,0.902634840492
11,10012,10022,6,445,228,357,164,2.8022826015
12,10012,10013,19,445,745,357,406,0.515185223657
13,10012,10472,2,445,23,357,8,9.91794157395
14,10012,11226,13,445,195,357,123,6.00560527965
15,10012,10027,3,445,141,357,83,6.40054670114
16,10012,11210,4,445,34,357,20,7.31025104646
17,10012,11693,0,445,6,357,6,12.9331073044
18,10012,11432,0,445,49,357,36,10.7985208396
19,10012,11103,2,445,35,357,26,5.25112513637
20,10012,11237,3,445,64,357,53,4.40242161873
21,10012,10010,8,445,218,357,181,1.24237319602
22,10012,10014,12,445,397,357,286,0.706717733491
23,10012,10009,4,445,135,357,91,1.03709579489
24,10012,10036,22,445,826,357,656,2.35428748906
25,10012,11216,6,445,60,357,49,4.09946262641
26,10012,11418,0,445,15,357,11,8.85258074419
27,10012,11109,0,445,5,357,5,8.44838980882
28,10012,11371,2,445,71,357,65,7.20808295845
29,10012,10460,4,445,42,357,22,10.062341782
30,10012,10048,1,445,86,357,65,1.20471748848
31,10012,10128,3,445,51,357,40,4.60729835531
32,10012,11375,4,445,44,357,27,8.01562385241
33,10012,10023,6,445,210,357,134,3.55393100767
34,10012,11211,7,445,352,357,256,2.50383180559
35,10012,10011,14,445,437,357,352,1.04281950404
36,10012,10025,2,445,143,357,65,5.25087395144
37,10012,10032,3,445,65,357,28,8.45846081635
38,10012,11232,2,445,125,357,24,4.87305405142
39,10012,11377,2,445,46,357,33,5.09911598288
40,10012,11361,2,445,19,357,11,12.0543941099
41,10012,11206,1,445,90,357,63,3.33671686767
42,10012,11430,2,445,187,357,143,11.8498084767
43,10012,10021,3,445,62,357,45,3.54087603375
44,10012,11201,12,445,234,357,176,2.17182039568
45,10012,11238,0,445,109,357,64,3.67727992401
46,10012,10016,5,445,162,357,110,1.76997956799
47,10012,11218,3,445,26,357,19,5.73910453242
48,10012,10301,2,445,45,357,32,8.22546383145
49,10012,10452,2,445,54,357,34,8.74401232639
50,10012,10314,5,445,51,357,30,11.2967497313
51,10012,10461,1,445,50,357,20,11.6484611479
52,10012,11101,3,445,193,357,96,3.38620451011
53,10012,10029,4,445,50,357,38,5.30285580331
54,10012,10467,3,445,33,357,22,12.1513802633
55,10012,11208,0,445,43,357,13,7.56379255684
56,10012,10024,1,445,101,357,71,4.31614179898
57,10012,10005,2,445,65,357,41,1.47727873209
58,10012,10030,1,445,39,357,26,6.98149583661
59,10012,10002,6,445,258,357,186,0.856308588948
60,10012,11385,1,445,56,357,31,5.75948278071
61,10012,11220,2,445,38,357,23,5.90349911834
62,10012,11215,5,445,123,357,95,4.08842814459
63,10012,10038,4,445,174,357,85,1.1576344356
64,10012,11217,3,445,92,357,71,3.21301574905
65,10012,10462,6,445,104,357,58,10.8631593088
66,10012,10040,2,445,80,357,27,9.86430074927
67,10012,10457,3,445,28,357,16,9.83990734316
68,10012,10017,5,445,277,357,161,2.26596148558
69,10012,11433,3,445,18,357,12,11.2633809632
70,10012,10308,0,445,8,357,8,14.4751728239
71,10012,10468,2,445,52,357,30,11.04127754
72,10012,10111,0,445,15,357,13,2.53763810765
73,10012,10309,3,445,23,357,15,17.6266933328
74,10012,10034,1,445,68,357,33,10.6052657469
75,10012,10028,2,445,89,357,53,4.20535144587
76,10012,10035,2,445,65,357,32,6.27358896912
77,10012,11228,1,445,10,357,8,7.51234767835
78,10012,11105,0,445,25,357,19,5.80508826758
79,10012,11355,2,445,26,357,18,9.5302970677
80,10012,11209,3,445,49,357,28,7.27243152968
81,10012,11213,0,445,35,357,20,5.06198052942
82,10012,11369,2,445,12,357,8,7.17539314881
83,10012,10031,1,445,64,357,45,7.38915859277
84,10012,11221,2,445,120,357,61,4.47469384558
85,10012,11212,0,445,12,357,10,6.27048725889
86,10012,11233,1,445,74,357,34,5.383868488
87,10012,11368,2,445,62,357,41,7.48956133355
88,10012,11205,1,445,37,357,31,2.79464002178
89,10012,10069,0,445,14,357,8,3.44148627606
90,10012,11203,0,445,39,357,8,6.31832623051
91,10012,10459,1,445,16,357,8,8.80283240472
92,10012,11219,0,445,6,357,4,6.45333054735
93,10012,11434,2,445,32,357,16,12.3624507504
94,10012,11230,0,445,11,357,5,7.32682878102
95,10012,11373,3,445,53,357,27,6.35314611767
96,10012,11362,1,445,8,357,5,14.1072579081
97,10012,10305,0,445,11,357,8,9.64148956266
98,10012,11104,1,445,8,357,6,4.31780268727
99,10012,10004,3,445,168,357,99,2.90903289528
100,10012,10275,0,445,13,357,7,3.94037253462
101,10012,10118,0,445,4,357,3,1.70746062304
102,10012,10026,2,445,57,357,43,5.7785491218
103,10012,11235,1,445,19,357,14,10.1301575451
104,10012,10469,0,445,44,357,12,12.6343423101
105,10012,10281,0,445,31,357,24,1.17087633648
106,10012,11223,0,445,10,357,7,8.92523879393
107,10012,11379,3,445,33,357,13,6.28955621945
108,10012,10465,3,445,37,357,16,11.7200283106
109,10012,10455,0,445,20,357,11,7.79930541014
110,10012,10466,0,445,16,357,11,13.8765776771
111,10012,11239,0,445,4,357,2,8.35025705588
112,10012,11207,2,445,86,357,31,6.65852636675
113,10012,11367,2,445,35,357,17,9.28747954242
114,10012,11106,0,445,21,357,19,4.30168058651
115,10012,10471,3,445,19,357,15,13.0507802714
116,10012,11234,1,445,50,357,15,8.43643628551
117,10012,10167,0,445,11,357,4,2.34185232136
118,10012,10453,1,445,21,357,16,9.86425560782
119,10012,10451,3,445,20,357,12,7.60110584127
120,10012,10033,3,445,86,357,31,9.10251830027
121,10012,11354,2,445,38,357,25,9.54932882494
122,10012,10463,3,445,36,357,16,11.7163293161
123,10012,10169,0,445,4,357,4,2.28814012425
124,10012,10456,3,445,21,357,12,8.56718049213
125,10012,11420,0,445,8,357,7,10.323050651
126,10012,10153,0,445,6,357,5,2.93431388947
127,10012,10307,0,445,6,357,3,19.8062508551
128,10012,10306,0,445,17,357,8,12.4964906565
129,10012,10165,0,445,2,357,2,2.08757853365
130,10012,10303,2,445,11,357,7,10.8912596586
131,10012,11224,0,445,22,357,13,10.31269532
132,10012,10304,0,445,8,357,5,9.46279236944
133,10012,10458,2,445,34,357,31,11.1328133554
134,10012,11414,2,445,13,357,7,9.39434135001
135,10012,11204,1,445,9,357,8,7.41883109296
136,10012,11372,2,445,16,357,11,6.21225187566
137,10012,11357,0,445,9,357,6,10.7129395129
138,10012,10044,0,445,9,357,8,3.59210355295
139,10012,11229,4,445,27,357,14,9.24429959987
140,10012,11236,1,445,15,357,9,7.71409194645
141,10012,10302,2,445,5,357,5,9.79759224151
142,10012,11422,0,445,11,357,8,14.4994513004
143,10012,10312,0,445,4,357,2,15.7056073474
144,10012,10310,0,445,27,357,6,8.93383636331
145,10012,11429,1,445,8,357,6,13.6654440245
146,10012,10152,0,445,2,357,2,2.6370026611
147,10012,11214,0,445,10,357,6,8.76164691931
148,10012,11435,2,445,41,357,23,10.0561721743
149,10012,10039,2,445,8,357,7,7.62523901456
150,10012,10121,0,445,1,357,1,1.66869184674
151,10012,11413,2,445,14,357,7,13.527982236
152,10012,10473,2,445,14,357,9,9.70933980899
153,10012,10454,3,445,19,357,10,7.00096489898
154,10012,11416,2,445,5,357,5,8.31248364524
155,10012,10280,0,445,5,357,3,1.63468375066
156,10012,11694,0,445,5,357,4,13.0174478675
157,10012,11358,0,445,6,357,4,10.8774708185
158,10012,11421,1,445,4,357,4,7.74272225848
159,10012,11412,0,445,4,357,4,12.6978427063
160,10012,10174,0,445,2,357,2,2.15034171911
161,10012,11417,1,445,3,357,3,8.78379184277
162,10012,11427,2,445,5,357,4,13.1517832709
163,10012,11411,0,445,4,357,2,13.9688671233
164,10012,11374,3,445,10,357,9,7.21532180075
165,10012,10096,0,445,2,357,2,3.94037253462
166,10012,10006,1,445,19,357,18,1.47618498726
167,10012,10037,3,445,15,357,10,6.85804177811
168,10012,11370,1,445,8,357,4,6.20933001113
169,10012,10475,3,445,15,357,11,13.894064652
170,10012,11225,1,445,17,357,13,4.90896932153
171,10012,10282,0,445,10,357,9,1.03528070349
172,10012,11426,2,445,12,357,5,14.5605515204
173,10012,11378,2,445,18,357,7,5.02182447542
174,10012,10107,0,445,1,357,1,2.91017881045
175,10012,11251,0,445,4,357,3,6.24276454069
176,10012,11436,2,445,6,357,3,11.1680368673
177,10012,11360,2,445,10,357,5,12.054431119
178,10012,11356,0,445,2,357,2,9.0957316572
179,10012,10474,1,445,8,357,7,8.36823547647
180,10012,11697,0,445,1,357,1,12.3679727059
181,10012,10172,0,445,2,357,2,2.39219323179
182,10012,11691,0,445,4,357,3,15.2595801098
183,10012,10470,1,445,6,357,4,14.0472110842
184,10012,11366,0,445,7,357,5,10.6732960622
185,10012,10041,0,445,2,357,2,1.69746917698
186,10012,10278,0,445,1,357,1,0.765444718588
187,10012,10106,0,445,4,357,1,2.86882614317
188,10012,11428,0,445,2,357,2,13.5018214117
189,10012,10286,0,445,1,357,1,1.07769893038
190,10012,10279,0,445,1,357,1,1.03948900846
191,10012,10103,0,445,1,357,1,2.6408412302
192,10012,10196,0,445,1,357,1,3.94037253462
193,10012,10154,0,445,1,357,1,2.58816086469
194,10012,10119,0,445,2,357,2,1.73936148982
195,10012,10464,0,445,5,357,4,14.2223693203
196,10012,10166,0,445,2,357,2,2.29099154068
197,10012,10203,0,445,1,357,1,3.94037253462
198,10012,11359,0,445,2,357,2,12.5098372185
199,10012,10177,0,445,1,357,1,2.33986957212
200,10012,11040,0,445,1,357,1,16.8049842548
201,10012,11364,0,445,2,357,2,12.5945998023
202,10012,11692,0,445,2,357,2,14.0589480613
203,10012,11423,0,445,1,357,1,12.1071211183
204,10012,11415,0,445,2,357,2,8.94959394959
205,10012,10175,0,445,2,357,1,2.18497835284
206,11222,10012,2,110,445,71,357,2.76921041443
207,11222,11222,71,110,110,71,71,0.0
208,11222,11231,1,110,65,71,44,4.43706228938
209,11222,10019,3,110,637,71,440,3.43578108835
210,11222,11102,1,110,35,71,30,3.2933116028
211,11222,10003,1,110,493,71,400,2.3366553594
212,11222,10020,1,110,143,71,116,2.88000944046
213,11222,10018,1,110,339,71,256,3.19958711447
214,11222,10001,2,110,670,71,468,3.16103569925
215,11222,11365,2,110,21,71,9,8.10456698776
216,11222,10007,1,110,1780,71,1042,3.33170406755
217,11222,10022,2,110,228,71,164,2.52901410863
218,11222,10013,1,110,745,71,406,3.15654751399
219,11222,10472,1,110,23,71,8,8.24487871909
220,11222,11226,1,110,195,71,123,5.61665042022
221,11222,10027,1,110,141,71,83,5.97966877386
222,11222,11210,1,110,34,71,20,6.78674444597
223,11222,11693,0,110,6,71,6,11.1065570025
224,11222,11432,1,110,49,71,36,8.042192246
225,11222,11103,1,110,35,71,26,3.11667023935
226,11222,11237,1,110,64,71,53,2.0789949503
227,11222,10010,1,110,218,71,181,2.10545250394
228,11222,10014,2,110,397,71,286,3.18864671429
229,11222,10009,2,110,135,71,91,1.73580252181
230,11222,10036,4,110,826,71,656,3.27564146776
231,11222,11216,1,110,60,71,49,3.17052960429
232,11222,11418,0,110,15,71,11,6.18297505964
233,11222,11109,0,110,5,71,5,6.49369069329
234,11222,11371,1,110,71,71,65,4.86433285496
235,11222,10460,2,110,42,71,22,8.61917986679
236,11222,10048,1,110,86,71,65,3.63556537953
237,11222,10128,2,110,51,71,40,3.84426070497
238,11222,11375,1,110,44,71,27,5.25273113391
239,11222,10023,2,110,210,71,134,3.95346611038
240,11222,11211,6,110,352,71,256,1.08137043885
241,11222,10011,1,110,437,71,352,3.03687846308
242,11222,10025,1,110,143,71,65,5.12019793584
243,11222,10032,1,110,65,71,28,7.89570857637
244,11222,11232,2,110,125,71,24,5.77666911032
245,11222,11377,1,110,46,71,33,2.47489845097
246,11222,11361,1,110,19,71,11,9.36172108951
247,11222,11206,0,110,90,71,63,1.65899337891
248,11222,11430,1,110,187,71,143,9.45260808698
249,11222,10021,1,110,62,71,45,3.00906045418
250,11222,11201,2,110,234,71,176,3.12928969858
251,11222,11238,0,110,109,71,64,3.30739554829
252,11222,10016,1,110,162,71,110,2.16849736151
253,11222,11218,1,110,26,71,19,5.86199276988
254,11222,10301,1,110,45,71,32,10.1778009511
255,11222,10452,2,110,54,71,34,7.85416287106
256,11222,10314,2,110,51,71,30,13.3581607196
257,11222,10461,2,110,50,71,20,9.82251806349
258,11222,11101,4,110,193,71,96,1.35757997611
259,11222,10029,2,110,50,71,38,4.50478699031
260,11222,10467,2,110,33,71,22,10.8359567624
261,11222,11208,0,110,43,71,13,5.33279030896
262,11222,10024,0,110,101,71,71,4.46334742013
263,11222,10005,1,110,65,71,41,3.59110827736
264,11222,10030,1,110,39,71,26,6.33879253623
265,11222,10002,4,110,258,71,186,2.26595659409
266,11222,11385,1,110,56,71,31,3.19964273395
267,11222,11220,1,110,38,71,23,6.9188052789
268,11222,11215,2,110,123,71,95,4.56877605836
269,11222,10038,1,110,174,71,85,3.25694446156
270,11222,11217,0,110,92,71,71,3.48900236319
271,11222,10462,1,110,104,71,58,9.20514863096
272,11222,10040,1,110,80,71,27,9.17986442349
273,11222,10457,2,110,28,71,16,8.66850671998
274,11222,10017,2,110,277,71,161,2.26937591323
275,11222,11433,1,110,18,71,12,8.55921245445
276,11222,10308,0,110,8,71,8,16.1950646953
277,11222,10468,1,110,52,71,30,10.0164266145
278,11222,10111,0,110,15,71,13,2.83069197316
279,11222,10309,1,110,23,71,15,19.535406863
280,11222,10034,1,110,68,71,33,9.84555858404
281,11222,10028,1,110,89,71,53,3.51142346838
282,11222,10035,2,110,65,71,32,5.28824566165
283,11222,11228,1,110,10,71,8,8.26764481071
284,11222,11105,1,110,25,71,19,3.8735504296
285,11222,11355,1,110,26,71,18,6.81275522446
286,11222,11209,1,110,49,71,28,8.36516610679
287,11222,11213,0,110,35,71,20,3.86373021344
288,11222,11369,1,110,12,71,8,4.67833906379
289,11222,10031,1,110,64,71,45,6.89537545761
290,11222,11221,2,110,120,71,61,2.62179316149
291,11222,11212,0,110,12,71,10,4.73808537065
292,11222,11233,1,110,74,71,34,3.68974567267
293,11222,11368,2,110,62,71,41,4.79718509511
294,11222,11205,0,110,37,71,31,2.44385082871
295,11222,10069,0,110,14,71,8,4.1313169501
296,11222,11203,0,110,39,71,8,5.37052653269
297,11222,10459,1,110,16,71,8,7.37031181694
298,11222,11219,0,110,6,71,4,7.00231671511
299,11222,11434,2,110,32,71,16,9.74782428797
300,11222,11230,0,110,11,71,5,7.19567156999
301,11222,11373,2,110,53,71,27,3.60933778672
302,11222,11362,1,110,8,71,5,11.3811054551
303,11222,10305,0,110,11,71,8,11.1082415154
304,11222,11104,0,110,8,71,6,1.82589358408
305,11222,10004,2,110,168,71,99,5.35545566693
306,11222,10275,0,110,13,71,7,4.10659616434
307,11222,10118,0,110,4,71,3,2.65624566377
308,11222,10026,0,110,57,71,43,5.30386556857
309,11222,11235,2,110,19,71,14,9.83562431464
310,11222,10469,0,110,44,71,12,11.0910079144
311,11222,10281,0,110,31,71,24,3.72958131325
312,11222,11223,0,110,10,71,7,8.95384661159
313,11222,11379,1,110,33,71,13,3.55419557055
314,11222,10465,2,110,37,71,16,9.60207096013
315,11222,10455,1,110,20,71,11,6.47163806072
316,11222,10466,0,110,16,71,11,12.4814673127
317,11222,11239,1,110,4,71,2,6.55617084477
318,11222,11207,1,110,86,71,31,4.67977213213
319,11222,11367,1,110,35,71,17,6.51854867598
320,11222,11106,0,110,21,71,19,2.573097975
321,11222,10471,1,110,19,71,15,12.2430607247
322,11222,11234,1,110,50,71,15,7.54039971429
323,11222,10167,0,110,11,71,4,2.50162832736
324,11222,10453,1,110,21,71,16,8.91798497894
325,11222,10451,1,110,20,71,12,6.56148909324
326,11222,10033,2,110,86,71,31,8.46863448634
327,11222,11354,1,110,38,71,25,6.95279285684
328,11222,10463,2,110,36,71,16,10.8658381243
329,11222,10169,0,110,4,71,4,2.51661155635
330,11222,10456,1,110,21,71,12,7.39284990457
331,11222,11420,0,110,8,71,7,7.80393241107
332,11222,10153,0,110,6,71,5,2.94880519265
333,11222,10307,0,110,6,71,3,21.7325531478
334,11222,10306,0,110,17,71,8,14.1132827237
335,11222,10165,0,110,2,71,2,2.507585229
336,11222,10303,1,110,11,71,7,13.2051475003
337,11222,11224,0,110,22,71,13,10.6110730966
338,11222,10304,0,110,8,71,5,11.1480945488
339,11222,10458,1,110,34,71,31,9.96816580974
340,11222,11414,1,110,13,71,7,7.14169909027
341,11222,11204,0,110,9,71,8,7.68799209737
342,11222,11372,1,110,16,71,11,3.61177212241
343,11222,11357,0,110,9,71,6,8.20386817348
344,11222,10044,0,110,9,71,8,2.48238249178
345,11222,11229,1,110,27,71,14,8.7694459695
346,11222,11236,1,110,15,71,9,6.31590304156
347,11222,10302,2,110,5,71,5,12.0164079883
348,11222,11422,1,110,11,71,8,11.8963498693
349,11222,10312,0,110,4,71,2,17.5163986633
350,11222,10310,0,110,27,71,6,11.041314239
351,11222,11429,1,110,8,71,6,10.9115340918
352,11222,10152,0,110,2,71,2,2.63153933503
353,11222,11214,0,110,10,71,6,9.1767902316
354,11222,11435,2,110,41,71,23,7.3528338922
355,11222,10039,1,110,8,71,7,6.90632582137
356,11222,10121,0,110,1,71,1,2.91520049744
357,11222,11413,1,110,14,71,7,10.9092913841
358,11222,10473,1,110,14,71,9,7.82004983609
359,11222,10454,1,110,19,71,10,5.70820241237
360,11222,11416,1,110,5,71,5,5.81742946089
361,11222,10280,0,110,5,71,3,4.00776834628
362,11222,11694,0,110,5,71,4,11.5581163398
363,11222,11358,0,110,6,71,4,8.19207481507
364,11222,11421,1,110,4,71,4,5.19571630209
365,11222,11412,0,110,4,71,4,9.9763037362
366,11222,10174,0,110,2,71,2,2.33866501163
367,11222,11417,0,110,3,71,3,6.34896932278
368,11222,11427,1,110,5,71,4,10.382608994
369,11222,11411,0,110,4,71,2,11.2482796624
370,11222,11374,1,110,10,71,9,4.44681896996
371,11222,10096,0,110,2,71,2,4.10659616434
372,11222,10006,0,110,19,71,18,3.78072670241
373,11222,10037,1,110,15,71,10,6.02931212924
374,11222,11370,0,110,8,71,4,3.84320607563
375,11222,10475,1,110,15,71,11,12.248999062
376,11222,11225,2,110,17,71,13,4.4037744974
377,11222,10282,0,110,10,71,9,3.66323582346
378,11222,11426,1,110,12,71,5,11.7922078958
379,11222,11378,2,110,18,71,7,2.25615673594
380,11222,10107,0,110,1,71,1,3.38601731957
381,11222,11251,0,110,4,71,3,5.60324016278
382,11222,11436,1,110,6,71,3,8.5993721379
383,11222,11360,1,110,10,71,5,9.45421900924
384,11222,11356,0,110,2,71,2,6.72830379845
385,11222,10474,1,110,8,71,7,6.72560814515
386,11222,11697,0,110,1,71,1,11.6245341293
387,11222,10172,0,110,2,71,2,2.52089380318
388,11222,11691,0,110,4,71,3,13.0925049712
389,11222,10470,1,110,6,71,4,12.8256820093
390,11222,11366,0,110,7,71,5,7.90416511819
391,11222,10041,0,110,2,71,2,3.74758958973
392,11222,10278,0,110,1,71,1,3.14963336171
393,11222,10106,0,110,4,71,1,3.25033473598
394,11222,11428,0,110,2,71,2,10.7351150064
395,11222,10286,0,110,1,71,1,3.5792488419
396,11222,10279,0,110,1,71,1,3.43034642237
397,11222,10103,0,110,1,71,1,2.92759223773
398,11222,10196,0,110,1,71,1,4.10659616434
399,11222,10154,0,110,1,71,1,2.60762127558
400,11222,10119,0,110,2,71,2,3.00436223166
401,11222,10464,0,110,5,71,4,12.1970861316
402,11222,10166,0,110,2,71,2,2.52936735715
403,11222,10203,0,110,1,71,1,4.10659616434
404,11222,11359,0,110,2,71,2,9.97829018285
405,11222,10177,0,110,1,71,1,2.56487191923
406,11222,11040,0,110,1,71,1,14.0422694452
407,11222,11364,0,110,2,71,2,9.84548408109
408,11222,11692,0,110,2,71,2,12.1133885303
409,11222,11423,0,110,1,71,1,9.34779487137
410,11222,11415,0,110,2,71,2,6.22847317028
411,11222,10175,0,110,2,71,1,2.63704976625
412,11231,10012,2,65,445,44,357,3.26160615973
413,11231,11222,1,65,110,44,71,4.43706228938
414,11231,11231,44,65,65,44,44,0.0
415,11231,10019,2,65,637,44,440,6.06284999031
416,11231,11102,2,65,35,44,30,7.58015707145
417,11231,10003,0,65,493,44,400,3.77020377807
418,11231,10020,1,65,143,44,116,5.63399603478
419,11231,10018,3,65,339,44,256,5.28691132748
420,11231,10001,2,65,670,44,468,4.9741805846
421,11231,11365,2,65,21,44,9,11.8049587
422,11231,10007,2,65,1780,44,1042,2.49299362797
423,11231,10022,3,65,228,44,164,5.8357117959
424,11231,10013,1,65,745,44,406,2.89237110372
425,11231,10472,2,65,23,44,8,12.6074420847
426,11231,11226,2,65,195,44,123,3.38511407785
427,11231,10027,2,65,141,44,83,9.56817254867
428,11231,11210,2,65,34,44,20,4.61435218252
429,11231,11693,0,65,6,44,6,11.1435049287
430,11231,11432,0,65,49,44,36,11.2593702269
431,11231,11103,2,65,35,44,26,7.54130241733
432,11231,11237,2,65,64,44,53,4.65797347177
433,11231,10010,2,65,218,44,181,4.29247368793
434,11231,10014,3,65,397,44,286,3.8612243226
435,11231,10009,0,65,135,44,91,3.56083491427
436,11231,10036,4,65,826,44,656,5.6068626366
437,11231,11216,2,65,60,44,49,2.85459187834
438,11231,11418,0,65,15,44,11,8.9742369967
439,11231,11109,0,65,5,44,5,7.1770239164
440,11231,11371,2,65,71,44,65,9.28361301606
441,11231,10460,2,65,42,44,22,12.8951554707
442,11231,10048,0,65,86,44,65,2.35296227604
443,11231,10128,2,65,51,44,40,7.62226128395
444,11231,11375,2,65,44,44,27,8.71955185966
445,11231,10023,2,65,210,44,134,6.79296349939
446,11231,11211,3,65,352,44,256,3.42100542556
447,11231,10011,3,65,437,44,352,4.29464620477
448,11231,10025,0,65,143,44,65,8.4551083001
449,11231,10032,2,65,65,44,28,11.6200592669
450,11231,11232,2,65,125,44,24,1.61152797879
451,11231,11377,2,65,46,44,33,6.81470275494
452,11231,11361,2,65,19,44,11,13.3399318568
453,11231,11206,1,65,90,44,63,3.52974365014
454,11231,11430,2,65,187,44,143,11.0434010939
455,11231,10021,2,65,62,44,45,6.56689349127
456,11231,11201,4,65,234,44,176,1.33964257698
457,11231,11238,0,65,109,44,64,2.1017388616
458,11231,10016,2,65,162,44,110,4.83040363774
459,11231,11218,2,65,26,44,19,2.74530424357
460,11231,10301,2,65,45,44,32,5.81299811908
461,11231,10452,2,65,54,44,34,11.8116584616
462,11231,10314,2,65,51,44,30,9.00942155828
463,11231,10461,1,65,50,44,20,14.2338389388
464,11231,11101,2,65,193,44,96,5.67341215447
465,11231,10029,2,65,50,44,38,8.3338263789
466,11231,10467,2,65,33,44,22,15.0669112216
467,11231,11208,0,65,43,44,13,6.84574060399
468,11231,10024,0,65,101,44,71,7.54300437169
469,11231,10005,2,65,65,44,41,1.904767922
470,11231,10030,1,65,39,44,26,10.1022575129
471,11231,10002,0,65,258,44,186,2.76196724555
472,11231,11385,2,65,56,44,31,5.99965064072
473,11231,11220,2,65,38,44,23,2.66985019043
474,11231,11215,4,65,123,44,95,1.18285621481
475,11231,10038,2,65,174,44,85,2.13137309114
476,11231,11217,1,65,92,44,71,1.31773954375
477,11231,10462,2,65,104,44,58,13.5685422856
478,11231,10040,2,65,80,44,27,13.0069240507
479,11231,10457,2,65,28,44,16,12.807445206
480,11231,10017,2,65,277,44,161,5.30493627729
481,11231,11433,2,65,18,44,12,11.3694898546
482,11231,10308,0,65,8,44,8,11.7582563089
483,11231,10468,2,65,52,44,30,14.0800410284
484,11231,10111,0,65,15,44,13,5.70075579491
485,11231,10309,2,65,23,44,15,15.1104599906
486,11231,10034,1,65,68,44,33,13.7319221554
487,11231,10028,2,65,89,44,53,7.22303254693
488,11231,10035,2,65,65,44,32,9.26436551591
489,11231,11228,1,65,10,44,8,4.25266052434
490,11231,11105,0,65,25,44,19,8.26575211908
491,11231,11355,2,65,26,44,18,10.7807767936
492,11231,11209,2,65,49,44,28,4.08522300493
493,11231,11213,0,65,35,44,20,3.61076489485
494,11231,11369,2,65,12,44,8,9.03793320207
495,11231,10031,1,65,64,44,45,10.5548966508
496,11231,11221,0,65,120,44,61,4.09195882498
497,11231,11212,0,65,12,44,10,4.82760690616
498,11231,11233,0,65,74,44,34,4.41253118805
499,11231,11368,2,65,62,44,41,8.9166790777
500,11231,11205,1,65,37,44,31,2.22699532831
501,11231,10069,0,65,14,44,8,6.70082087167
502,11231,11203,0,65,39,44,8,4.18891926083
503,11231,10459,1,65,16,44,8,11.6297702017
504,11231,11219,0,65,6,44,4,3.2151114795
505,11231,11434,2,65,32,44,16,12.0773551335
506,11231,11230,0,65,11,44,5,4.34430380566
507,11231,11373,2,65,53,44,27,7.63923498596
508,11231,11362,1,65,8,44,5,15.2011067258
509,11231,10305,0,65,11,44,8,6.69492691042
510,11231,11104,0,65,8,44,6,6.25536045283
511,11231,10004,2,65,168,44,99,2.47093221535
512,11231,10275,0,65,13,44,7,7.1596926884
513,11231,10118,0,65,4,44,3,4.91678548795
514,11231,10026,0,65,57,44,43,8.92046713887
515,11231,11235,1,65,19,44,14,7.10918042025
516,11231,10469,0,65,44,44,12,15.4232575914
517,11231,10281,0,65,31,44,24,2.55778128624
518,11231,11223,0,65,10,44,7,5.78819436218
519,11231,11379,2,65,33,44,13,6.96583981549
520,11231,10465,2,65,37,44,16,14.0373572825
521,11231,10455,0,65,20,44,11,10.6685417519
522,11231,10466,0,65,16,44,11,16.7581131012
523,11231,11239,0,65,4,44,2,6.86868972901
524,11231,11207,2,65,86,44,31,5.71579333004
525,11231,11367,2,65,35,44,17,10.111650661
526,11231,11106,0,65,21,44,19,6.8476207513
527,11231,10471,2,65,19,44,15,16.177090499
528,11231,11234,0,65,50,44,15,5.94748031046
529,11231,10167,0,65,11,44,4,5.4446781291
530,11231,10453,1,65,21,44,16,12.9232047316
531,11231,10451,2,65,20,44,12,10.5969710645
532,11231,10033,2,65,86,44,31,12.2522393995
533,11231,11354,2,65,38,44,25,11.1698551961
534,11231,10463,2,65,36,44,16,14.8220102428
535,11231,10169,0,65,4,44,4,5.40285568565
536,11231,10456,2,65,21,44,12,11.5197506409
537,11231,11420,0,65,8,44,7,9.88995813101
538,11231,10153,0,65,6,44,5,6.06721133328
539,11231,10307,0,65,6,44,3,17.3083521644
540,11231,10306,0,65,17,44,8,9.68207626123
541,11231,10165,0,65,2,44,2,5.22495412368
542,11231,10303,2,65,11,44,7,9.06435380793
543,11231,11224,0,65,22,44,13,7.07558716446
544,11231,10304,0,65,8,44,5,6.71132297064
545,11231,10458,2,65,34,44,31,14.1138243544
546,11231,11414,2,65,13,44,7,8.49119554704
547,11231,11204,0,65,9,44,8,4.23488944337
548,11231,11372,1,65,16,44,11,7.92193630682
549,11231,11357,0,65,9,44,6,12.4948085698
550,11231,10044,0,65,9,44,8,6.39903337288
551,11231,11229,2,65,27,44,14,6.36613658603
552,11231,11236,1,65,15,44,9,5.83036771598
553,11231,10302,2,65,5,44,5,7.80131456497
554,11231,11422,0,65,11,44,8,14.0935384317
555,11231,10312,0,65,4,44,2,13.0813492892
556,11231,10310,0,65,27,44,6,6.75413303101
557,11231,11429,1,65,8,44,6,13.9939288867
558,11231,10152,0,65,2,44,2,5.73244034552
559,11231,11214,0,65,10,44,6,5.51708537243
560,11231,11435,2,65,41,44,23,10.2261327153
561,11231,10039,2,65,8,44,7,10.7337957122
562,11231,10121,0,65,1,44,1,4.92000563942
563,11231,11413,2,65,14,44,7,13.2067790615
564,11231,10473,2,65,14,44,9,12.236710288
565,11231,10454,2,65,19,44,10,9.87390612307
566,11231,11416,2,65,5,44,5,8.00325259185
567,11231,10280,0,65,5,44,3,2.13428112468
568,11231,11694,0,65,5,44,4,10.7944942862
569,11231,11358,0,65,6,44,4,12.2163912515
570,11231,11421,1,65,4,44,4,7.62323517566
571,11231,11412,0,65,4,44,4,12.8295998384
572,11231,10174,0,65,2,44,2,5.22872679539
573,11231,11417,0,65,3,44,3,8.29178638145
574,11231,11427,2,65,5,44,4,13.8041357117
575,11231,11411,0,65,4,44,2,14.0508777947
576,11231,11374,2,65,10,44,9,8.09095998358
577,11231,10096,0,65,2,44,2,7.1596926884
578,11231,10006,0,65,19,44,18,2.08794968517
579,11231,10037,2,65,15,44,10,9.91859261252
580,11231,11370,0,65,8,44,4,8.26762443007
581,11231,10475,2,65,15,44,11,16.6208389571
582,11231,11225,1,65,17,44,13,2.72390960326
583,11231,10282,0,65,10,44,9,2.71965159027
584,11231,11426,2,65,12,44,5,15.2328268031
585,11231,11378,2,65,18,44,7,6.10350453306
586,11231,10107,0,65,1,44,1,6.13540976618
587,11231,11251,0,65,4,44,3,3.81297090405
588,11231,11436,2,65,6,44,3,10.8094312226
589,11231,11360,2,65,10,44,5,13.6211068402
590,11231,11356,0,65,2,44,2,11.122880947
591,11231,10474,1,65,8,44,7,11.0650537522
592,11231,11697,0,65,1,44,1,9.55211165444
593,11231,10172,0,65,2,44,2,5.49343363624
594,11231,11691,0,65,4,44,3,13.8775617302
595,11231,10470,1,65,6,44,4,17.0182607406
596,11231,11366,0,65,7,44,5,11.3765985389
597,11231,10041,0,65,2,44,2,1.71910691743
598,11231,10278,0,65,1,44,1,2.54870122432
599,11231,10106,0,65,4,44,1,6.07658019325
600,11231,11428,0,65,2,44,2,14.011998959
601,11231,10286,0,65,1,44,1,2.49368979055
602,11231,10279,0,65,1,44,1,2.38526476487
603,11231,10103,0,65,1,44,1,5.81250257054
604,11231,10196,0,65,1,44,1,7.1596926884
605,11231,10154,0,65,1,44,1,5.6846072232
606,11231,10119,0,65,2,44,2,4.99557974472
607,11231,10464,0,65,5,44,4,16.6341392409
608,11231,10166,0,65,2,44,2,5.40899732291
609,11231,10203,0,65,1,44,1,7.1596926884
610,11231,11359,0,65,2,44,2,14.2255656946
611,11231,10177,0,65,1,44,1,5.46128611472
612,11231,11040,0,65,1,44,1,17.5570077443
613,11231,11364,0,65,2,44,2,13.5725963652
614,11231,11692,0,65,2,44,2,12.3829997127
615,11231,11423,0,65,1,44,1,12.5459417383
616,11231,11415,0,65,2,44,2,9.28101593713
617,11231,10175,0,65,2,44,1,5.34527479977
618,10019,10012,10,637,445,440,357,2.8234340812
619,10019,11222,3,637,110,440,71,3.43578108835
620,10019,11231,2,637,65,440,44,6.06284999031
621,10019,10019,440,637,637,440,440,0.0
622,10019,11102,3,637,35,440,30,3.22213420055
623,10019,10003,12,637,493,440,400,2.29966955351
624,10019,10020,6,637,143,440,116,0.561726871458
625,10019,10018,16,637,339,440,256,0.838154519082
626,10019,10001,21,637,670,440,468,1.18161404546
627,10019,11365,3,637,21,440,9,10.3204792428
628,10019,10007,23,637,1780,440,1042,3.69475652334
629,10019,10022,17,637,228,440,164,1.06467081834
630,10019,10013,8,637,745,440,406,3.27519798411
631,10019,10472,2,637,23,440,8,7.59389124486
632,10019,11226,8,637,195,440,123,8.46051634585
633,10019,10027,5,637,141,440,83,3.61569558991
634,10019,11210,4,637,34,440,20,9.73652748613
635,10019,11693,0,637,6,440,6,14.5418639699
636,10019,11432,3,637,49,440,36,10.7046126885
637,10019,11103,4,637,35,440,26,3.92318465388
638,10019,11237,4,637,64,440,53,5.51329121908
639,10019,10010,8,637,218,440,181,1.85121730508
640,10019,10014,10,637,397,440,286,2.37599801165
641,10019,10009,0,637,135,440,91,2.68986567063
642,10019,10036,34,637,826,440,656,0.491120703229
643,10019,11216,4,637,60,440,49,6.20512308244
644,10019,11418,1,637,15,440,11,9.22686001065
645,10019,11109,0,637,5,440,5,9.92941789972
646,10019,11371,4,637,71,440,65,5.81408066609
647,10019,10460,3,637,42,440,22,7.57643411681
648,10019,10048,2,637,86,440,65,3.95636701914
649,10019,10128,7,637,51,440,40,2.15824360956
650,10019,11375,5,637,44,440,27,7.97080555204
651,10019,10023,9,637,210,440,134,0.730972985442
652,10019,11211,8,637,352,440,256,4.04911458265
653,10019,10011,16,637,437,440,352,1.86704468638
654,10019,10025,5,637,143,440,65,2.44138226944
655,10019,10032,3,637,65,440,28,5.66573134672
656,10019,11232,4,637,125,440,24,7.66903245603
657,10019,11377,6,637,46,440,33,4.57406860055
658,10019,11361,4,637,19,440,11,11.1071379642
659,10019,11206,1,637,90,440,63,4.91385712476
660,10019,11430,8,637,187,440,143,12.7531842254
661,10019,10021,4,637,62,440,45,1.33258587755
662,10019,11201,10,637,234,440,176,4.86311785569
663,10019,11238,2,637,109,440,64,6.02697421853
664,10019,10016,6,637,162,440,110,1.41190802778
665,10019,11218,3,637,26,440,19,8.37578256698
666,10019,10301,2,637,45,440,32,10.8634826236
667,10019,10452,4,637,54,440,34,6.0330888993
668,10019,10314,7,637,51,440,30,13.8259803685
669,10019,10461,2,637,50,440,20,9.38725595012
670,10019,11101,8,637,193,440,96,2.81731348311
671,10019,10029,4,637,50,440,38,2.74888582931
672,10019,10467,5,637,33,440,22,9.54894470468
673,10019,11208,0,637,43,440,13,8.74603223376
674,10019,10024,7,637,101,440,71,1.49471452014
675,10019,10005,5,637,65,440,41,4.29206853653
676,10019,10030,1,637,39,440,26,4.23846388624
677,10019,10002,8,637,258,440,186,3.35943592499
678,10019,11385,2,637,56,440,31,6.5104386374
679,10019,11220,2,637,38,440,23,8.72028385168
680,10019,11215,5,637,123,440,95,6.77643967603
681,10019,10038,9,637,174,440,85,3.98106112272
682,10019,11217,6,637,92,440,71,5.78465472078
683,10019,10462,6,637,104,440,58,8.49499252156
684,10019,10040,3,637,80,440,27,7.07992588671
685,10019,10457,4,637,28,440,16,7.21575587858
686,10019,10017,8,637,277,440,161,1.16666053445
687,10019,11433,3,637,18,440,12,11.4493452193
688,10019,10308,0,637,8,440,8,17.1552860655
689,10019,10468,2,637,52,440,30,8.33578671752
690,10019,10111,2,637,15,440,13,0.607865791253
691,10019,10309,3,637,23,440,15,20.1986564085
692,10019,10034,4,637,68,440,33,7.8298105033
693,10019,10028,3,637,89,440,53,1.82028035872
694,10019,10035,5,637,65,440,32,3.7212756768
695,10019,11228,1,637,10,440,8,10.3140770487
696,10019,11105,1,637,25,440,19,4.10942952903
697,10019,11355,3,637,26,440,18,8.7918353579
698,10019,11209,5,637,49,440,28,10.0957245433
699,10019,11213,0,637,35,440,20,7.06693195337
700,10019,11369,2,637,12,440,8,6.041418751
701,10019,10031,2,637,64,440,45,4.59855769392
702,10019,11221,1,637,120,440,61,6.00660845777
703,10019,11212,0,637,12,440,10,8.08982168423
704,10019,11233,0,637,74,440,34,7.06430789301
705,10019,11368,4,637,62,440,41,6.79774919361
706,10019,11205,1,637,37,440,31,5.04754893577
707,10019,10069,0,637,14,440,8,0.721051894859
708,10019,11203,0,637,39,440,8,8.50945013576
709,10019,10459,1,637,16,440,8,6.35796122365
710,10019,11219,0,637,6,440,4,9.21268423699
711,10019,11434,3,637,32,440,16,12.8143098358
712,10019,11230,0,637,11,440,5,9.91148168664
713,10019,11373,4,637,53,440,27,6.00334706927
714,10019,11362,1,637,8,440,5,13.2479539668
715,10019,10305,0,637,11,440,8,12.4244661867
716,10019,11104,2,637,8,440,6,3.7843112558
717,10019,10004,5,637,168,440,99,5.43685898938
718,10019,10275,0,637,13,440,7,1.12765762875
719,10019,10118,2,637,4,440,3,1.1543473281
720,10019,10026,1,637,57,440,43,3.03189287442
721,10019,11235,2,637,19,440,14,12.6892861558
722,10019,10469,0,637,44,440,12,10.147492541
723,10019,10281,1,637,31,440,24,3.84615771275
724,10019,11223,0,637,10,440,7,11.5839025229
725,10019,11379,3,637,33,440,13,6.55047333799
726,10019,10465,4,637,37,440,16,9.73847934489
727,10019,10455,1,637,20,440,11,5.34005398094
728,10019,10466,0,637,16,440,11,11.2889177604
729,10019,11239,1,637,4,440,2,9.98157930795
730,10019,11207,2,637,86,440,31,8.11373626747
731,10019,11367,3,637,35,440,17,8.9866768291
732,10019,11106,0,637,21,440,19,2.85141290349
733,10019,10471,2,637,19,440,15,10.2685041831
734,10019,11234,2,637,50,440,15,10.6957755005
735,10019,10167,1,637,11,440,4,0.934328962206
736,10019,10453,1,637,21,440,16,7.1501658674
737,10019,10451,3,637,20,440,12,4.99118625891
738,10019,10033,6,637,86,440,31,6.31592538603
739,10019,11354,3,637,38,440,25,8.42908716322
740,10019,10463,5,637,36,440,16,8.95225980528
741,10019,10169,1,637,4,440,4,0.923725153652
742,10019,10456,2,637,21,440,12,5.98333989521
743,10019,11420,0,637,8,440,7,11.0255399198
744,10019,10153,0,637,6,440,5,0.691366246316
745,10019,10307,0,637,6,440,3,22.3574267162
746,10019,10306,2,637,17,440,8,15.224568233
747,10019,10165,0,637,2,440,2,0.986630953055
748,10019,10303,2,637,11,440,7,13.2140947196
749,10019,11224,2,637,22,440,13,13.0539169929
750,10019,10304,0,637,8,440,5,12.1919966707
751,10019,10458,4,637,34,440,31,8.47937642764
752,10019,11414,3,637,13,440,7,10.5330518495
753,10019,11204,1,637,9,440,8,10.1275276252
754,10019,11372,3,637,16,440,11,5.42113405195
755,10019,11357,0,637,9,440,6,9.34219187664
756,10019,10044,0,637,9,440,8,1.92685504077
757,10019,11229,3,637,27,440,14,11.7205282742
758,10019,11236,1,637,15,440,9,9.65148484902
759,10019,10302,3,637,5,440,5,12.2306382556
760,10019,11422,2,637,11,440,8,14.9537435852
761,10019,10312,0,637,4,440,2,18.3391650536
762,10019,10310,0,637,27,440,6,11.4682805738
763,10019,11429,1,637,8,440,6,13.5236115656
764,10019,10152,0,637,2,440,2,0.855743919818
765,10019,11214,1,637,10,440,6,11.5172344021
766,10019,11435,5,637,41,440,23,10.2766959732
767,10019,10039,2,637,8,440,7,4.88647927028
768,10019,10121,0,637,1,440,1,1.15719734152
769,10019,11413,2,637,14,440,7,13.9523459695
770,10019,10473,2,637,14,440,9,7.5764851468
771,10019,10454,2,637,19,440,10,4.57532982007
772,10019,11416,3,637,5,440,5,9.09875850873
773,10019,10280,0,637,5,440,3,4.36007366751
774,10019,11694,0,637,5,440,4,14.9446809369
775,10019,11358,0,637,6,440,4,9.94769047904
776,10019,11421,2,637,4,440,4,8.44627808649
777,10019,11412,0,637,4,440,4,12.776407266
778,10019,10174,0,637,2,440,2,1.11402139672
779,10019,11417,1,637,3,440,3,9.66397205877
780,10019,11427,2,637,5,440,4,12.7435289512
781,10019,11411,1,637,4,440,2,14.0294408651
782,10019,11374,3,637,10,440,9,7.12327219557
783,10019,10096,0,637,2,440,2,1.12765762875
784,10019,10006,2,637,19,440,18,4.24788541679
785,10019,10037,2,637,15,440,10,4.1885010245
786,10019,11370,1,637,8,440,4,4.99183981547
787,10019,10475,4,637,15,440,11,11.4500589982
788,10019,11225,1,637,17,440,13,7.27354342118
789,10019,10282,0,637,10,440,9,3.67282465218
790,10019,11426,3,637,12,440,5,14.0720864171
791,10019,11378,3,637,18,440,7,5.21250396447
792,10019,10107,1,637,1,440,1,0.158547221516
793,10019,11251,0,637,4,440,3,8.59100349666
794,10019,11436,2,637,6,440,3,11.7514459483
795,10019,11360,2,637,10,440,5,10.8301821801
796,10019,11356,0,637,2,440,2,7.56928576971
797,10019,10474,1,637,8,440,7,6.09786119506
798,10019,11697,0,637,1,440,1,14.744416809
799,10019,10172,0,637,2,440,2,0.915607762123
800,10019,11691,0,637,4,440,3,16.4810882323
801,10019,10470,1,637,6,440,4,11.3801136943
802,10019,11366,0,637,7,440,5,10.3676618692
803,10019,10041,0,637,2,440,2,4.51152783539
804,10019,10278,0,637,1,440,1,3.58155945955
805,10019,10106,1,637,4,440,1,0.272762570565
806,10019,11428,0,637,2,440,2,13.2054809251
807,10019,10286,0,637,1,440,1,3.81111021382
808,10019,10279,0,637,1,440,1,3.82792173006
809,10019,10103,1,637,1,440,1,0.524393112039
810,10019,10196,0,637,1,440,1,1.12765762875
811,10019,10154,0,637,1,440,1,0.862891795462
812,10019,10119,1,637,2,440,2,1.09634227134
813,10019,10464,0,637,5,440,4,12.0789638805
814,10019,10166,0,637,2,440,2,0.911246039825
815,10019,10203,0,637,1,440,1,1.12765762875
816,10019,11359,0,637,2,440,2,11.1154465484
817,10019,10177,0,637,1,440,1,0.872294380699
818,10019,11040,0,637,1,440,1,16.1676009798
819,10019,11364,0,637,2,440,2,11.9130078155
820,10019,11692,0,637,2,440,2,15.5456098165
821,10019,11423,0,637,1,440,1,11.9476477146
822,10019,11415,0,637,2,440,2,9.13232388362
823,10019,10175,0,637,2,440,1,0.844364676085
824,11102,10012,2,35,445,30,357,4.97476085396
825,11102,11222,1,35,110,30,71,3.2933116028
826,11102,11231,2,35,65,30,44,7.58015707145
827,11102,10019,3,35,637,30,440,3.22213420055
828,11102,11102,30,35,35,30,30,0.0
829,11102,10003,2,35,493,30,400,4.32399845123
830,11102,10020,0,35,143,30,116,3.04521680635
831,11102,10018,2,35,339,30,256,3.77596442088
832,11102,10001,4,35,670,30,468,4.03046678225
833,11102,11365,2,35,21,30,9,7.3026326314
834,11102,10007,4,35,1780,30,1042,5.83131596714
835,11102,10022,2,35,228,30,164,2.39490504307
836,11102,10013,0,35,745,30,406,5.48723387985
837,11102,10472,2,35,23,30,8,5.03178397829
838,11102,11226,3,35,195,30,123,8.84651061755
839,11102,10027,2,35,141,30,83,3.26945513859
840,11102,11210,2,35,34,30,20,9.95147313087
841,11102,11693,0,35,6,30,6,13.2295750861
842,11102,11432,1,35,49,30,36,7.94285243258
843,11102,11103,2,35,35,30,26,0.920205545153
844,11102,11237,2,35,64,30,53,4.69387109393
845,11102,10010,3,35,218,30,181,3.74666152435
846,11102,10014,2,35,397,30,286,4.92941944616
847,11102,10009,0,35,135,30,91,4.16354965451
848,11102,10036,2,35,826,30,656,3.53472237411
849,11102,11216,3,35,60,30,49,6.39288981915
850,11102,11418,0,35,15,30,11,6.93066930414
851,11102,11109,0,35,5,30,5,8.74355279588
852,11102,11371,2,35,71,30,65,2.59886857174
853,11102,10460,2,35,42,30,22,5.33789494584
854,11102,10048,0,35,86,30,65,6.15206310338
855,11102,10128,3,35,51,30,40,1.53723499288
856,11102,11375,3,35,44,30,27,5.41895129358
857,11102,10023,2,35,210,30,134,3.07260643148
858,11102,11211,2,35,352,30,256,4.37105038847
859,11102,10011,2,35,437,30,352,4.47862322372
860,11102,10025,1,35,143,30,65,2.95462175169
861,11102,10032,3,35,65,30,28,4.87031509087
862,11102,11232,2,35,125,30,24,9.01826533437
863,11102,11377,2,35,46,30,33,2.24539649697
864,11102,11361,2,35,19,30,11,7.9258985967
865,11102,11206,0,35,90,30,63,4.85248491264
866,11102,11430,2,35,187,30,143,10.737101714
867,11102,10021,3,35,62,30,45,1.89003826376
868,11102,11201,2,35,234,30,176,6.24065667048
869,11102,11238,0,35,109,30,64,6.5969475277
870,11102,10016,3,35,162,30,110,3.27500707031
871,11102,11218,2,35,26,30,19,9.15086532984
872,11102,10301,2,35,45,30,32,13.1182460344
873,11102,10452,2,35,54,30,34,4.65643240666
874,11102,10314,3,35,51,30,30,16.2385611307
875,11102,10461,1,35,50,30,20,6.70572987104
876,11102,11101,3,35,193,30,96,1.94420707579
877,11102,10029,2,35,50,30,38,1.78618710748
878,11102,10467,2,35,33,30,22,7.54583934243
879,11102,11208,0,35,43,30,13,7.33490134528
880,11102,10024,1,35,101,30,71,2.94289046908
881,11102,10005,2,35,65,30,41,6.30086484874
882,11102,10030,1,35,39,30,26,3.38216051904
883,11102,10002,1,35,258,30,186,4.97276322954
884,11102,11385,1,35,56,30,31,4.99377104976
885,11102,11220,2,35,38,30,23,10.1574730145
886,11102,11215,2,35,123,30,95,7.84399184282
887,11102,10038,2,35,174,30,85,5.93941580121
888,11102,11217,0,35,92,30,71,6.75891810347
889,11102,10462,4,35,104,30,58,5.9917577861
890,11102,10040,2,35,80,30,27,6.03562785891
891,11102,10457,2,35,28,30,16,5.38254340339
892,11102,10017,2,35,277,30,161,2.82890044319
893,11102,11433,2,35,18,30,12,8.86140790543
894,11102,10308,0,35,8,30,8,19.2815014581
895,11102,10468,2,35,52,30,30,6.74534546807
896,11102,10111,0,35,15,30,13,2.90881637667
897,11102,10309,2,35,23,30,15,22.5283093617
898,11102,10034,1,35,68,30,33,6.65407225194
899,11102,10028,2,35,89,30,53,1.59218207097
900,11102,10035,2,35,65,30,32,2.19756607583
901,11102,11228,1,35,10,30,8,11.5507273367
902,11102,11105,0,35,25,30,19,0.894766330309
903,11102,11355,2,35,26,30,18,5.72186950147
904,11102,11209,2,35,49,30,28,11.6039776516
905,11102,11213,0,35,35,30,20,6.94407145444
906,11102,11369,2,35,12,30,8,2.89777447739
907,11102,10031,1,35,64,30,45,3.9956566764
908,11102,11221,0,35,120,30,61,5.52454976552
909,11102,11212,0,35,12,30,10,7.55131341034
910,11102,11233,0,35,74,30,34,6.51795434418
911,11102,11368,2,35,62,30,41,3.85529086565
912,11102,11205,0,35,37,30,31,5.73062126536
913,11102,10069,0,35,14,30,8,3.46800037759
914,11102,11203,0,35,39,30,8,8.44551443252
915,11102,10459,1,35,16,30,8,4.0819239759
916,11102,11219,0,35,6,30,4,10.2928412364
917,11102,11434,2,35,32,30,16,10.3851785243
918,11102,11230,0,35,11,30,5,10.4421838168
919,11102,11373,2,35,53,30,27,3.44630808209
920,11102,11362,1,35,8,30,5,10.0734664554
921,11102,10305,0,35,11,30,8,14.2727400929
922,11102,11104,0,35,8,30,6,1.91588958196
923,11102,10004,2,35,168,30,99,7.88375684956
924,11102,10275,0,35,13,30,7,2.83347758962
925,11102,10118,0,35,4,30,3,3.59100113608
926,11102,10026,0,35,57,30,43,2.68982392107
927,11102,11235,1,35,19,30,14,13.0062218261
928,11102,10469,0,35,44,30,12,7.84464393948
929,11102,10281,0,35,31,30,24,6.14446684246
930,11102,11223,0,35,10,30,7,12.2068479003
931,11102,11379,2,35,33,30,13,4.49533834413
932,11102,10465,2,35,37,30,16,6.75668962974
933,11102,10455,0,35,20,30,11,3.18108561539
934,11102,10466,0,35,16,30,11,9.20458444281
935,11102,11239,0,35,4,30,2,8.9782027682
936,11102,11207,2,35,86,30,31,7.10986269454
937,11102,11367,2,35,35,30,17,6.16288084058
938,11102,11106,0,35,21,30,19,0.733936379193
939,11102,10471,2,35,19,30,15,9.00672715324
940,11102,11234,1,35,50,30,15,10.53952976
941,11102,10167,0,35,11,30,4,2.87353425045
942,11102,10453,1,35,21,30,16,5.67754755649
943,11102,10451,2,35,20,30,12,3.34493743319
944,11102,10033,2,35,86,30,31,5.37366215309
945,11102,11354,2,35,38,30,25,5.2332489033
946,11102,10463,2,35,36,30,16,7.62961492251
947,11102,10169,0,35,4,30,4,2.93791764375
948,11102,10456,2,35,21,30,12,4.1161697804
949,11102,11420,0,35,8,30,7,8.90670666839
950,11102,10153,0,35,6,30,5,2.57452156208
951,11102,10307,0,35,6,30,3,24.7173127944
952,11102,10306,0,35,17,30,8,17.2375784974
953,11102,10165,0,35,2,30,2,3.13323165838
954,11102,10303,2,35,11,30,7,15.8650909722
955,11102,11224,0,35,22,30,13,13.8892381291
956,11102,10304,0,35,8,30,5,14.230933251
957,11102,10458,2,35,34,30,31,6.67832273011
958,11102,11414,2,35,13,30,7,8.89790537117
959,11102,11204,0,35,9,30,8,10.9757214459
960,11102,11372,1,35,16,30,11,2.56837526355
961,11102,11357,0,35,9,30,6,6.12103161992
962,11102,10044,0,35,9,30,8,1.43324597019
963,11102,11229,2,35,27,30,14,11.9022286333
964,11102,11236,1,35,15,30,9,9.08979127448
965,11102,10302,2,35,5,30,5,14.7681834912
966,11102,11422,0,35,11,30,8,12.4608551791
967,11102,10312,0,35,4,30,2,20.561151499
968,11102,10310,0,35,27,30,6,13.8817060007
969,11102,11429,1,35,8,30,6,10.6512239489
970,11102,10152,0,35,2,30,2,2.64652880945
971,11102,11214,0,35,10,30,6,12.4674447171
972,11102,11435,2,35,41,30,23,7.7737800814
973,11102,10039,2,35,8,30,7,3.84405059316
974,11102,10121,0,35,1,30,1,3.8325053281
975,11102,11413,2,35,14,30,7,11.4630884729
976,11102,10473,2,35,14,30,9,4.74207442124
977,11102,10454,2,35,19,30,10,2.43281085776
978,11102,11416,2,35,5,30,5,7.21663331132
979,11102,10280,0,35,5,30,3,6.58099156482
980,11102,11694,0,35,5,30,4,14.0430301695
981,11102,11358,0,35,6,30,4,6.7823784285
982,11102,11421,1,35,4,30,4,6.55106407218
983,11102,11412,0,35,4,30,4,10.0635905044
984,11102,10174,0,35,2,30,2,2.97761822338
985,11102,11417,0,35,3,30,3,7.82498217308
986,11102,11427,2,35,5,30,4,9.74180296951
987,11102,11411,0,35,4,30,2,11.2727442833
988,11102,11374,2,35,10,30,9,4.62671672918
989,11102,10096,0,35,2,30,2,2.83347758962
990,11102,10006,0,35,19,30,18,6.39132244487
991,11102,10037,2,35,15,30,10,2.96733614357
992,11102,11370,0,35,8,30,4,1.87781012859
993,11102,10475,3,35,15,30,11,9.044246807
994,11102,11225,1,35,17,30,13,7.64860240723
995,11102,10282,0,35,10,30,9,6.00873692558
996,11102,11426,2,35,12,30,5,11.0153246573
997,11102,11378,2,35,18,30,7,3.45327355532
998,11102,10107,0,35,1,30,1,3.0667941218
999,11102,11251,0,35,4,30,3,8.77289996332
1000,11102,11436,2,35,6,30,3,9.48192255639
1001,11102,11360,2,35,10,30,5,7.60950064831
1002,11102,11356,0,35,2,30,2,4.35787073042
1003,11102,10474,1,35,8,30,7,3.48542529253
1004,11102,11697,0,35,1,30,1,14.5909344943
1005,11102,10172,0,35,2,30,2,2.83334145916
1006,11102,11691,0,35,4,30,3,14.6551320754
1007,11102,10470,1,35,6,30,4,9.5327573783
1008,11102,11366,1,35,7,30,5,7.48064024714
1009,11102,10041,0,35,2,30,2,6.50376802729
1010,11102,10278,0,35,1,30,1,5.65985678902
1011,11102,10106,0,35,4,30,1,2.95785547478
1012,11102,11428,0,35,2,30,2,10.2527298637
1013,11102,10286,0,35,1,30,1,6.03980169714
1014,11102,10279,0,35,1,30,1,5.96263972414
1015,11102,10103,0,35,1,30,1,2.88286925186
1016,11102,10196,0,35,1,30,1,2.83347758962
1017,11102,10154,0,35,1,30,1,2.68278346645
1018,11102,10119,0,35,2,30,2,3.85019267806
1019,11102,10464,0,35,5,30,4,9.2479918199
1020,11102,10166,0,35,2,30,2,2.94302811158
1021,11102,10203,0,35,1,30,1,2.83347758962
1022,11102,11359,0,35,2,30,2,7.8989932703
1023,11102,10177,0,35,1,30,1,2.91584777325
1024,11102,11040,0,35,1,30,1,13.0384113276
1025,11102,11364,0,35,2,30,2,8.8053481786
1026,11102,11692,0,35,2,30,2,14.0470662508
1027,11102,11423,0,35,1,30,1,9.10164803625
1028,11102,11415,0,35,2,30,2,6.67381593679
1029,11102,10175,0,35,2,30,1,3.1223393415
1030,10003,10012,18,493,445,400,357,0.653381968999
1031,10003,11222,1,493,110,400,71,2.3366553594
1032,10003,11231,0,493,65,400,44,3.77020377807
1033,10003,10019,12,493,637,400,440,2.29966955351
1034,10003,11102,2,493,35,400,30,4.32399845123
1035,10003,10003,400,493,493,400,400,0.0
1036,10003,10020,3,493,143,400,116,1.86721476732
1037,10003,10018,5,493,339,400,256,1.5731185364
1038,10003,10001,25,493,670,400,468,1.31334501363
1039,10003,11365,0,493,21,400,9,10.3632988175
1040,10003,10007,19,493,1780,400,1042,1.54273988374
1041,10003,10022,7,493,228,400,164,2.16374829237
1042,10003,10013,6,493,745,400,406,1.16848188608
1043,10003,10472,0,493,23,400,8,9.26544929401
1044,10003,11226,9,493,195,400,123,6.27721706371
1045,10003,10027,2,493,141,400,83,5.81729220355
1046,10003,11210,3,493,34,400,20,7.57350828614
1047,10003,11693,0,493,6,400,6,12.9176388593
1048,10003,11432,3,493,49,400,36,10.3729171616
1049,10003,11103,1,493,35,400,26,4.62189282965
1050,10003,11237,0,493,64,400,53,4.1629761352
1051,10003,10010,13,493,218,400,181,0.59057814646
1052,10003,10014,9,493,397,400,286,0.851996664233
1053,10003,10009,5,493,135,400,91,0.675072250784
1054,10003,10036,27,493,826,400,656,1.86373098471
1055,10003,11216,5,493,60,400,49,4.19399339092
1056,10003,11418,1,493,15,400,11,8.50521419356
1057,10003,11109,0,493,5,400,5,8.37391229579
1058,10003,11371,0,493,71,400,65,6.58797246302
1059,10003,10460,0,493,42,400,22,9.41632300503
1060,10003,10048,1,493,86,400,65,1.85304181528
1061,10003,10128,2,493,51,400,40,3.9738400692
1062,10003,11375,5,493,44,400,27,7.57972557565
1063,10003,10023,4,493,210,400,134,3.02710614298
1064,10003,11211,6,493,352,400,256,2.31878517968
1065,10003,10011,13,493,437,400,352,0.81473489612
1066,10003,10025,4,493,143,400,65,4.68806938887
1067,10003,10032,2,493,65,400,28,7.87446199732
1068,10003,11232,1,493,125,400,24,5.37231105942
1069,10003,11377,0,493,46,400,33,4.54827265801
1070,10003,11361,2,493,19,400,11,11.501664896
1071,10003,11206,2,493,90,400,63,3.20682533556
1072,10003,11430,2,493,187,400,143,11.6398678898
1073,10003,10021,1,493,62,400,45,2.90520159629
1074,10003,11201,5,493,234,400,176,2.56851339868
1075,10003,11238,3,493,109,400,64,3.87723074459
1076,10003,10016,9,493,162,400,110,1.12731465276
1077,10003,11218,1,493,26,400,19,6.10987966981
1078,10003,10301,0,493,45,400,32,8.87234759931
1079,10003,10452,0,493,54,400,34,8.12957609818
1080,10003,10314,4,493,51,400,30,11.9492086949
1081,10003,10461,0,493,50,400,20,10.9950813852
1082,10003,11101,4,493,193,400,96,2.78352637941
1083,10003,10029,2,493,50,400,38,4.67446042374
1084,10003,10467,1,493,33,400,22,11.5142567849
1085,10003,11208,0,493,43,400,13,7.39708617342
1086,10003,10024,2,493,101,400,71,3.77297429951
1087,10003,10005,2,493,65,400,41,2.08815013501
1088,10003,10030,0,493,39,400,26,6.38004099901
1089,10003,10002,10,493,258,400,186,1.07450347428
1090,10003,11385,1,493,56,400,31,5.45848694191
1091,10003,11220,2,493,38,400,23,6.43527514911
1092,10003,11215,4,493,123,400,95,4.48952674285
1093,10003,10038,3,493,174,400,85,1.74518829188
1094,10003,11217,6,493,92,400,71,3.53121902776
1095,10003,10462,5,493,104,400,58,10.2113549837
1096,10003,10040,0,493,80,400,27,9.27358092114
1097,10003,10457,0,493,28,400,16,9.20776171976
1098,10003,10017,5,493,277,400,161,1.62426472355
1099,10003,11433,0,493,18,400,12,10.8929044875
1100,10003,10308,0,493,8,400,8,15.113664657
1101,10003,10468,0,493,52,400,30,10.422460689
1102,10003,10111,0,493,15,400,13,1.94204392727
1103,10003,10309,1,493,23,400,15,18.2762092823
1104,10003,10034,1,493,68,400,33,10.0093363124
1105,10003,10028,1,493,89,400,53,3.57098025043
1106,10003,10035,1,493,65,400,32,5.64024492676
1107,10003,11228,0,493,10,400,8,8.01776596915
1108,10003,11105,0,493,25,400,19,5.15948510956
1109,10003,11355,0,493,26,400,18,8.99540694655
1110,10003,11209,3,493,49,400,28,7.82722727597
1111,10003,11213,1,493,35,400,20,5.13031107028
1112,10003,11369,0,493,12,400,8,6.57861364325
1113,10003,10031,1,493,64,400,45,6.80609365314
1114,10003,11221,0,493,120,400,61,4.36424918487
1115,10003,11212,0,493,12,400,10,6.28513078914
1116,10003,11233,0,493,74,400,34,5.33986092444
1117,10003,11368,1,493,62,400,41,6.94726164124
1118,10003,11205,1,493,37,400,31,2.92888190013
1119,10003,10069,0,493,14,400,8,2.96552402312
1120,10003,11203,0,493,39,400,8,6.47334374424
1121,10003,10459,0,493,16,400,8,8.15549976834
1122,10003,11219,0,493,6,400,4,6.91394659584
1123,10003,11434,0,493,32,400,16,12.0516001928
1124,10003,11230,0,493,11,400,5,7.67073196096
1125,10003,11373,0,493,53,400,27,5.84768357675
1126,10003,11362,0,493,8,400,5,13.5716977842
1127,10003,10305,0,493,11,400,8,10.2521744661
1128,10003,11104,1,493,8,400,6,3.74844225447
1129,10003,10004,2,493,168,400,99,3.56082735432
1130,10003,10275,0,493,13,400,7,3.38950775284
1131,10003,10118,1,493,4,400,3,1.14780065738
1132,10003,10026,0,493,57,400,43,5.18298163496
1133,10003,11235,0,493,19,400,14,10.4652583052
1134,10003,10469,0,493,44,400,12,11.9868241203
1135,10003,10281,1,493,31,400,24,1.82401880517
1136,10003,11223,0,493,10,400,7,9.31477951683
1137,10003,11379,1,493,33,400,13,5.89067398985
1138,10003,10465,1,493,37,400,16,11.0729341134
1139,10003,10455,0,493,20,400,11,7.15413743289
1140,10003,10466,0,493,16,400,11,13.2367540792
1141,10003,11239,0,493,4,400,2,8.32081979075
1142,10003,11207,0,493,86,400,31,6.56001489004
1143,10003,11367,1,493,35,400,17,8.81741746313
1144,10003,11106,0,493,21,400,19,3.6565711106
1145,10003,10471,1,493,19,400,15,12.4560764857
1146,10003,11234,2,493,50,400,15,8.63069159022
1147,10003,10167,0,493,11,400,4,1.71760653557
1148,10003,10453,1,493,21,400,16,9.24887288485
1149,10003,10451,1,493,20,400,12,6.97079693344
1150,10003,10033,3,493,86,400,31,8.5140090866
1151,10003,11354,0,493,38,400,25,8.9668314846
1152,10003,10463,2,493,36,400,16,11.1144765212
1153,10003,10169,1,493,4,400,4,1.66773683976
1154,10003,10456,0,493,21,400,12,7.93168854061
1155,10003,11420,0,493,8,400,7,10.0577726782
1156,10003,10153,0,493,6,400,5,2.32594012236
1157,10003,10307,0,493,6,400,3,20.4567426906
1158,10003,10306,2,493,17,400,8,13.1257215611
1159,10003,10165,0,493,2,400,2,1.47510094895
1160,10003,10303,0,493,11,400,7,11.5411271552
1161,10003,11224,1,493,22,400,13,10.7594431485
1162,10003,10304,0,493,8,400,5,10.0934954034
1163,10003,10458,2,493,34,400,31,10.50372917
1164,10003,11414,0,493,13,400,7,9.23078248507
1165,10003,11204,1,493,9,400,8,7.83994810461
1166,10003,11372,1,493,16,400,11,5.6445255447
1167,10003,11357,0,493,9,400,6,10.1081571991
1168,10003,10044,0,493,9,400,8,2.93873510282
1169,10003,11229,1,493,27,400,14,9.53666287191
1170,10003,11236,0,493,15,400,9,7.78210424313
1171,10003,10302,0,493,5,400,5,10.4506362544
1172,10003,11422,0,493,11,400,8,14.1966743118
1173,10003,10312,0,493,4,400,2,16.3501532161
1174,10003,10310,0,493,27,400,6,9.58656674394
1175,10003,11429,0,493,8,400,6,13.2427685691
1176,10003,10152,0,493,2,400,2,2.01276017482
1177,10003,11214,1,493,10,400,6,9.21960473119
1178,10003,11435,0,493,41,400,23,9.68592733859
1179,10003,10039,0,493,8,400,7,7.02069239664
1180,10003,10121,0,493,1,400,1,1.18957051956
1181,10003,11413,0,493,14,400,7,13.2156822039
1182,10003,10473,0,493,14,400,9,9.05667153876
1183,10003,10454,1,493,19,400,10,6.35515786487
1184,10003,11416,0,493,5,400,5,8.05231767878
1185,10003,10280,0,493,5,400,3,2.28401673945
1186,10003,11694,0,493,5,400,4,13.1031442847
1187,10003,11358,0,493,6,400,4,10.3230925534
1188,10003,11421,0,493,4,400,4,7.45769021728
1189,10003,11412,0,493,4,400,4,12.3126819818
1190,10003,10174,0,493,2,400,2,1.51663016077
1191,10003,11417,1,493,3,400,3,8.550196316
1192,10003,11427,0,493,5,400,4,12.6817319959
1193,10003,11411,0,493,4,400,2,13.5846688999
1194,10003,11374,1,493,10,400,9,6.76288743674
1195,10003,10096,0,493,2,400,2,3.38950775284
1196,10003,10006,1,493,19,400,18,2.11645589225
1197,10003,10037,0,493,15,400,10,6.23935339677
1198,10003,11370,1,493,8,400,4,5.59729645632
1199,10003,10475,2,493,15,400,11,13.2439018194
1200,10003,11225,0,493,17,400,13,5.12961720815
1201,10003,10282,1,493,10,400,9,1.68481249743
1202,10003,11426,0,493,12,400,5,14.0815176724
1203,10003,11378,0,493,18,400,7,4.58491607896
1204,10003,10107,0,493,1,400,1,2.36622705909
1205,10003,11251,0,493,4,400,3,6.46506362455
1206,10003,11436,0,493,6,400,3,10.8804068972
1207,10003,11360,0,493,10,400,5,11.4683456793
1208,10003,11356,0,493,2,400,2,8.47261825769
1209,10003,10474,0,493,8,400,7,7.71541602846
1210,10003,11697,0,493,1,400,1,12.6210050212
1211,10003,10172,0,493,2,400,2,1.76785367552
1212,10003,11691,1,493,4,400,3,15.1417138607
1213,10003,10470,0,493,6,400,4,13.4183397313
1214,10003,11366,1,493,7,400,5,10.2103302957
1215,10003,10041,0,493,2,400,2,2.30649876529
1216,10003,10278,0,493,1,400,1,1.38901539873
1217,10003,10106,0,493,4,400,1,2.30664247518
1218,10003,11428,0,493,2,400,2,13.0515866916
1219,10003,10286,0,493,1,400,1,1.72958833188
1220,10003,10279,0,493,1,400,1,1.67891492647
1221,10003,10103,1,493,1,400,1,2.05089509017
1222,10003,10196,0,493,1,400,1,3.38950775284
1223,10003,10154,0,493,1,400,1,1.96386342945
1224,10003,10119,1,493,2,400,2,1.27736603387
1225,10003,10464,0,493,5,400,4,13.5708354622
1226,10003,10166,0,493,2,400,2,1.67189691581
1227,10003,10203,0,493,1,400,1,3.38950775284
1228,10003,11359,0,493,2,400,2,11.906827426
1229,10003,10177,0,493,1,400,1,1.72256869206
1230,10003,11040,0,493,1,400,1,16.307381792
1231,10003,11364,0,493,2,400,2,12.0802915313
1232,10003,11692,0,493,2,400,2,14.0109057005
1233,10003,11423,0,493,1,400,1,11.6757323506
1234,10003,11415,0,493,2,400,2,8.56429327115
1235,10003,10175,0,493,2,400,1,1.58559317311
1236,10020,10012,3,143,445,116,357,2.44863615063
1237,10020,11222,1,143,110,116,71,2.88000944046
1238,10020,11231,1,143,65,116,44,5.63399603478
1239,10020,10019,6,143,637,116,440,0.561726871458
1240,10020,11102,0,143,35,116,30,3.04521680635
1241,10020,10003,3,143,493,116,400,1.86721476732
1242,10020,10020,116,143,143,116,116,0.0
1243,10020,10018,9,143,339,116,256,0.731565466167
1244,10020,10001,5,143,670,116,468,1.01473428349
1245,10020,11365,0,143,21,116,9,9.96655690533
1246,10020,10007,7,143,1780,116,1042,3.34445542797
1247,10020,10022,4,143,228,116,164,0.67832805509
1248,10020,10013,1,143,745,116,406,2.93260003009
1249,10020,10472,0,143,23,116,8,7.67297032351
1250,10020,11226,3,143,195,116,123,7.9324539955
1251,10020,10027,1,143,141,116,83,3.95437966997
1252,10020,11210,2,143,34,116,20,9.20249179206
1253,10020,11693,0,143,6,116,6,13.9842568106
1254,10020,11432,1,143,49,116,36,10.2846281036
1255,10020,11103,0,143,35,116,26,3.64967294406
1256,10020,11237,0,143,64,116,53,4.95871354281
1257,10020,10010,1,143,218,116,181,1.35888140169
1258,10020,10014,1,143,397,116,286,2.11262959123
1259,10020,10009,1,143,135,116,91,2.1803061037
1260,10020,10036,13,143,826,116,656,0.525305535947
1261,10020,11216,1,143,60,116,49,5.65600982086
1262,10020,11418,0,143,15,116,11,8.74398570212
1263,10020,11109,0,143,5,116,5,9.372622946
1264,10020,11371,1,143,71,116,65,5.59361271056
1265,10020,10460,1,143,42,116,22,7.72449693966
1266,10020,10048,1,143,86,116,65,3.62732596934
1267,10020,10128,2,143,51,116,40,2.2407392862
1268,10020,11375,2,143,44,116,27,7.5296462254
1269,10020,10023,2,143,210,116,134,1.21062713468
1270,10020,11211,2,143,352,116,256,3.49104659682
1271,10020,10011,6,143,437,116,352,1.60388376603
1272,10020,10025,3,143,143,116,65,2.82141489888
1273,10020,10032,1,143,65,116,28,6.01240269769
1274,10020,11232,0,143,125,116,24,7.23072920781
1275,10020,11377,0,143,46,116,33,4.15824133011
1276,10020,11361,1,143,19,116,11,10.8295908486
1277,10020,11206,0,143,90,116,63,4.35293105636
1278,10020,11430,2,143,187,116,143,12.2321362599
1279,10020,10021,1,143,62,116,45,1.23732056289
1280,10020,11201,2,143,234,116,176,4.39793754666
1281,10020,11238,1,143,109,116,64,5.49704391555
1282,10020,10016,3,143,162,116,110,0.872785911132
1283,10020,11218,1,143,26,116,19,7.87739884557
1284,10020,10301,0,143,45,116,32,10.6094739591
1285,10020,10452,0,143,54,116,34,6.30483797391
1286,10020,10314,2,143,51,116,30,13.6200058544
1287,10020,10461,0,143,50,116,20,9.44871884991
1288,10020,11101,2,143,193,116,96,2.34793130602
1289,10020,10029,1,143,50,116,38,2.9039705227
1290,10020,10467,1,143,33,116,22,9.75846680769
1291,10020,11208,0,143,43,116,13,8.19911932284
1292,10020,10024,1,143,101,116,71,1.91988678065
1293,10020,10005,1,143,65,116,41,3.92560942645
1294,10020,10030,0,143,39,116,26,4.53413730288
1295,10020,10002,2,143,258,116,186,2.89419952068
1296,10020,11385,0,143,56,116,31,5.9800044303
1297,10020,11220,0,143,38,116,23,8.30123618215
1298,10020,11215,1,143,123,116,95,6.29646914503
1299,10020,10038,3,143,174,116,85,3.5968286015
1300,10020,11217,2,143,92,116,71,5.28550700319
1301,10020,10462,3,143,104,116,58,8.59495159935
1302,10020,10040,0,143,80,116,27,7.41621928007
1303,10020,10457,0,143,28,116,16,7.4336168466
1304,10020,10017,4,143,277,116,161,0.612213405295
1305,10020,11433,0,143,18,116,12,10.9961713046
1306,10020,10308,0,143,8,116,8,16.8860488085
1307,10020,10468,0,143,52,116,30,8.60582715424
1308,10020,10111,2,143,15,116,13,0.136400525973
1309,10020,10309,1,143,23,116,15,19.9804234596
1310,10020,10034,1,143,68,116,33,8.15663109433
1311,10020,10028,1,143,89,116,53,1.85532910915
1312,10020,10035,0,143,65,116,32,3.88481578319
1313,10020,11228,0,143,10,116,8,9.87550263935
1314,10020,11105,0,143,25,116,19,3.93977943391
1315,10020,11355,1,143,26,116,18,8.46309828103
1316,10020,11209,2,143,49,116,28,9.69429018299
1317,10020,11213,0,143,35,116,20,6.5107881014
1318,10020,11369,0,143,12,116,8,5.76453104997
1319,10020,10031,0,143,64,116,45,4.94332512228
1320,10020,11221,0,143,120,116,61,5.44500607272
1321,10020,11212,0,143,12,116,10,7.52847245186
1322,10020,11233,0,143,74,116,34,6.50258311653
1323,10020,11368,0,143,62,116,41,6.4440433092
1324,10020,11205,1,143,37,116,31,4.51612496719
1325,10020,10069,1,143,14,116,8,1.27874575992
1326,10020,11203,0,143,39,116,8,7.9589694088
1327,10020,10459,0,143,16,116,8,6.48282114275
1328,10020,11219,0,143,6,116,4,8.74999653657
1329,10020,11434,0,143,32,116,16,12.3348791178
1330,10020,11230,0,143,11,116,5,9.39920838948
1331,10020,11373,0,143,53,116,27,5.58522619067
1332,10020,11362,0,143,8,116,5,12.9610789528
1333,10020,10305,0,143,11,116,8,12.0890411275
1334,10020,11104,1,143,8,116,6,3.34895272698
1335,10020,10004,2,143,168,116,99,5.20153125223
1336,10020,10275,0,143,13,116,7,1.53228193104
1337,10020,10118,1,143,4,116,3,0.742903209833
1338,10020,10026,0,143,57,116,43,3.33007572298
1339,10020,11235,1,143,19,116,14,12.1687713988
1340,10020,10469,0,143,44,116,12,10.3017726316
1341,10020,10281,1,143,31,116,24,3.54239564232
1342,10020,11223,0,143,10,116,7,11.0843908272
1343,10020,11379,1,143,33,116,13,6.06239649577
1344,10020,10465,1,143,37,116,16,9.70739370281
1345,10020,10455,0,143,20,116,11,5.46640766544
1346,10020,10466,0,143,16,116,11,11.4927460601
1347,10020,11239,0,143,4,116,2,9.42132612602
1348,10020,11207,0,143,86,116,31,7.55556719037
1349,10020,11367,0,143,35,116,17,8.58763326913
1350,10020,11106,0,143,21,116,19,2.5692573494
1351,10020,10471,0,143,19,116,15,10.602236902
1352,10020,11234,1,143,50,116,15,10.1463720191
1353,10020,10167,0,143,11,116,4,0.382074749723
1354,10020,10453,0,143,21,116,16,7.42533795525
1355,10020,10451,1,143,20,116,12,5.19489652326
1356,10020,10033,1,143,86,116,31,6.65491437467
1357,10020,11354,0,143,38,116,25,8.17212566633
1358,10020,10463,2,143,36,116,16,9.26830582715
1359,10020,10169,1,143,4,116,4,0.363670277792
1360,10020,10456,1,143,21,116,12,6.17564923155
1361,10020,11420,0,143,8,116,7,10.5174193606
1362,10020,10153,0,143,6,116,5,0.529118763647
1363,10020,10307,0,143,6,116,3,22.1486994573
1364,10020,10306,1,143,17,116,8,14.9281006533
1365,10020,10165,0,143,2,116,2,0.441252505708
1366,10020,10303,0,143,11,116,7,13.0774769326
1367,10020,11224,0,143,22,116,13,12.5781638811
1368,10020,10304,0,143,8,116,5,11.893560006
1369,10020,10458,1,143,34,116,31,8.71624059716
1370,10020,11414,0,143,13,116,7,9.99211879046
1371,10020,11204,1,143,9,116,8,9.64404544987
1372,10020,11372,1,143,16,116,11,5.06689165785
1373,10020,11357,0,143,9,116,6,9.14632261954
1374,10020,10044,1,143,9,116,8,1.64804492383
1375,10020,11229,3,143,27,116,14,11.1893995274
1376,10020,11236,0,143,15,116,9,9.09088745945
1377,10020,10302,0,143,5,116,5,12.0565510224
1378,10020,11422,0,143,11,116,8,14.4783365474
1379,10020,10312,0,143,4,116,2,18.0930764474
1380,10020,10310,0,143,27,116,6,11.2569224931
1381,10020,11429,0,143,8,116,6,13.1195243819
1382,10020,10152,0,143,2,116,2,0.42029783972
1383,10020,11214,1,143,10,116,6,11.0492279551
1384,10020,11435,0,143,41,116,23,9.81522809813
1385,10020,10039,0,143,8,116,7,5.17896753379
1386,10020,10121,0,143,1,116,1,0.872711185214
1387,10020,11413,0,143,14,116,7,13.4783191074
1388,10020,10473,0,143,14,116,9,7.58495446262
1389,10020,10454,0,143,19,116,10,4.68054563306
1390,10020,11416,0,143,5,116,5,8.57789903885
1391,10020,10280,0,143,5,116,3,4.04578986631
1392,10020,11694,0,143,5,116,4,14.3830240406
1393,10020,11358,0,143,6,116,4,9.66137803752
1394,10020,11421,0,143,4,116,4,7.92944314049
1395,10020,11412,0,143,4,116,4,12.3405429173
1396,10020,10174,0,143,2,116,2,0.552354015613
1397,10020,11417,1,143,3,116,3,9.13785400121
1398,10020,11427,0,143,5,116,4,12.3771468937
1399,10020,11411,0,143,4,116,2,13.5990553972
1400,10020,11374,1,143,10,116,9,6.68155364297
1401,10020,10096,0,143,2,116,2,1.53228193104
1402,10020,10006,1,143,19,116,18,3.91185157497
1403,10020,10037,0,143,15,116,10,4.42729076512
1404,10020,11370,1,143,8,116,4,4.7169523657
1405,10020,10475,1,143,15,116,11,11.587833395
1406,10020,11225,0,143,17,116,13,6.73933367155
1407,10020,10282,0,143,10,116,9,3.37592489201
1408,10020,11426,0,143,12,116,5,13.7223683303
1409,10020,11378,0,143,18,116,7,4.71671124218
1410,10020,10107,0,143,1,116,1,0.55127778919
1411,10020,11251,0,143,4,116,3,8.05159357906
1412,10020,11436,0,143,6,116,3,11.256141535
1413,10020,11360,0,143,10,116,5,10.6085303396
1414,10020,11356,0,143,2,116,2,7.39955137706
1415,10020,10474,0,143,8,116,7,6.14802223896
1416,10020,11697,0,143,1,116,1,14.2004175964
1417,10020,10172,0,143,2,116,2,0.373628497912
1418,10020,11691,0,143,4,116,3,15.9421674469
1419,10020,10470,0,143,6,116,4,11.6276857057
1420,10020,11366,0,143,7,116,5,9.97654390618
1421,10020,10041,0,143,2,116,2,4.14575933219
1422,10020,10278,0,143,1,116,1,3.21407768607
1423,10020,10106,0,143,4,116,1,0.45388158839
1424,10020,11428,0,143,2,116,2,12.823170691
1425,10020,10286,0,143,1,116,1,3.48741308222
1426,10020,10279,0,143,1,116,1,3.48048807247
1427,10020,10103,0,143,1,116,1,0.199466275329
1428,10020,10196,0,143,1,116,1,1.53228193104
1429,10020,10154,0,143,1,116,1,0.39996540244
1430,10020,10119,2,143,2,116,2,0.856437336541
1431,10020,10464,0,143,5,116,4,12.1062969592
1432,10020,10166,0,143,2,116,2,0.350998458079
1433,10020,10203,0,143,1,116,1,1.53228193104
1434,10020,11359,1,143,2,116,2,10.9332373161
1435,10020,10177,0,143,1,116,1,0.316167181318
1436,10020,11040,0,143,1,116,1,15.8477496282
1437,10020,11364,0,143,2,116,2,11.5894074713
1438,10020,11692,0,143,2,116,2,14.9926329854
1439,10020,11423,0,143,1,116,1,11.5413892435
1440,10020,11415,0,143,2,116,2,8.67016195148
1441,10020,10175,0,143,2,116,1,0.301947962788
1442,10018,10012,8,339,445,256,357,2.02765221523
1443,10018,11222,1,339,110,256,71,3.19958711447
1444,10018,11231,3,339,65,256,44,5.28691132748
1445,10018,10019,16,339,637,256,440,0.838154519082
1446,10018,11102,2,339,35,256,30,3.77596442088
1447,10018,10003,5,339,493,256,400,1.5731185364
1448,10018,10020,9,339,143,256,116,0.731565466167
1449,10018,10018,256,339,339,256,256,0.0
1450,10018,10001,24,339,670,256,468,0.343461543883
1451,10018,11365,2,339,21,256,9,10.6212688081
1452,10018,10007,18,339,1780,256,1042,2.87725765831
1453,10018,10022,8,339,228,256,164,1.39328750847
1454,10018,10013,4,339,745,256,406,2.45668683633
1455,10018,10472,2,339,23,256,8,8.36186596057
1456,10018,11226,7,339,195,256,123,7.8357034166
1457,10018,10027,3,339,141,256,83,4.45306215666
1458,10018,11210,5,339,34,256,20,9.12678868681
1459,10018,11693,0,339,6,256,6,14.2210212804
1460,10018,11432,1,339,49,256,36,10.8780128341
1461,10018,11103,2,339,35,256,26,4.36052436387
1462,10018,11237,2,339,64,256,53,5.25458019299
1463,10018,10010,4,339,218,256,181,1.2585229961
1464,10018,10014,10,339,397,256,286,1.53996458144
1465,10018,10009,3,339,135,256,91,2.08151073179
1466,10018,10036,26,339,826,256,656,0.347045874057
1467,10018,11216,3,339,60,256,49,5.67316088867
1468,10018,11418,0,339,15,256,11,9.24987617444
1469,10018,11109,0,339,5,256,5,9.62637323405
1470,10018,11371,4,339,71,256,65,6.31514887049
1471,10018,10460,4,339,42,256,22,8.37916477163
1472,10018,10048,0,339,86,256,65,3.12954023024
1473,10018,10128,5,339,51,256,40,2.91584948294
1474,10018,11375,7,339,44,256,27,8.10325437746
1475,10018,10023,4,339,210,256,134,1.55048159307
1476,10018,11211,4,339,352,256,256,3.60836055091
1477,10018,10011,11,339,437,256,352,1.03470120546
1478,10018,10025,2,339,143,256,65,3.27482774172
1479,10018,10032,3,339,65,256,28,6.50104335188
1480,10018,11232,2,339,125,256,24,6.89765346014
1481,10018,11377,2,339,46,256,33,4.77709598225
1482,10018,11361,2,339,19,256,11,11.5278029207
1483,10018,11206,1,339,90,256,63,4.50274093772
1484,10018,11430,6,339,187,256,143,12.6435522048
1485,10018,10021,5,339,62,256,45,1.95650556074
1486,10018,11201,7,339,234,256,176,4.13354677107
1487,10018,11238,2,339,109,256,64,5.41902719965
1488,10018,10016,12,339,162,256,110,1.03180656334
1489,10018,11218,3,339,26,256,19,7.68277319278
1490,10018,10301,2,339,45,256,32,10.0262889954
1491,10018,10452,2,339,54,256,34,6.86924169934
1492,10018,10314,6,339,51,256,30,12.9970592652
1493,10018,10461,1,339,50,256,20,10.1456338307
1494,10018,11101,4,339,193,256,96,2.92795429979
1495,10018,10029,3,339,50,256,38,3.54660351015
1496,10018,10467,3,339,33,256,22,10.3741782604
1497,10018,11208,0,339,43,256,13,8.52312049917
1498,10018,10024,6,339,101,256,71,2.32162167673
1499,10018,10005,3,339,65,256,41,3.47961311666
1500,10018,10030,1,339,39,256,26,5.07607182566
1501,10018,10002,3,339,258,256,186,2.6475016811
1502,10018,11385,1,339,56,256,31,6.38220968284
1503,10018,11220,2,339,38,256,23,7.93061844128
1504,10018,11215,3,339,123,256,95,6.05786622261
1505,10018,10038,5,339,174,256,85,3.1804771043
1506,10018,11217,3,339,92,256,71,5.10356320101
1507,10018,10462,6,339,104,256,58,9.27510881943
1508,10018,10040,2,339,80,256,27,7.91613780434
1509,10018,10457,2,339,28,256,16,8.04233401524
1510,10018,10017,14,339,277,256,161,1.12358048919
1511,10018,11433,3,339,18,256,12,11.5458428356
1512,10018,10308,0,339,8,256,8,16.317388262
1513,10018,10468,2,339,52,256,30,9.17227047033
1514,10018,10111,1,339,15,256,13,0.867813545247
1515,10018,10309,3,339,23,256,15,19.3674955181
1516,10018,10034,2,339,68,256,33,8.6668755291
1517,10018,10028,3,339,89,256,53,2.54593072864
1518,10018,10035,3,339,65,256,32,4.52575309954
1519,10018,11228,1,339,10,256,8,9.53899568467
1520,10018,11105,0,339,25,256,19,4.67030105789
1521,10018,11355,2,339,26,256,18,9.13673505632
1522,10018,11209,4,339,49,256,28,9.29243430268
1523,10018,11213,0,339,35,256,20,6.57663432196
1524,10018,11369,2,339,12,256,8,6.46852074228
1525,10018,10031,1,339,64,256,45,5.43471735577
1526,10018,11221,0,339,120,256,61,5.63852436965
1527,10018,11212,0,339,12,256,10,7.66723016205
1528,10018,11233,2,339,74,256,34,6.67142835162
1529,10018,11368,3,339,62,256,41,7.10509636335
1530,10018,11205,2,339,37,256,31,4.45244611735
1531,10018,10069,0,339,14,256,8,1.41404230677
1532,10018,11203,0,339,39,256,8,7.97355194389
1533,10018,10459,2,339,16,256,8,7.14923390169
1534,10018,11219,0,339,6,256,4,8.46462564038
1535,10018,11434,2,339,32,256,16,12.8401742865
1536,10018,11230,0,339,11,256,5,9.24289489351
1537,10018,11373,3,339,53,256,27,6.19321476815
1538,10018,11362,1,339,8,256,5,13.6538361215
1539,10018,10305,0,339,11,256,8,11.592746934
1540,10018,11104,1,339,8,256,6,3.9546744568
1541,10018,10004,6,339,168,256,99,4.60041127503
1542,10018,10275,1,339,13,256,7,1.96312776365
1543,10018,10118,2,339,4,256,3,0.555479306356
1544,10018,10026,1,339,57,256,43,3.86903325869
1545,10018,11235,2,339,19,256,14,12.0356073558
1546,10018,10469,0,339,44,256,12,10.953997435
1547,10018,10281,1,339,31,256,24,3.01289821941
1548,10018,11223,0,339,10,256,7,10.8869256057
1549,10018,11379,3,339,33,256,13,6.56869902821
1550,10018,10465,3,339,37,256,16,10.43081716
1551,10018,10455,0,339,20,256,11,6.13094419446
1552,10018,10466,0,339,16,256,11,12.1129980493
1553,10018,11239,0,339,4,256,2,9.63254401849
1554,10018,11207,2,339,86,256,31,7.80180004636
1555,10018,11367,3,339,35,256,17,9.20605656317
1556,10018,11106,0,339,21,256,19,3.28268417724
1557,10018,10471,2,339,19,256,15,11.1044264369
1558,10018,11234,1,339,50,256,15,10.1477263431
1559,10018,10167,1,339,11,256,4,0.96668042033
1560,10018,10453,2,339,21,256,16,7.98695160506
1561,10018,10451,3,339,20,256,12,5.8121348851
1562,10018,10033,3,339,86,256,31,7.15203112126
1563,10018,11354,2,339,38,256,25,8.88049253639
1564,10018,10463,4,339,36,256,16,9.78998617431
1565,10018,10169,1,339,4,256,4,0.909364454213
1566,10018,10456,3,339,21,256,12,6.80163828355
1567,10018,11420,0,339,8,256,7,10.9660726472
1568,10018,10153,0,339,6,256,5,1.23854798202
1569,10018,10307,0,339,6,256,3,21.5285375757
1570,10018,10306,1,339,17,256,8,14.3869056086
1571,10018,10165,1,339,2,256,2,0.782590771216
1572,10018,10303,2,339,11,256,7,12.4088167524
1573,10018,11224,1,339,22,256,13,12.317934651
1574,10018,10304,0,339,8,256,5,11.3546106986
1575,10018,10458,4,339,34,256,31,9.31079538104
1576,10018,11414,2,339,13,256,7,10.3388120016
1577,10018,11204,1,339,9,256,8,9.40605191455
1578,10018,11372,2,339,16,256,11,5.73198760594
1579,10018,11357,0,339,9,256,6,9.87065846366
1580,10018,10044,0,339,9,256,8,2.36994710125
1581,10018,11229,5,339,27,256,14,11.0975986071
1582,10018,11236,1,339,15,256,9,9.20427436359
1583,10018,10302,2,339,5,256,5,11.4106583928
1584,10018,11422,0,339,11,256,8,14.9882782968
1585,10018,10312,0,339,4,256,2,17.5032316139
1586,10018,10310,0,339,27,256,6,10.6377376072
1587,10018,11429,1,339,8,256,6,13.726831749
1588,10018,10152,0,339,2,256,2,1.13536737758
1589,10018,11214,1,339,10,256,6,10.7726293822
1590,10018,11435,3,339,41,256,23,10.3545989753
1591,10018,10039,2,339,8,256,7,5.72408591866
1592,10018,10121,0,339,1,256,1,0.384754195234
1593,10018,11413,2,339,14,256,7,13.9917247701
1594,10018,10473,2,339,14,256,9,8.2984000585
1595,10018,10454,2,339,19,256,10,5.35445288777
1596,10018,11416,2,339,5,256,5,8.99802034724
1597,10018,10280,0,339,5,256,3,3.52815867066
1598,10018,11694,0,339,5,256,4,14.5213040939
1599,10018,11358,0,339,6,256,4,10.3564774481
1600,10018,11421,1,339,4,256,4,8.36290442911
1601,10018,11412,0,339,4,256,4,12.9119874724
1602,10018,10174,0,339,2,256,2,0.984668237187
1603,10018,11417,1,339,3,256,3,9.54059961335
1604,10018,11427,2,339,5,256,4,13.0197924616
1605,10018,11411,0,339,4,256,2,14.1760835395
1606,10018,11374,3,339,10,256,9,7.25727383294
1607,10018,10096,0,339,2,256,2,1.96312776365
1608,10018,10006,1,339,19,256,18,3.42254119112
1609,10018,10037,2,339,15,256,10,5.01781141148
1610,10018,11370,1,339,8,256,4,5.42400602504
1611,10018,10475,3,339,15,256,11,12.249886295
1612,10018,11225,1,339,17,256,13,6.672569178
1613,10018,10282,0,339,10,256,9,2.83856966279
1614,10018,11426,2,339,12,256,5,14.3769089824
1615,10018,11378,2,339,18,256,7,5.21708099684
1616,10018,10107,0,339,1,256,1,0.960607391417
1617,10018,11251,0,339,4,256,3,8.00360101077
1618,10018,11436,2,339,6,256,3,11.7322407923
1619,10018,11360,2,339,10,256,5,11.3264347368
1620,10018,11356,0,339,2,256,2,8.12844340176
1621,10018,10474,1,339,8,256,7,6.8470659409
1622,10018,11697,0,339,1,256,1,14.1640743372
1623,10018,10172,0,339,2,256,2,0.992092438247
1624,10018,11691,0,339,4,256,3,16.2879489893
1625,10018,10470,1,339,6,256,4,12.2140458147
1626,10018,11366,0,339,7,256,5,10.6002315338
1627,10018,10041,0,339,2,256,2,3.69786516141
1628,10018,10278,0,339,1,256,1,2.7734823735
1629,10018,10106,0,339,4,256,1,0.974753962746
1630,10018,11428,0,339,2,256,2,13.4518053634
1631,10018,10286,0,339,1,256,1,2.98305276415
1632,10018,10279,0,339,1,256,1,3.00851296869
1633,10018,10103,0,339,1,256,1,0.907791637168
1634,10018,10196,0,339,1,256,1,1.96312776365
1635,10018,10154,0,339,1,256,1,1.10424380998
1636,10018,10119,2,339,2,256,2,0.296197557172
1637,10018,10464,0,339,5,256,4,12.8158468183
1638,10018,10166,0,339,2,256,2,0.899645794367
1639,10018,10203,0,339,1,256,1,1.96312776365
1640,10018,11359,0,339,2,256,2,11.6594678563
1641,10018,10177,0,339,1,256,1,0.90687433959
1642,10018,11040,0,339,1,256,1,16.5212710846
1643,10018,11364,0,339,2,256,2,12.263002779
1644,10018,11692,0,339,2,256,2,15.2666044092
1645,10018,11423,0,339,1,256,1,12.1480588424
1646,10018,11415,0,339,2,256,2,9.21102026731
1647,10018,10175,0,339,2,256,1,0.71510907513
1648,10001,10012,20,670,445,468,357,1.71265815031
1649,10001,11222,2,670,110,468,71,3.16103569925
1650,10001,11231,2,670,65,468,44,4.9741805846
1651,10001,10019,21,670,637,468,440,1.18161404546
1652,10001,11102,4,670,35,468,30,4.03046678225
1653,10001,10003,25,670,493,468,400,1.31334501363
1654,10001,10020,5,670,143,468,116,1.01473428349
1655,10001,10018,24,670,339,468,256,0.343461543883
1656,10001,10001,468,670,670,468,468,0.0
1657,10001,11365,2,670,21,468,9,10.7596986084
1658,10001,10007,42,670,1780,468,1042,2.54575146008
1659,10001,10022,18,670,228,468,164,1.63557512051
1660,10001,10013,10,670,745,468,406,2.12530338779
1661,10001,10472,2,670,23,468,8,8.67980426849
1662,10001,11226,20,670,195,468,123,7.59055393896
1663,10001,10027,3,670,141,468,83,4.79632837627
1664,10001,11210,6,670,34,468,20,8.88666834457
1665,10001,11693,0,670,6,468,6,14.1005163386
1666,10001,11432,4,670,49,468,36,10.9654493245
1667,10001,11103,6,670,35,468,26,4.57107545043
1668,10001,11237,2,670,64,468,53,5.18272386592
1669,10001,10010,19,670,218,468,181,1.10972175571
1670,10001,10014,14,670,397,468,286,1.19807358431
1671,10001,10009,3,670,135,468,91,1.88269602027
1672,10001,10036,37,670,826,468,656,0.690506956819
1673,10001,11216,5,670,60,468,49,5.47617366745
1674,10001,11418,1,670,15,468,11,9.27979095998
1675,10001,11109,0,670,5,468,5,9.51939955661
1676,10001,11371,3,670,71,468,65,6.53940741987
1677,10001,10460,5,670,42,468,22,8.70966768821
1678,10001,10048,2,670,86,468,65,2.79238666105
1679,10001,10128,5,670,51,468,40,3.2373265523
1680,10001,11375,10,670,44,468,27,8.18039301654
1681,10001,10023,6,670,210,468,134,1.89119170597
1682,10001,11211,7,670,352,468,256,3.46900871996
1683,10001,10011,24,670,437,468,352,0.697328699589
1684,10001,10025,3,670,143,468,65,3.61710136828
1685,10001,10032,4,670,65,468,28,6.84364016806
1686,10001,11232,3,670,125,468,24,6.58566979039
1687,10001,11377,4,670,46,468,33,4.89814626283
1688,10001,11361,4,670,19,468,11,11.7119827743
1689,10001,11206,1,670,90,468,63,4.36837520029
1690,10001,11430,7,670,187,468,143,12.6130537884
1691,10001,10021,5,670,62,468,45,2.25204429993
1692,10001,11201,16,670,234,468,176,3.84658409997
1693,10001,11238,2,670,109,468,64,5.18741086382
1694,10001,10016,14,670,162,468,110,1.04258076998
1695,10001,11218,3,670,26,468,19,7.40661230807
1696,10001,10301,2,670,45,468,32,9.68334428709
1697,10001,10452,2,670,54,468,34,7.21192832484
1698,10001,10314,9,670,51,468,30,12.6579546936
1699,10001,10461,2,670,50,468,20,10.4593643489
1700,10001,11101,10,670,193,468,96,3.03831523982
1701,10001,10029,4,670,50,468,38,3.87807692338
1702,10001,10467,3,670,33,468,22,10.7126946748
1703,10001,11208,0,670,43,468,13,8.45273521298
1704,10001,10024,2,670,101,468,71,2.66266385402
1705,10001,10005,4,670,65,468,41,3.15015596355
1706,10001,10030,1,670,39,468,26,5.41931234954
1707,10001,10002,6,670,258,468,186,2.37871259122
1708,10001,11385,2,670,56,468,31,6.35949793773
1709,10001,11220,2,670,38,468,23,7.60951432424
1710,10001,11215,7,670,123,468,95,5.77193352912
1711,10001,10038,7,670,174,468,85,2.85812746233
1712,10001,11217,7,670,92,468,71,4.83781736476
1713,10001,10462,12,670,104,468,58,9.59713918295
1714,10001,10040,3,670,80,468,27,8.25900055533
1715,10001,10457,3,670,28,468,16,8.38150281989
1716,10001,10017,18,670,277,468,161,1.27470185056
1717,10001,11433,3,670,18,468,12,11.6012804977
1718,10001,10308,0,670,8,468,8,15.9740788327
1719,10001,10468,2,670,52,468,30,9.51504849937
1720,10001,10111,2,670,15,468,13,1.14652299961
1721,10001,10309,3,670,23,468,15,19.0272672547
1722,10001,10034,2,670,68,468,33,9.01001153626
1723,10001,10028,5,670,89,468,53,2.86058135447
1724,10001,10035,3,670,65,468,32,4.8583704643
1725,10001,11228,1,670,10,468,8,9.22399794226
1726,10001,11105,1,670,25,468,19,4.92202700202
1727,10001,11355,2,670,26,468,18,9.29499036665
1728,10001,11209,6,670,49,468,28,8.96467541767
1729,10001,11213,1,670,35,468,20,6.3954151053
1730,10001,11369,3,670,12,468,8,6.66498665518
1731,10001,10031,2,670,64,468,45,5.77760915398
1732,10001,11221,0,670,120,468,61,5.5161339417
1733,10001,11212,1,670,12,468,10,7.51296360602
1734,10001,11233,0,670,74,468,34,6.53341361256
1735,10001,11368,4,670,62,468,41,7.25404532355
1736,10001,11205,2,670,37,468,31,4.23132610163
1737,10001,10069,0,670,14,468,8,1.73585909851
1738,10001,11203,0,670,39,468,8,7.76826912128
1739,10001,10459,1,670,16,468,8,7.47601783692
1740,10001,11219,0,670,6,468,4,8.16246308515
1741,10001,11434,2,670,32,468,16,12.8651464655
1742,10001,11230,0,670,11,468,5,8.9762478081
1743,10001,11373,4,670,53,468,27,6.30032705503
1744,10001,11362,2,670,8,468,5,13.8302046299
1745,10001,10305,0,670,11,468,8,11.2520168243
1746,10001,11104,1,670,8,468,6,4.07124394848
1747,10001,10004,9,670,168,468,99,4.25795084297
1748,10001,10275,1,670,13,468,7,2.30612178778
1749,10001,10118,3,670,4,468,3,0.541607737052
1750,10001,10026,1,670,57,468,43,4.21213723447
1751,10001,11235,2,670,19,468,14,11.77357832
1752,10001,10469,0,670,44,468,12,11.28546374
1753,10001,10281,1,670,31,468,24,2.67213811354
1754,10001,11223,0,670,10,468,7,10.606400291
1755,10001,11379,3,670,33,468,13,6.60555287734
1756,10001,10465,3,670,37,468,16,10.719797451
1757,10001,10455,0,670,20,468,11,6.4580697001
1758,10001,10466,0,670,16,468,11,12.4509926699
1759,10001,11239,0,670,4,468,2,9.50586542336
1760,10001,11207,3,670,86,468,31,7.69538145748
1761,10001,11367,5,670,35,468,17,9.31494906463
1762,10001,11106,0,670,21,468,19,3.50123198259
1763,10001,10471,3,670,19,468,15,11.4471598815
1764,10001,11234,2,670,50,468,15,9.93373746016
1765,10001,10167,2,670,11,468,4,1.16753019677
1766,10001,10453,1,670,21,468,16,8.3298565761
1767,10001,10451,4,670,20,468,12,6.14963729362
1768,10001,10033,6,670,86,468,31,7.49487018922
1769,10001,11354,4,670,38,468,25,9.08022533999
1770,10001,10463,4,670,36,468,16,10.1333312425
1771,10001,10169,1,670,4,468,4,1.10440725862
1772,10001,10456,3,670,21,468,12,7.13802124492
1773,10001,11420,0,670,8,468,7,10.9587428063
1774,10001,10153,0,670,6,468,5,1.539717758
1775,10001,10307,0,670,6,468,3,21.1893008366
1776,10001,10306,1,670,17,468,8,14.0436150427
1777,10001,10165,1,670,2,468,2,0.931797160528
1778,10001,10303,2,670,11,468,7,12.0805331529
1779,10001,11224,0,670,22,468,13,12.0195041126
1780,10001,10304,1,670,8,468,5,11.0114368576
1781,10001,10458,4,670,34,468,31,9.65166782972
1782,10001,11414,2,670,13,468,7,10.2765366581
1783,10001,11204,1,670,9,468,8,9.11541220539
1784,10001,11372,2,670,16,468,11,5.88793540238
1785,10001,11357,0,670,9,468,6,10.0982942689
1786,10001,10044,1,670,9,468,8,2.60723173045
1787,10001,11229,5,670,27,468,14,10.84972637
1788,10001,11236,2,670,15,468,9,9.03586022676
1789,10001,10302,2,670,5,468,5,11.0757421506
1790,10001,11422,0,670,11,468,8,15.014534616
1791,10001,10312,0,670,4,468,2,17.1608518782
1792,10001,10310,0,670,27,468,6,10.2979559232
1793,10001,11429,1,670,8,468,6,13.8225939761
1794,10001,10152,0,670,2,468,2,1.38588094921
1795,10001,11214,1,670,10,468,6,10.470908012
1796,10001,11435,4,670,41,468,23,10.4044933216
1797,10001,10039,2,670,8,468,7,6.06731993511
1798,10001,10121,1,670,1,468,1,0.255136534593
1799,10001,11413,2,670,14,468,7,14.0209173079
1800,10001,10473,2,670,14,468,9,8.59966438126
1801,10001,10454,2,670,19,468,10,5.6781312738
1802,10001,11416,2,670,5,468,5,8.97764327193
1803,10001,10280,0,670,5,468,3,3.18799191827
1804,10001,11694,0,670,5,468,4,14.3571057996
1805,10001,11358,1,670,6,468,4,10.5375002057
1806,10001,11421,1,670,4,468,4,8.35142948998
1807,10001,11412,0,670,4,468,4,12.9814112441
1808,10001,10174,0,670,2,468,2,1.12316868106
1809,10001,11417,1,670,3,468,3,9.50954543887
1810,10001,11427,2,670,5,468,4,13.145472369
1811,10001,11411,0,670,4,468,2,14.2486239357
1812,10001,11374,3,670,10,468,9,7.33782694288
1813,10001,10096,0,670,2,468,2,2.30612178778
1814,10001,10006,3,670,19,468,18,3.08602652547
1815,10001,10037,4,670,15,468,10,5.35826791153
1816,10001,11370,1,670,8,468,4,5.62652799248
1817,10001,10475,3,670,15,468,11,12.5786876246
1818,10001,11225,1,670,17,468,13,6.44057336508
1819,10001,10282,1,670,10,468,9,2.49728957821
1820,10001,11426,2,670,12,468,5,14.5126802607
1821,10001,11378,2,670,18,468,7,5.25631066981
1822,10001,10107,0,670,1,468,1,1.30235678568
1823,10001,11251,0,670,4,468,3,7.77512230504
1824,10001,11436,2,670,6,468,3,11.740259834
1825,10001,11360,3,670,10,468,5,11.5401326606
1826,10001,11356,0,670,2,468,2,8.37006274672
1827,10001,10474,1,670,8,468,7,7.15920820078
1828,10001,11697,0,670,1,468,1,13.9327992083
1829,10001,10172,0,670,2,468,2,1.20311686615
1830,10001,11691,0,670,4,468,3,16.2192808313
1831,10001,10470,1,670,6,468,4,12.5558051847
1832,10001,11366,2,670,7,468,5,10.7117178392
1833,10001,10041,1,670,2,468,2,3.36750781801
1834,10001,10278,0,670,1,468,1,2.4477206411
1835,10001,10106,0,670,4,468,1,1.30925161283
1836,10001,11428,0,670,2,468,2,13.5651044572
1837,10001,10286,0,670,1,468,1,2.64529386691
1838,10001,10279,0,670,1,468,1,2.67571953745
1839,10001,10103,1,670,1,468,1,1.20560710548
1840,10001,10196,0,670,1,468,1,2.30612178778
1841,10001,10154,0,670,1,468,1,1.34809550639
1842,10001,10119,2,670,2,468,2,0.191094968006
1843,10001,10464,0,670,5,468,4,13.1206868617
1844,10001,10166,0,670,2,468,2,1.09742796189
1845,10001,10203,0,670,1,468,1,2.30612178778
1846,10001,11359,1,670,2,468,2,11.891257834
1847,10001,10177,0,670,1,468,1,1.11860525265
1848,10001,11040,0,670,1,468,1,16.6749607854
1849,10001,11364,0,670,2,468,2,12.4186847153
1850,10001,11692,0,670,2,468,2,15.1628382889
1851,10001,11423,0,670,1,468,1,12.2444816934
1852,10001,11415,0,670,2,468,2,9.26362620918
1853,10001,10175,0,670,2,468,1,0.912580128978
1854,11365,10012,2,21,445,9,357,10.8632894083
1855,11365,11222,2,21,110,9,71,8.10456698776
1856,11365,11231,2,21,65,9,44,11.8049587
1857,11365,10019,3,21,637,9,440,10.3204792428
1858,11365,11102,2,21,35,9,30,7.3026326314
1859,11365,10003,0,21,493,9,400,10.3632988175
1860,11365,10020,0,21,143,9,116,9.96655690533
1861,11365,10018,2,21,339,9,256,10.6212688081
1862,11365,10001,2,21,670,9,468,10.7596986084
1863,11365,11365,9,21,21,9,9,0.0
1864,11365,10007,4,21,1780,9,1042,11.4156791861
1865,11365,10022,3,21,228,9,164,9.2988529395
1866,11365,10013,0,21,745,9,406,11.2608878596
1867,11365,10472,2,21,23,9,8,7.47257938338
1868,11365,11226,2,21,195,9,123,10.7477485433
1869,11365,10027,2,21,141,9,83,9.94324016246
1870,11365,11210,2,21,34,9,20,11.1201262635
1871,11365,11693,0,21,6,9,6,9.90730122048
1872,11365,11432,1,21,49,9,36,1.71501387049
1873,11365,11103,3,21,35,9,26,6.45104620188
1874,11365,11237,2,21,64,9,53,7.14754763524
1875,11365,10010,2,21,218,9,181,9.97002236392
1876,11365,10014,2,21,397,9,286,11.1955732337
1877,11365,10009,0,21,135,9,91,9.82623427466
1878,11365,10036,2,21,826,9,656,10.4917128907
1879,11365,11216,2,21,60,9,49,9.14150344847
1880,11365,11418,0,21,15,9,11,3.54539339532
1881,11365,11109,0,21,5,9,5,7.32258283687
1882,11365,11371,2,21,71,9,65,4.91737848049
1883,11365,10460,3,21,42,9,22,8.42237292805
1884,11365,10048,0,21,86,9,65,11.706502139
1885,11365,10128,3,21,51,9,40,8.81769750701
1886,11365,11375,2,21,44,9,27,3.09436360949
1887,11365,10023,3,21,210,9,134,10.3316960364
1888,11365,11211,2,21,352,9,256,8.713598609
1889,11365,10011,2,21,437,9,352,10.9191577388
1890,11365,10025,1,21,143,9,65,10.1063842941
1891,11365,10032,2,21,65,9,28,10.5205686936
1892,11365,11232,3,21,125,9,24,12.5432903749
1893,11365,11377,2,21,46,9,33,5.86747020036
1894,11365,11361,2,21,19,9,11,1.92254720032
1895,11365,11206,0,21,90,9,63,8.31018004879
1896,11365,11430,2,21,187,9,143,6.10709109182
1897,11365,10021,2,21,62,9,45,9.06491060735
1898,11365,11201,3,21,234,9,176,10.7724297998
1899,11365,11238,0,21,109,9,64,9.82922323389
1900,11365,10016,2,21,162,9,110,9.74807588092
1901,11365,11218,2,21,26,9,19,11.6494142204
1902,11365,10301,2,21,45,9,32,17.514174438
1903,11365,10452,3,21,54,9,34,9.69799646154
1904,11365,10314,3,21,51,9,30,20.6830438212
1905,11365,10461,1,21,50,9,20,7.56832279555
1906,11365,11101,3,21,193,9,96,7.72632454808
1907,11365,10029,3,21,50,9,38,8.84111385692
1908,11365,10467,3,21,33,9,22,10.0499558776
1909,11365,11208,0,21,43,9,13,6.22573266288
1910,11365,10024,0,21,101,9,71,10.2425993887
1911,11365,10005,2,21,65,9,41,11.5906303793
1912,11365,10030,1,21,39,9,26,9.63984161094
1913,11365,10002,0,21,258,9,186,10.3429328519
1914,11365,11385,1,21,56,9,31,5.84150532439
1915,11365,11220,2,21,38,9,23,13.5385708006
1916,11365,11215,3,21,123,9,95,11.2953809325
1917,11365,10038,2,21,174,9,85,11.2887298872
1918,11365,11217,0,21,92,9,71,10.5131540146
1919,11365,10462,2,21,104,9,58,7.92934990798
1920,11365,10040,2,21,80,9,27,10.9286270987
1921,11365,10457,3,21,28,9,16,9.30044577092
1922,11365,10017,2,21,277,9,161,9.50148802905
1923,11365,11433,2,21,18,9,12,2.9394011779
1924,11365,10308,0,21,8,9,8,22.8783589293
1925,11365,10468,2,21,52,9,30,10.472905191
1926,11365,10111,0,21,15,9,13,9.84257123672
1927,11365,10309,2,21,23,9,15,26.4213646227
1928,11365,10034,1,21,68,9,33,11.1271114481
1929,11365,10028,2,21,89,9,53,8.89170537867
1930,11365,10035,3,21,65,9,32,8.61673544666
1931,11365,11228,1,21,10,9,8,14.2570931283
1932,11365,11105,1,21,25,9,19,6.56970215694
1933,11365,11355,2,21,26,9,18,1.60581784755
1934,11365,11209,2,21,49,9,28,14.808173819
1935,11365,11213,0,21,35,9,20,8.83401694109
1936,11365,11369,2,21,12,9,8,4.43254169131
1937,11365,10031,1,21,64,9,45,10.1868583459
1938,11365,11221,0,21,120,9,61,7.78208026297
1939,11365,11212,0,21,12,9,10,8.28140355094
1940,11365,11233,0,21,74,9,34,7.90213725574
1941,11365,11368,2,21,62,9,41,3.52387350115
1942,11365,11205,0,21,37,9,31,9.60381716644
1943,11365,10069,0,21,14,9,8,10.7109023169
1944,11365,11203,0,21,39,9,8,9.65927019199
1945,11365,10459,1,21,16,9,8,7.98424727127
1946,11365,11219,0,21,6,9,4,13.0032274718
1947,11365,11434,3,21,32,9,16,4.5383807081
1948,11365,11230,0,21,11,9,5,12.0773187537
1949,11365,11373,3,21,53,9,27,4.51563046088
1950,11365,11362,1,21,8,9,5,3.40361565859
1951,11365,10305,0,21,11,9,8,17.7272610063
1952,11365,11104,0,21,8,9,6,6.69457435562
1953,11365,10004,3,21,168,9,99,13.3619886262
1954,11365,10275,0,21,13,9,7,10.1301322578
1955,11365,10118,0,21,4,9,3,10.2244661782
1956,11365,10026,0,21,57,9,43,9.60216720558
1957,11365,11235,2,21,19,9,14,13.5524372512
1958,11365,10469,0,21,44,9,12,9.40445697906
1959,11365,10281,0,21,31,9,24,11.8192656485
1960,11365,11223,0,21,10,9,7,13.5677095558
1961,11365,11379,2,21,33,9,13,4.84178567145
1962,11365,10465,3,21,37,9,16,6.13241674227
1963,11365,10455,1,21,20,9,11,8.04378172789
1964,11365,10466,0,21,16,9,11,10.8744743127
1965,11365,11239,1,21,4,9,2,7.88841239067
1966,11365,11207,2,21,86,9,31,7.13162239392
1967,11365,11367,2,21,35,9,17,1.69906898077
1968,11365,11106,0,21,21,9,19,7.48470974502
1969,11365,10471,2,21,19,9,15,12.601494954
1970,11365,11234,1,21,50,9,15,10.7392682264
1971,11365,10167,0,21,11,9,4,9.65859150556
1972,11365,10453,1,21,21,9,16,10.0771546355
1973,11365,10451,2,21,20,9,12,8.8142991734
1974,11365,10033,3,21,86,9,31,10.6545531225
1975,11365,11354,3,21,38,9,25,2.64109827295
1976,11365,10463,3,21,36,9,16,11.5219695175
1977,11365,10169,0,21,4,9,4,9.71343147056
1978,11365,10456,2,21,21,9,12,8.74532602835
1979,11365,11420,0,21,8,9,7,4.6924470284
1980,11365,10153,0,21,6,9,5,9.6292531767
1981,11365,10307,0,21,6,9,3,28.5936997244
1982,11365,10306,0,21,17,9,8,20.7364248403
1983,11365,10165,0,21,2,9,2,9.84703508439
1984,11365,10303,2,21,11,9,7,20.8678896024
1985,11365,11224,0,21,22,9,13,15.3495205924
1986,11365,10304,0,21,8,9,5,18.0736658183
1987,11365,10458,2,21,34,9,31,10.0168169255
1988,11365,11414,2,21,13,9,7,6.187747656
1989,11365,11204,0,21,9,9,8,13.0773157446
1990,11365,11372,1,21,16,9,11,4.90170072288
1991,11365,11357,0,21,9,9,6,3.26374722715
1992,11365,10044,0,21,9,9,8,8.39678677998
1993,11365,11229,2,21,27,9,14,12.4223515449
1994,11365,11236,1,21,15,9,9,8.97047135668
1995,11365,10302,3,21,5,9,5,19.5934693249
1996,11365,11422,1,21,11,9,8,6.0637147841
1997,11365,10312,0,21,4,9,2,24.2989667683
1998,11365,10310,0,21,27,9,6,18.5194948597
1999,11365,11429,1,21,8,9,6,3.47664079699
2000,11365,10152,0,21,2,9,2,9.54976386748
2001,11365,11214,0,21,10,9,6,14.4293516297
2002,11365,11435,3,21,41,9,23,2.84267337429
2003,11365,10039,2,21,8,9,7,9.69806822192
2004,11365,10121,0,21,1,9,1,10.5113404785
2005,11365,11413,2,21,14,9,7,5.20865531416
2006,11365,10473,2,21,14,9,9,6.51220863875
2007,11365,10454,2,21,19,9,10,7.98794956372
2008,11365,11416,2,21,5,9,5,4.90958783551
2009,11365,10280,0,21,5,9,3,12.0470594245
2010,11365,11694,0,21,5,9,4,11.5803593471
2011,11365,11358,0,21,6,9,4,1.50121951058
2012,11365,11421,1,21,4,9,4,4.80613835361
2013,11365,11412,0,21,4,9,4,3.35385624399
2014,11365,10174,0,21,2,9,2,9.64720738374
2015,11365,11417,0,21,3,9,3,5.17851108586
2016,11365,11427,2,21,5,9,4,2.4391749278
2017,11365,11411,0,21,4,9,2,4.31117043049
2018,11365,11374,2,21,10,9,9,3.73949933589
2019,11365,10096,0,21,2,9,2,10.1301322578
2020,11365,10006,0,21,19,9,18,11.8154243443
2021,11365,10037,2,21,15,9,10,9.13619390761
2022,11365,11370,0,21,8,9,4,5.42482331136
2023,11365,10475,2,21,15,9,11,9.78586213407
2024,11365,11225,1,21,17,9,13,10.0418655571
2025,11365,10282,0,21,10,9,9,11.7627554085
2026,11365,11426,2,21,12,9,5,3.75607757803
2027,11365,11378,3,21,18,9,7,5.89668868431
2028,11365,10107,0,21,1,9,1,10.1812442253
2029,11365,11251,0,21,4,9,3,10.319514953
2030,11365,11436,2,21,6,9,3,4.48092957496
2031,11365,11360,2,21,10,9,5,2.92593312246
2032,11365,11356,0,21,2,9,2,4.19605178094
2033,11365,10474,1,21,8,9,7,7.16295809616
2034,11365,11697,0,21,1,9,1,13.7816365849
2035,11365,10172,0,21,2,9,2,9.63857723852
2036,11365,11691,0,21,4,9,3,9.73926152434
2037,11365,10470,1,21,6,9,4,11.7199910928
2038,11365,11366,0,21,7,9,5,0.899649155369
2039,11365,10041,0,21,2,9,2,11.7103972254
2040,11365,10278,0,21,1,9,1,11.2366156372
2041,11365,10106,0,21,4,9,1,10.0482071161
2042,11365,11428,0,21,2,9,2,2.97247686348
2043,11365,10286,0,21,1,9,1,11.664293354
2044,11365,10279,0,21,1,9,1,11.5040220316
2045,11365,10103,0,21,1,9,1,9.86476223102
2046,11365,10196,0,21,1,9,1,10.1301322578
2047,11365,10154,0,21,1,9,1,9.56665838686
2048,11365,10119,0,21,2,9,2,10.5696538148
2049,11365,10464,0,21,5,9,4,8.14631297098
2050,11365,10166,0,21,2,9,2,9.72368118938
2051,11365,10203,0,21,1,9,1,10.1301322578
2052,11365,11359,0,21,2,9,2,3.79893180044
2053,11365,10177,0,21,1,9,1,9.72181270558
2054,11365,11040,0,21,1,9,1,5.94411544384
2055,11365,11364,0,21,2,9,2,1.76969605044
2056,11365,11692,0,21,2,9,2,10.0790481131
2057,11365,11423,0,21,1,9,1,2.11601340663
2058,11365,11415,0,21,2,9,2,2.96725526175
2059,11365,10175,0,21,2,9,1,9.90643819271
2060,10007,10012,21,1780,445,1042,357,0.902634840491
2061,10007,11222,1,1780,110,1042,71,3.33170406755
2062,10007,11231,2,1780,65,1042,44,2.49299362797
2063,10007,10019,23,1780,637,1042,440,3.69475652334
2064,10007,11102,4,1780,35,1042,30,5.83131596714
2065,10007,10003,19,1780,493,1042,400,1.54273988374
2066,10007,10020,7,1780,143,1042,116,3.34445542797
2067,10007,10018,18,1780,339,1042,256,2.87725765831
2068,10007,10001,42,1780,670,1042,468,2.54575146008
2069,10007,11365,4,1780,21,1042,9,11.4156791861
2070,10007,10007,1042,1780,1780,1042,1042,0.0
2071,10007,10022,15,1780,228,1042,164,3.70286163402
2072,10007,10013,17,1780,745,1042,406,0.420592054706
2073,10007,10472,2,1780,23,1042,8,10.8016082898
2074,10007,11226,23,1780,195,1042,123,5.51062060139
2075,10007,10027,5,1780,141,1042,83,7.29051542665
2076,10007,11210,6,1780,34,1042,20,6.81054145958
2077,10007,11693,0,1780,6,1042,6,12.7701624244
2078,10007,11432,8,1780,49,1042,36,11.23438966
2079,10007,11103,2,1780,35,1042,26,6.0509638187
2080,10007,11237,3,1780,64,1042,53,4.64993948286
2081,10007,10010,13,1780,218,1042,181,2.13272675248
2082,10007,10014,19,1780,397,1042,286,1.38113222019
2083,10007,10009,1,1780,135,1042,91,1.72470603707
2084,10007,10036,38,1780,826,1042,656,3.21494977599
2085,10007,11216,8,1780,60,1042,49,3.90013042447
2086,10007,11418,1,1780,15,1042,11,9.18256533472
2087,10007,11109,0,1780,5,1042,5,8.39542700305
2088,10007,11371,4,1780,71,1042,65,7.98253667992
2089,10007,10460,5,1780,42,1042,22,10.9590612115
2090,10007,10048,10,1780,86,1042,65,0.323226459072
2091,10007,10128,5,1780,51,1042,40,5.50946220116
2092,10007,11375,10,1780,44,1042,27,8.48262342762
2093,10007,10023,9,1780,210,1042,134,4.42180257316
2094,10007,11211,11,1780,352,1042,256,2.78568414978
2095,10007,10011,11,1780,437,1042,352,1.84969609786
2096,10007,10025,6,1780,143,1042,65,6.1322240831
2097,10007,10032,4,1780,65,1042,28,9.34754096374
2098,10007,11232,2,1780,125,1042,24,4.09292505675
2099,10007,11377,3,1780,46,1042,33,5.7660223688
2100,10007,11361,3,1780,19,1042,11,12.6919135737
2101,10007,11206,3,1780,90,1042,63,3.48467330712
2102,10007,11430,9,1780,187,1042,143,11.9633751492
2103,10007,10021,5,1780,62,1042,45,4.44246456442
2104,10007,11201,20,1780,234,1042,176,1.64678967249
2105,10007,11238,5,1780,109,1042,64,3.34650707781
2106,10007,10016,10,1780,162,1042,110,2.66827132992
2107,10007,11218,4,1780,26,1042,19,5.11484112319
2108,10007,10301,4,1780,45,1042,32,7.32990724265
2109,10007,10452,6,1780,54,1042,34,9.64469005207
2110,10007,10314,10,1780,51,1042,30,10.4156895679
2111,10007,10461,4,1780,50,1042,20,12.5223950145
2112,10007,11101,14,1780,193,1042,96,4.15307376371
2113,10007,10029,6,1780,50,1042,38,6.20548155134
2114,10007,10467,5,1780,33,1042,22,13.053071979
2115,10007,11208,1,1780,43,1042,13,7.6488565388
2116,10007,10024,9,1780,101,1042,71,5.18942890068
2117,10007,10005,4,1780,65,1042,41,0.607011890148
2118,10007,10030,3,1780,39,1042,26,7.87859084735
2119,10007,10002,9,1780,258,1042,186,1.07274648284
2120,10007,11385,5,1780,56,1042,31,6.05876154289
2121,10007,11220,4,1780,38,1042,23,5.07888307615
2122,10007,11215,4,1780,123,1042,95,3.45199837808
2123,10007,10038,13,1780,174,1042,85,0.397072607447
2124,10007,11217,3,1780,92,1042,71,2.73142125791
2125,10007,10462,19,1780,104,1042,58,11.7495805344
2126,10007,10040,5,1780,80,1042,27,10.7560661852
2127,10007,10457,5,1780,28,1042,16,10.7424115795
2128,10007,10017,25,1780,277,1042,161,3.16504670627
2129,10007,11433,3,1780,18,1042,12,11.6138239826
2130,10007,10308,0,1780,8,1042,8,13.5735676501
2131,10007,10468,3,1780,52,1042,30,11.9427758342
2132,10007,10111,1,1780,15,1042,13,3.43678706874
2133,10007,10309,3,1780,23,1042,15,16.7353226627
2134,10007,10034,5,1780,68,1042,33,11.4991936871
2135,10007,10028,5,1780,89,1042,53,5.10731708548
2136,10007,10035,4,1780,65,1042,32,7.17587498813
2137,10007,11228,1,1780,10,1042,8,6.71045485573
2138,10007,11105,1,1780,25,1042,19,6.64252551628
2139,10007,11355,2,1780,26,1042,18,10.1444444191
2140,10007,11209,4,1780,49,1042,28,6.42026809583
2141,10007,11213,2,1780,35,1042,20,4.86708835618
2142,10007,11369,2,1780,12,1042,8,7.90520331394
2143,10007,10031,1,1780,64,1042,45,8.27835909708
2144,10007,11221,1,1780,120,1042,61,4.54481132194
2145,10007,11212,1,1780,12,1042,10,6.12335503444
2146,10007,11233,2,1780,74,1042,34,5.33623965195
2147,10007,11368,4,1780,62,1042,41,8.12495812257
2148,10007,11205,3,1780,37,1042,31,2.61810662928
2149,10007,10069,1,1780,14,1042,8,4.28083203284
2150,10007,11203,1,1780,39,1042,8,5.97734159181
2151,10007,10459,1,1780,16,1042,8,9.6981420224
2152,10007,11219,0,1780,6,1042,4,5.70809466389
2153,10007,11434,2,1780,32,1042,16,12.6198180898
2154,10007,11230,0,1780,11,1042,5,6.72152980282
2155,10007,11373,5,1780,53,1042,27,6.93862597904
2156,10007,11362,2,1780,8,1042,5,14.7111268309
2157,10007,10305,0,1780,11,1042,8,8.74492468975
2158,10007,11104,3,1780,8,1042,6,5.02181456086
2159,10007,10004,8,1780,168,1042,99,2.08083083357
2160,10007,10275,1,1780,13,1042,7,4.8189012258
2161,10007,10118,1,1780,4,1042,3,2.60171130574
2162,10007,10026,5,1780,57,1042,43,6.67407032075
2163,10007,11235,1,1780,19,1042,14,9.51977732531
2164,10007,10469,2,1780,44,1042,12,13.5293865154
2165,10007,10281,1,1780,31,1042,24,0.406872752583
2166,10007,11223,0,1780,10,1042,7,8.2530051414
2167,10007,11379,3,1780,33,1042,13,6.71891122951
2168,10007,10465,4,1780,37,1042,16,12.5563878355
2169,10007,10455,2,1780,20,1042,11,8.69678581099
2170,10007,10466,0,1780,16,1042,11,14.7773868526
2171,10007,11239,0,1780,4,1042,2,8.23604396187
2172,10007,11207,3,1780,86,1042,31,6.66121794591
2173,10007,11367,5,1780,35,1042,17,9.79889636955
2174,10007,11106,1,1780,21,1042,19,5.14160952932
2175,10007,10471,5,1780,19,1042,15,13.9437209051
2176,10007,11234,2,1780,50,1042,15,8.01804031651
2177,10007,10167,4,1780,11,1042,4,3.24445757604
2178,10007,10453,2,1780,21,1042,16,10.7650612548
2179,10007,10451,4,1780,20,1042,12,8.50370103378
2180,10007,10033,4,1780,86,1042,31,9.99349637432
2181,10007,11354,8,1780,38,1042,25,10.2456375275
2182,10007,10463,4,1780,36,1042,16,12.6125360619
2183,10007,10169,1,1780,4,1042,4,3.1907639361
2184,10007,10456,3,1780,21,1042,12,9.46918223427
2185,10007,11420,0,1780,8,1042,7,10.5241936118
2186,10007,10153,0,1780,6,1042,5,3.83546973703
2187,10007,10307,0,1780,6,1042,3,18.9171269847
2188,10007,10306,2,1780,17,1042,8,11.5939623553
2189,10007,10165,1,1780,2,1042,2,2.98989945512
2190,10007,10303,2,1780,11,1042,7,10.0556183438
2191,10007,11224,1,1780,22,1042,13,9.56828313801
2192,10007,10304,0,1780,8,1042,5,8.56019125362
2193,10007,10458,4,1780,34,1042,31,12.0354480305
2194,10007,11414,3,1780,13,1042,7,9.45730100473
2195,10007,11204,1,1780,9,1042,8,6.71573504139
2196,10007,11372,2,1780,16,1042,11,6.89682250774
2197,10007,11357,0,1780,9,1042,6,11.4489709753
2198,10007,10044,0,1780,9,1042,8,4.47059939771
2199,10007,11229,4,1780,27,1042,14,8.69214195754
2200,10007,11236,4,1780,15,1042,9,7.47309014279
2201,10007,10302,2,1780,5,1042,5,8.93870344135
2202,10007,11422,0,1780,11,1042,8,14.7375249782
2203,10007,10312,0,1780,4,1042,2,14.8074619209
2204,10007,10310,0,1780,27,1042,6,8.05506711019
2205,10007,11429,1,1780,8,1042,6,14.0870435997
2206,10007,10152,0,1780,2,1042,2,3.53963162786
2207,10007,11214,1,1780,10,1042,6,8.00889248167
2208,10007,11435,4,1780,41,1042,23,10.4122134603
2209,10007,10039,2,1780,8,1042,7,8.5232049919
2210,10007,10121,0,1780,1,1042,1,2.53800177132
2211,10007,11413,2,1780,14,1042,7,13.783190597
2212,10007,10473,2,1780,14,1042,9,10.5725256367
2213,10007,10454,3,1780,19,1042,10,7.89787351707
2214,10007,11416,3,1780,5,1042,5,8.52134200426
2215,10007,10280,0,1780,5,1042,3,0.749676727744
2216,10007,11694,1,1780,5,1042,4,12.717542624
2217,10007,11358,0,1780,6,1042,4,11.5205672974
2218,10007,11421,1,1780,4,1042,4,7.99256082966
2219,10007,11412,1,1780,4,1042,4,13.064846533
2220,10007,10174,1,1780,2,1042,2,3.05186537492
2221,10007,11417,2,1780,3,1042,3,8.95068651235
2222,10007,11427,2,1780,5,1042,4,13.6493461845
2223,10007,11411,1,1780,4,1042,2,14.3304654615
2224,10007,11374,3,1780,10,1042,9,7.71338212488
2225,10007,10096,0,1780,2,1042,2,4.8189012258
2226,10007,10006,3,1780,19,1042,18,0.574222546516
2227,10007,10037,3,1780,15,1042,10,7.75980452325
2228,10007,11370,1,1780,8,1042,4,6.97129066109
2229,10007,10475,5,1780,15,1042,11,14.7847693793
2230,10007,11225,1,1780,17,1042,13,4.50560721388
2231,10007,10282,2,1780,10,1042,9,0.40956283073
2232,10007,11426,3,1780,12,1042,5,15.0693488946
2233,10007,11378,2,1780,18,1042,7,5.52401569396
2234,10007,10107,0,1780,1,1042,1,3.79015239288
2235,10007,11251,0,1780,4,1042,3,5.81114382764
2236,10007,11436,2,1780,6,1042,3,11.3968476622
2237,10007,11360,2,1780,10,1042,5,12.7521897239
2238,10007,11356,0,1780,2,1042,2,9.87237652285
2239,10007,10474,1,1780,8,1042,7,9.25030208934
2240,10007,11697,0,1780,1,1042,1,11.8523241967
2241,10007,10172,0,1780,2,1042,2,3.29480189959
2242,10007,11691,0,1780,4,1042,3,15.2299527517
2243,10007,10470,1,1780,6,1042,4,14.9498407412
2244,10007,11366,3,1780,7,1042,5,11.1675100415
2245,10007,10041,0,1780,2,1042,2,0.822180921635
2246,10007,10278,1,1780,1,1042,1,0.183707697989
2247,10007,10106,0,1780,4,1042,1,3.75655086387
2248,10007,11428,0,1780,2,1042,2,13.9669970325
2249,10007,10286,0,1780,1,1042,1,0.248614964247
2250,10007,10279,1,1780,1,1042,1,0.136857004194
2251,10007,10103,0,1780,1,1042,1,3.53840307477
2252,10007,10196,0,1780,1,1042,1,4.8189012258
2253,10007,10154,0,1780,1,1042,1,3.49078658675
2254,10007,10119,1,1780,2,1042,2,2.5999431801
2255,10007,10464,0,1780,5,1042,4,15.0767970571
2256,10007,10166,0,1780,2,1042,2,3.19358495127
2257,10007,10203,0,1780,1,1042,1,4.8189012258
2258,10007,11359,0,1780,2,1042,2,13.2397088487
2259,10007,10177,0,1780,1,1042,1,3.24237787454
2260,10007,11040,0,1780,1,1042,1,17.3404062888
2261,10007,11364,0,1780,2,1042,2,13.1655961194
2262,10007,11692,0,1780,2,1042,2,13.9363673472
2263,10007,11423,0,1780,1,1042,1,12.5469486726
2264,10007,11415,0,1780,2,1042,2,9.33467325884
2265,10007,10175,0,1780,2,1042,1,3.0855602886
2266,10022,10012,6,228,445,164,357,2.8022826015
2267,10022,11222,2,228,110,164,71,2.52901410863
2268,10022,11231,3,228,65,164,44,5.8357117959
2269,10022,10019,17,228,637,164,440,1.06467081834
2270,10022,11102,2,228,35,164,30,2.39490504307
2271,10022,10003,7,228,493,164,400,2.16374829237
2272,10022,10020,4,228,143,164,116,0.67832805509
2273,10022,10018,8,228,339,164,256,1.39328750847
2274,10022,10001,18,228,670,164,468,1.63557512051
2275,10022,11365,3,228,21,164,9,9.2988529395
2276,10022,10007,15,228,1780,164,1042,3.70286163402
2277,10022,10022,164,228,228,164,164,0.0
2278,10022,10013,5,228,745,164,406,3.31169833849
2279,10022,10472,2,228,23,164,8,7.15207687637
2280,10022,11226,4,228,195,164,123,7.87399203166
2281,10022,10027,4,228,141,164,83,3.75807615903
2282,10022,11210,3,228,34,164,20,9.11621144082
2283,10022,11693,0,228,6,164,6,13.6056510628
2284,10022,11432,2,228,49,164,36,9.64724619982
2285,10022,11103,4,228,35,164,26,2.97223844236
2286,10022,11237,2,228,64,164,53,4.57588255637
2287,10022,10010,7,228,218,164,181,1.58136735264
2288,10022,10014,5,228,397,164,286,2.60530960166
2289,10022,10009,1,228,135,164,91,2.28141178795
2290,10022,10036,14,228,826,164,656,1.20045246326
2291,10022,11216,4,228,60,164,49,5.51646509652
2292,10022,11418,0,228,15,164,11,8.16574692239
2293,10022,11109,0,228,5,164,5,8.99238237106
2294,10022,11371,2,228,71,164,65,4.92191908462
2295,10022,10460,3,228,42,164,22,7.263475809
2296,10022,10048,1,228,86,164,65,4.00654940988
2297,10022,10128,6,228,51,164,40,1.81139781964
2298,10022,11375,6,228,44,164,27,6.90754827662
2299,10022,10023,8,228,210,164,134,1.43299701042
2300,10022,11211,4,228,352,164,256,3.30959997677
2301,10022,10011,7,228,437,164,352,2.12268588658
2302,10022,10025,3,228,143,164,65,2.72503825913
2303,10022,10032,3,228,65,164,28,5.7954345607
2304,10022,11232,4,228,125,164,24,7.40244395541
2305,10022,11377,2,228,46,164,33,3.51600028051
2306,10022,11361,3,228,19,164,11,10.151273996
2307,10022,11206,1,228,90,164,63,4.1152373846
2308,10022,11430,7,228,187,164,143,11.7171972991
2309,10022,10021,4,228,62,164,45,0.742347460114
2310,10022,11201,9,228,234,164,176,4.54325913523
2311,10022,11238,2,228,109,164,64,5.44792455061
2312,10022,10016,9,228,162,164,110,1.0367254706
2313,10022,11218,2,228,26,164,19,7.91118115599
2314,10022,10301,2,228,45,164,32,11.026019792
2315,10022,10452,3,228,54,164,34,5.98591550314
2316,10022,10314,5,228,51,164,30,14.0793059633
2317,10022,10461,2,228,50,164,20,8.9087565957
2318,10022,11101,5,228,193,164,96,1.75721299389
2319,10022,10029,6,228,50,164,38,2.51624621517
2320,10022,10467,4,228,33,164,22,9.3507614083
2321,10022,11208,0,228,43,164,13,7.76501083692
2322,10022,10024,2,228,101,164,71,1.95705106859
2323,10022,10005,3,228,65,164,41,4.25005935592
2324,10022,10030,1,228,39,164,26,4.26736462778
2325,10022,10002,2,228,258,164,186,3.07505246664
2326,10022,11385,1,228,56,164,31,5.49392058102
2327,10022,11220,2,228,38,164,23,8.50233891257
2328,10022,11215,4,228,123,164,95,6.38671999296
2329,10022,10038,4,228,174,164,85,3.90212104184
2330,10022,11217,4,228,92,164,71,5.33660654925
2331,10022,10462,4,228,104,164,58,8.08794258262
2332,10022,10040,2,228,80,164,27,7.17322502394
2333,10022,10457,4,228,28,164,16,7.04463367713
2334,10022,10017,13,228,277,164,161,0.540707625495
2335,10022,11433,2,228,18,164,12,10.3849115959
2336,10022,10308,0,228,8,164,8,17.2763013203
2337,10022,10468,4,228,52,164,30,8.27053102543
2338,10022,10111,1,228,15,164,13,0.547462605882
2339,10022,10309,2,228,23,164,15,20.4219123863
2340,10022,10034,2,228,68,164,33,7.89622853052
2341,10022,10028,4,228,89,164,53,1.4082539588
2342,10022,10035,4,228,65,164,32,3.47710509321
2343,10022,11228,1,228,10,164,8,10.0347171232
2344,10022,11105,1,228,25,164,19,3.2866875654
2345,10022,11355,2,228,26,164,18,7.78920000599
2346,10022,11209,4,228,49,164,28,9.91969483516
2347,10022,11213,1,228,35,164,20,6.31585865792
2348,10022,11369,2,228,12,164,8,5.08629278693
2349,10022,10031,2,228,64,164,45,4.73680058964
2350,10022,11221,1,228,120,164,61,5.14742921333
2351,10022,11212,1,228,12,164,10,7.25865321624
2352,10022,11233,0,228,74,164,34,6.21476627214
2353,10022,11368,3,228,62,164,41,5.77525840171
2354,10022,11205,1,228,37,164,31,4.47269533328
2355,10022,10069,0,228,14,164,8,1.66408790478
2356,10022,11203,0,228,39,164,8,7.79782301836
2357,10022,10459,1,228,16,164,8,6.00704460876
2358,10022,11219,0,228,6,164,4,8.86485364945
2359,10022,11434,3,228,32,164,16,11.751784734
2360,10022,11230,0,228,11,164,5,9.38708678915
2361,10022,11373,4,228,53,164,27,4.94539929839
2362,10022,11362,1,228,8,164,5,12.2830446135
2363,10022,10305,0,228,11,164,8,12.4054164557
2364,10022,11104,0,228,8,164,6,2.7207241405
2365,10022,10004,5,228,168,164,99,5.66148490919
2366,10022,10275,0,228,13,164,7,1.58657220392
2367,10022,10118,1,228,4,164,3,1.21950145225
2368,10022,10026,0,228,57,164,43,3.0964231484
2369,10022,11235,2,228,19,164,14,12.1233863977
2370,10022,10469,0,228,44,164,12,9.83784679475
2371,10022,10281,1,228,31,164,24,3.95300843572
2372,10022,11223,0,228,10,164,7,11.1036032731
2373,10022,11379,2,228,33,164,13,5.49230383717
2374,10022,10465,4,228,37,164,16,9.10530577617
2375,10022,10455,1,228,20,164,11,4.99974898047
2376,10022,10466,0,228,16,164,11,11.0745464111
2377,10022,11239,1,228,4,164,2,9.07718920386
2378,10022,11207,2,228,86,164,31,7.19112209396
2379,10022,11367,2,228,35,164,17,7.93762605062
2380,10022,11106,0,228,21,164,19,1.89231006458
2381,10022,10471,2,228,19,164,15,10.341459089
2382,10022,11234,1,228,50,164,15,9.98468397185
2383,10022,10167,2,228,11,164,4,0.492344570723
2384,10022,10453,1,228,21,164,16,7.10244550492
2385,10022,10451,3,228,20,164,12,4.80897951964
2386,10022,10033,4,228,86,164,31,6.42121516042
2387,10022,11354,2,228,38,164,25,7.49451441325
2388,10022,10463,4,228,36,164,16,8.98828203203
2389,10022,10169,2,228,4,164,4,0.555850102806
2390,10022,10456,2,228,21,164,12,5.76794047202
2391,10022,11420,0,228,8,164,7,9.97744208548
2392,10022,10153,5,228,6,164,5,0.430671913855
2393,10022,10307,0,228,6,164,3,22.598227119
2394,10022,10306,1,228,17,164,8,15.2890031533
2395,10022,10165,0,228,2,164,2,0.761881130424
2396,10022,10303,2,228,11,164,7,13.5975009184
2397,10022,11224,0,228,22,164,13,12.6528202625
2398,10022,10304,0,228,8,164,5,12.257112828
2399,10022,10458,4,228,34,164,31,8.34198085268
2400,10022,11414,2,228,13,164,7,9.5327458246
2401,10022,11204,0,228,9,164,8,9.70833697934
2402,10022,11372,1,228,16,164,11,4.39749431409
2403,10022,11357,0,228,9,164,6,8.47749735255
2404,10022,10044,1,228,9,164,8,0.976921449111
2405,10022,11229,2,228,27,164,14,11.1088635039
2406,10022,11236,2,228,15,164,9,8.83381856914
2407,10022,10302,3,228,5,164,5,12.5470044781
2408,10022,11422,1,228,11,164,8,13.8902729401
2409,10022,10312,0,228,4,164,2,18.5074488805
2410,10022,10310,0,228,27,164,6,11.7149258117
2411,10022,11429,1,228,8,164,6,12.472958069
2412,10022,10152,2,228,2,164,2,0.259128076125
2413,10022,11214,1,228,10,164,6,11.1448400482
2414,10022,11435,3,228,41,164,23,9.21204984732
2415,10022,10039,2,228,8,164,7,4.89814368444
2416,10022,10121,0,228,1,164,1,1.44240387214
2417,10022,11413,2,228,14,164,7,12.8886905269
2418,10022,10473,2,228,14,164,9,7.01218142116
2419,10022,10454,2,228,19,164,10,4.20282414635
2420,10022,11416,2,228,5,164,5,8.06451439098
2421,10022,10280,0,228,5,164,3,4.43537444178
2422,10022,11694,0,228,5,164,4,14.0871187153
2423,10022,11358,0,228,6,164,4,8.98321365466
2424,10022,11421,1,228,4,164,4,7.40785452555
2425,10022,11412,0,228,4,164,4,11.7146782358
2426,10022,10174,0,228,2,164,2,0.653518218276
2427,10022,11417,0,228,3,164,3,8.63634859901
2428,10022,11427,2,228,5,164,4,11.7137838314
2429,10022,11411,0,228,4,164,2,12.969180278
2430,10022,11374,2,228,10,164,9,6.05979833992
2431,10022,10096,0,228,2,164,2,1.58657220392
2432,10022,10006,1,228,19,164,18,4.27708164581
2433,10022,10037,3,228,15,164,10,4.09219975818
2434,10022,11370,0,228,8,164,4,4.03895003975
2435,10022,10475,2,228,15,164,11,11.1060854481
2436,10022,11225,1,228,17,164,13,6.66371486269
2437,10022,10282,0,228,10,164,9,3.79754664024
2438,10022,11426,2,228,12,164,5,13.0539988398
2439,10022,11378,3,228,18,164,7,4.1598095618
2440,10022,10107,0,228,1,164,1,0.956677052182
2441,10022,11251,0,228,4,164,3,7.94710723602
2442,10022,11436,2,228,6,164,3,10.6948558094
2443,10022,11360,2,228,10,164,5,9.93437713276
2444,10022,11356,0,228,2,164,2,6.73885002931
2445,10022,10474,1,228,8,164,7,5.6114751876
2446,10022,11697,0,228,1,164,1,14.0599334163
2447,10022,10172,1,228,2,164,2,0.446964345205
2448,10022,11691,0,228,4,164,3,15.472789324
2449,10022,10470,1,228,6,164,4,11.2564310981
2450,10022,11366,0,228,7,164,5,9.32290043655
2451,10022,10041,0,228,2,164,2,4.46737039375
2452,10022,10278,0,228,1,164,1,3.55257673186
2453,10022,10106,0,228,4,164,1,0.811408488178
2454,10022,11428,0,228,2,164,2,12.1660088379
2455,10022,10286,0,228,1,164,1,3.87596491323
2456,10022,10279,0,228,1,164,1,3.83954159269
2457,10022,10103,1,228,1,164,1,0.567834545313
2458,10022,10196,0,228,1,164,1,1.58657220392
2459,10022,10154,1,228,1,164,1,0.289552715287
2460,10022,10119,1,228,2,164,2,1.45590514125
2461,10022,10464,1,228,5,164,4,11.537468253
2462,10022,10166,0,228,2,164,2,0.558705711328
2463,10022,10203,0,228,1,164,1,1.58657220392
2464,10022,11359,0,228,2,164,2,10.2669352947
2465,10022,10177,0,228,1,164,1,0.525246782314
2466,10022,11040,0,228,1,164,1,15.1731380397
2467,10022,11364,0,228,2,164,2,10.9150793193
2468,10022,11692,0,228,2,164,2,14.5817423794
2469,10022,11423,0,228,1,164,1,10.8958390728
2470,10022,11415,0,228,2,164,2,8.06772032515
2471,10022,10175,0,228,2,164,1,0.73020784765
2472,10013,10012,19,745,445,406,357,0.515185223657
2473,10013,11222,1,745,110,406,71,3.15654751399
2474,10013,11231,1,745,65,406,44,2.89237110372
2475,10013,10019,8,745,637,406,440,3.27519798411
2476,10013,11102,0,745,35,406,30,5.48723387985
2477,10013,10003,6,745,493,406,400,1.16848188608
2478,10013,10020,1,745,143,406,116,2.93260003009
2479,10013,10018,4,745,339,406,256,2.45668683633
2480,10013,10001,10,745,670,406,468,2.12530338779
2481,10013,11365,0,745,21,406,9,11.2608878596
2482,10013,10007,17,745,1780,406,1042,0.420592054706
2483,10013,10022,5,745,228,406,164,3.3116983385
2484,10013,10013,406,745,745,406,406,0.0
2485,10013,10472,0,745,23,406,8,10.4329599112
2486,10013,11226,5,745,195,406,123,5.82233792094
2487,10013,10027,4,745,141,406,83,6.87423219438
2488,10013,11210,1,745,34,406,20,7.12618346254
2489,10013,11693,0,745,6,406,6,12.9560216702
2490,10013,11432,2,745,49,406,36,11.1405288984
2491,10013,11103,0,745,35,406,26,5.74803954788
2492,10013,11237,0,745,64,406,53,4.63684103025
2493,10013,10010,3,745,218,406,181,1.75745624731
2494,10013,10014,6,745,397,406,286,0.969627273755
2495,10013,10009,3,745,135,406,91,1.4661434841
2496,10013,10036,9,745,826,406,656,2.7946642925
2497,10013,11216,2,745,60,406,49,4.08496989131
2498,10013,11418,1,745,15,406,11,9.13995295155
2499,10013,11109,0,745,5,406,5,8.5296802136
2500,10013,11371,1,745,71,406,65,7.69724351765
2501,10013,10460,0,745,42,406,22,10.5739435205
2502,10013,10048,3,745,86,406,65,0.697113342375
2503,10013,10128,1,745,51,406,40,5.11275021113
2504,10013,11375,1,745,44,406,27,8.3704953375
2505,10013,10023,4,745,210,406,134,4.00173011439
2506,10013,11211,5,745,352,406,256,2.74173286504
2507,10013,10011,6,745,437,406,352,1.42961465112
2508,10013,10025,1,745,143,406,65,5.71366976551
2509,10013,10032,2,745,65,406,28,8.93073086018
2510,10013,11232,0,745,125,406,24,4.49821154883
2511,10013,11377,1,745,46,406,33,5.54319107865
2512,10013,11361,0,745,19,406,11,12.490641327
2513,10013,11206,1,745,90,406,63,3.51078207306
2514,10013,11430,1,745,187,406,143,12.0261532093
2515,10013,10021,2,745,62,406,45,4.04824506794
2516,10013,11201,4,745,234,406,176,1.94670959945
2517,10013,11238,1,745,109,406,64,3.58382504732
2518,10013,10016,5,745,162,406,110,2.28229381104
2519,10013,11218,0,745,26,406,19,5.47303077125
2520,10013,10301,0,745,45,406,32,7.71438253282
2521,10013,10452,0,745,54,406,34,9.23601714444
2522,10013,10314,2,745,51,406,30,10.7818128975
2523,10013,10461,0,745,50,406,20,12.1635290262
2524,10013,11101,2,745,193,406,96,3.86906004557
2525,10013,10029,1,745,50,406,38,5.80504330878
2526,10013,10467,0,745,33,406,22,12.6573694607
2527,10013,11208,0,745,43,406,13,7.71995295939
2528,10013,10024,3,745,101,406,71,4.76975766911
2529,10013,10005,1,745,65,406,41,1.02559858063
2530,10013,10030,0,745,39,406,26,7.46614314831
2531,10013,10002,9,745,258,406,186,0.990775113595
2532,10013,11385,2,745,56,406,31,6.02582384903
2533,10013,11220,0,745,38,406,23,5.49466643672
2534,10013,11215,0,745,123,406,95,3.81057042451
2535,10013,10038,3,745,174,406,85,0.762963218606
2536,10013,11217,2,745,92,406,71,3.02659388877
2537,10013,10462,2,745,104,406,58,11.3778888537
2538,10013,10040,0,745,80,406,27,10.3402208905
2539,10013,10457,0,745,28,406,16,10.3429868405
2540,10013,10017,4,745,277,406,161,2.77728705229
2541,10013,11433,0,745,18,406,12,11.5631867112
2542,10013,10308,0,745,8,406,8,13.9700360502
2543,10013,10468,0,745,52,406,30,11.5355009558
2544,10013,10111,0,745,15,406,13,3.02778915469
2545,10013,10309,0,745,23,406,15,17.1134919315
2546,10013,10034,1,745,68,406,33,11.0843638309
2547,10013,10028,2,745,89,406,53,4.71155036292
2548,10013,10035,2,745,65,406,32,6.77822491763
2549,10013,11228,0,745,10,406,8,7.12227693497
2550,10013,11105,0,745,25,406,19,6.3134578403
2551,10013,11355,1,745,26,406,18,9.95520947325
2552,10013,11209,1,745,49,406,28,6.84009405193
2553,10013,11213,0,745,35,406,20,5.05467904447
2554,10013,11369,0,745,12,406,8,7.64775579162
2555,10013,10031,1,745,64,406,45,7.86168094019
2556,10013,11221,0,745,120,406,61,4.61361041364
2557,10013,11212,0,745,12,406,10,6.29435102283
2558,10013,11233,0,745,74,406,34,5.46132568968
2559,10013,11368,0,745,62,406,41,7.92249545981
2560,10013,11205,1,745,37,406,31,2.78146183477
2561,10013,10069,0,745,14,406,8,3.86060663579
2562,10013,11203,0,745,39,406,8,6.22932811655
2563,10013,10459,0,745,16,406,8,9.31524877956
2564,10013,11219,0,745,6,406,4,6.10534595306
2565,10013,11434,0,745,32,406,16,12.6152752226
2566,10013,11230,0,745,11,406,5,7.07524070339
2567,10013,11373,0,745,53,406,27,6.76230991977
2568,10013,11362,0,745,8,406,5,14.5293787455
2569,10013,10305,0,745,11,406,8,9.15943653754
2570,10013,11104,0,745,8,406,6,4.77661504836
2571,10013,10004,3,745,168,406,99,2.39706696095
2572,10013,10275,0,745,13,406,7,4.40005523599
2573,10013,10118,1,745,4,406,3,2.18973692529
2574,10013,10026,1,745,57,406,43,6.26066901477
2575,10013,11235,0,745,19,406,14,9.87726118782
2576,10013,10469,0,745,44,406,12,13.1467365935
2577,10013,10281,2,745,31,406,24,0.657243402909
2578,10013,11223,0,745,10,406,7,8.63004055988
2579,10013,11379,1,745,33,406,13,6.6233981259
2580,10013,10465,0,745,37,406,16,12.2289660319
2581,10013,10455,0,745,20,406,11,8.31055894917
2582,10013,10466,0,745,16,406,11,14.3841817019
2583,10013,11239,0,745,4,406,2,8.39684030392
2584,10013,11207,0,745,86,406,31,6.76762343058
2585,10013,11367,1,745,35,406,17,9.66488769319
2586,10013,11106,0,745,21,406,19,4.8101431214
2587,10013,10471,0,745,19,406,15,13.5282771005
2588,10013,11234,0,745,50,406,15,8.30408760203
2589,10013,10167,1,745,11,406,4,2.84579596989
2590,10013,10453,0,745,21,406,16,10.3565116057
2591,10013,10451,0,745,20,406,12,8.10350479034
2592,10013,10033,0,745,86,406,31,9.57736328506
2593,10013,11354,1,745,38,406,25,10.0094130507
2594,10013,10463,1,745,36,406,16,12.1990545688
2595,10013,10169,1,745,4,406,4,2.79059631639
2596,10013,10456,0,745,21,406,12,9.07255944677
2597,10013,11420,0,745,8,406,7,10.5449368037
2598,10013,10153,0,745,6,406,5,3.42907750895
2599,10013,10307,0,745,6,406,3,19.2924091872
2600,10013,10306,1,745,17,406,8,11.9987169164
2601,10013,10165,0,745,2,406,2,2.58751400782
2602,10013,10303,0,745,11,406,7,10.3807184909
2603,10013,11224,1,745,22,406,13,9.96696213322
2604,10013,10304,0,745,8,406,5,8.96436535096
2605,10013,10458,2,745,34,406,31,11.633737053
2606,10013,11414,0,745,13,406,7,9.54101243361
2607,10013,11204,0,745,9,406,8,7.10138913357
2608,10013,11372,0,745,16,406,11,6.66532899555
2609,10013,11357,0,745,9,406,6,11.1891094267
2610,10013,10044,0,745,9,406,8,4.10721151888
2611,10013,11229,0,745,27,406,14,9.02886218061
2612,10013,11236,0,745,15,406,9,7.68669801646
2613,10013,10302,0,745,5,406,5,9.28330744385
2614,10013,11422,1,745,11,406,8,14.7433403165
2615,10013,10312,0,745,4,406,2,15.1959100869
2616,10013,10310,0,745,27,406,6,8.41878260082
2617,10013,11429,0,745,8,406,6,14.0019392648
2618,10013,10152,0,745,2,406,2,3.14018044227
2619,10013,11214,1,745,10,406,6,8.40932109183
2620,10013,11435,0,745,41,406,23,10.3579147059
2621,10013,10039,0,745,8,406,7,8.11141928634
2622,10013,10121,0,745,1,406,1,2.11888215518
2623,10013,11413,0,745,14,406,7,13.7803254957
2624,10013,10473,0,745,14,406,9,10.2233445111
2625,10013,10454,1,745,19,406,10,7.51265073778
2626,10013,11416,0,745,5,406,5,8.53623555153
2627,10013,10280,0,745,5,406,3,1.1238254808
2628,10013,11694,0,745,5,406,4,12.9602032447
2629,10013,11358,0,745,6,406,4,11.3157052318
2630,10013,11421,0,745,4,406,4,7.98721237684
2631,10013,11412,0,745,4,406,4,13.006816414
2632,10013,10174,0,745,2,406,2,2.65869655725
2633,10013,11417,0,745,3,406,3,8.9858712761
2634,10013,11427,0,745,5,406,4,13.5247294607
2635,10013,11411,0,745,4,406,2,14.2757258285
2636,10013,11374,0,745,10,406,9,7.58430042851
2637,10013,10096,0,745,2,406,2,4.40005523599
2638,10013,10006,1,745,19,406,18,0.979298283466
2639,10013,10037,0,745,15,406,10,7.35355700121
2640,10013,11370,0,745,8,406,4,6.69342591995
2641,10013,10475,0,745,15,406,11,14.4079408421
2642,10013,11225,0,745,17,406,13,4.77867315959
2643,10013,10282,0,745,10,406,9,0.533518367173
2644,10013,11426,0,745,12,406,5,14.939302061
2645,10013,11378,0,745,18,406,7,5.38886146246
2646,10013,10107,0,745,1,406,1,3.37191605077
2647,10013,11251,0,745,4,406,3,6.09898733002
2648,10013,11436,0,745,6,406,3,11.405167672
2649,10013,11360,0,745,10,406,5,12.5159147031
2650,10013,11356,0,745,2,406,2,9.58630018752
2651,10013,10474,0,745,8,406,7,8.88336233875
2652,10013,11697,0,745,1,406,1,12.1776752504
2653,10013,10172,0,745,2,406,2,2.89603652347
2654,10013,11691,0,745,4,406,3,15.3592467574
2655,10013,10470,0,745,6,406,4,14.547662101
2656,10013,11366,0,745,7,406,5,11.0434461158
2657,10013,10041,0,745,2,406,2,1.24225749947
2658,10013,10278,0,745,1,406,1,0.348078855289
2659,10013,10106,0,745,4,406,1,3.3404153667
2660,10013,11428,0,745,2,406,2,13.8594283627
2661,10013,10286,0,745,1,406,1,0.564366747294
2662,10013,10279,0,745,1,406,1,0.552723810363
2663,10013,10103,1,745,1,406,1,3.12774686765
2664,10013,10196,0,745,1,406,1,4.40005523599
2665,10013,10154,0,745,1,406,1,3.09148015093
2666,10013,10119,1,745,2,406,2,2.17991308468
2667,10013,10464,0,745,5,406,4,14.7351774892
2668,10013,10166,0,745,2,406,2,2.79287444369
2669,10013,10203,0,745,1,406,1,4.40005523599
2670,10013,11359,0,745,2,406,2,12.9840680925
2671,10013,10177,0,745,1,406,1,2.84079911644
2672,10013,11040,0,745,1,406,1,17.1967551008
2673,10013,11364,0,745,2,406,2,13.0014812972
2674,10013,11692,0,745,2,406,2,14.1056046334
2675,10013,11423,0,745,1,406,1,12.4518150578
2676,10013,11415,0,745,2,406,2,9.26494459458
2677,10013,10175,0,745,2,406,1,2.67881895753
2678,10472,10012,2,23,445,8,357,9.91794157395
2679,10472,11222,1,23,110,8,71,8.24487871909
2680,10472,11231,2,23,65,8,44,12.6074420847
2681,10472,10019,2,23,637,8,440,7.59389124486
2682,10472,11102,2,23,35,8,30,5.03178397829
2683,10472,10003,0,23,493,8,400,9.26544929401
2684,10472,10020,0,23,143,8,116,7.67297032351
2685,10472,10018,2,23,339,8,256,8.36186596057
2686,10472,10001,2,23,670,8,468,8.67980426849
2687,10472,11365,2,23,21,8,9,7.47257938338
2688,10472,10007,2,23,1780,8,1042,10.8016082898
2689,10472,10022,2,23,228,8,164,7.15207687637
2690,10472,10013,0,23,745,8,406,10.4329599112
2691,10472,10472,8,23,23,8,8,0.0
2692,10472,11226,2,23,195,8,123,13.5689348167
2693,10472,10027,2,23,141,8,83,4.6987518683
2694,10472,11210,2,23,34,8,20,14.5444188873
2695,10472,11693,0,23,6,8,6,16.310008189
2696,10472,11432,0,23,49,8,36,8.94029638933
2697,10472,11103,2,23,35,8,26,5.15888625043
2698,10472,11237,2,23,64,8,53,9.17366971196
2699,10472,10010,2,23,218,8,181,8.67557252755
2700,10472,10014,2,23,397,8,286,9.75377052675
2701,10472,10009,0,23,135,8,91,9.17775085635
2702,10472,10036,2,23,826,8,656,8.0430641518
2703,10472,11216,2,23,60,8,49,11.1658200173
2704,10472,11418,0,23,15,8,11,9.28442356534
2705,10472,11109,0,23,5,8,5,12.3542072703
2706,10472,11371,2,23,71,8,65,4.04047560945
2707,10472,10460,2,23,42,8,22,0.958476020281
2708,10472,10048,0,23,86,8,65,11.1168389138
2709,10472,10128,2,23,51,8,40,5.44656952016
2710,10472,11375,2,23,44,8,27,7.67400619764
2711,10472,10023,2,23,210,8,134,7.07291478821
2712,10472,11211,2,23,352,8,256,9.32338106071
2713,10472,10011,2,23,437,8,352,9.25976146915
2714,10472,10025,0,23,143,8,65,5.66967517325
2715,10472,10032,2,23,65,8,28,3.8956561225
2716,10472,11232,2,23,125,8,24,14.0172590456
2717,10472,11377,2,23,46,8,33,6.31819588973
2718,10472,11361,2,23,19,8,11,6.78934708852
2719,10472,11206,0,23,90,8,63,9.66089764979
2720,10472,11430,2,23,187,8,143,12.9873023837
2721,10472,10021,2,23,62,8,45,6.44746310697
2722,10472,11201,2,23,234,8,176,11.268716466
2723,10472,11238,0,23,109,8,64,11.4847260051
2724,10472,10016,2,23,162,8,110,8.15744444892
2725,10472,11218,2,23,26,8,19,14.0109042342
2726,10472,10301,2,23,45,8,32,18.1226078883
2727,10472,10452,2,23,54,8,34,2.88233665564
2728,10472,10314,2,23,51,8,30,21.2146440319
2729,10472,10461,1,23,50,8,20,1.80552294326
2730,10472,11101,2,23,193,8,96,6.94077172754
2731,10472,10029,2,23,50,8,38,4.85808674256
2732,10472,10467,2,23,33,8,22,2.88863007774
2733,10472,11208,0,23,43,8,13,10.886749701
2734,10472,10024,0,23,101,8,71,6.45539480069
2735,10472,10005,2,23,65,8,41,11.3011869656
2736,10472,10030,1,23,39,8,26,4.02437247208
2737,10472,10002,0,23,258,8,186,9.99350577916
2738,10472,11385,1,23,56,8,31,8.87958429203
2739,10472,11220,2,23,38,8,23,15.1590711002
2740,10472,11215,2,23,123,8,95,12.8119152631
2741,10472,10038,2,23,174,8,85,10.941158065
2742,10472,11217,0,23,92,8,71,11.733841141
2743,10472,10462,2,23,104,8,58,0.961435481702
2744,10472,10040,2,23,80,8,27,3.70457955041
2745,10472,10457,2,23,28,8,16,1.94136993385
2746,10472,10017,2,23,277,8,161,7.66956929035
2747,10472,11433,2,23,18,8,12,10.1705560113
2748,10472,10308,0,23,8,8,8,24.3099210198
2749,10472,10468,2,23,52,8,30,3.00032581872
2750,10472,10111,0,23,15,8,13,7.54809406271
2751,10472,10309,2,23,23,8,15,27.5330633281
2752,10472,10034,1,23,68,8,33,3.72839264604
2753,10472,10028,3,23,89,8,53,5.81933816762
2754,10472,10035,2,23,65,8,32,3.92406203473
2755,10472,11228,1,23,10,8,8,16.4997301103
2756,10472,11105,0,23,25,8,19,4.3726528782
2757,10472,11355,2,23,26,8,18,6.1492105528
2758,10472,11209,2,23,49,8,28,16.6062084095
2759,10472,11213,0,23,35,8,20,11.5383721092
2760,10472,11369,2,23,12,8,8,4.66276659913
2761,10472,10031,1,23,64,8,45,4.22098861598
2762,10472,11221,0,23,120,8,61,10.0728192448
2763,10472,11212,0,23,12,8,10,11.8435081935
2764,10472,11233,0,23,74,8,34,10.9117302195
2765,10472,11368,2,23,62,8,41,5.77238112914
2766,10472,11205,0,23,37,8,31,10.6833765874
2767,10472,10069,0,23,14,8,8,7.43795620714
2768,10472,11203,0,23,39,8,8,12.9646599766
2769,10472,10459,2,23,16,8,8,1.34550538786
2770,10472,11219,0,23,6,8,4,15.2189974217
2771,10472,11434,2,23,32,8,16,11.849341948
2772,10472,11230,0,23,11,8,5,15.1703105989
2773,10472,11373,2,23,53,8,27,6.52867445219
2774,10472,11362,1,23,8,8,5,8.60847434476
2775,10472,10305,0,23,11,8,8,19.3019060218
2776,10472,11104,0,23,8,8,6,6.54867556737
2777,10472,10004,2,23,168,8,99,12.8086761971
2778,10472,10275,0,23,13,8,7,6.65160095621
2779,10472,10118,0,23,4,8,3,8.3586049464
2780,10472,10026,0,23,57,8,43,4.9055812952
2781,10472,11235,1,23,19,8,14,17.5493250284
2782,10472,10469,0,23,44,8,12,2.86058403316
2783,10472,10281,0,23,31,8,24,11.0851035862
2784,10472,11223,0,23,10,8,7,16.9289042477
2785,10472,11379,2,23,33,8,13,7.91293716098
2786,10472,10465,2,23,37,8,16,2.68896445525
2787,10472,10455,0,23,20,8,11,2.29896143441
2788,10472,10466,0,23,16,8,11,4.3258023393
2789,10472,11239,0,23,4,8,2,12.7476499747
2790,10472,11207,2,23,86,8,31,11.0912238392
2791,10472,11367,2,23,35,8,17,7.44423000164
2792,10472,11106,0,23,21,8,19,5.76161507432
2793,10472,10471,2,23,19,8,15,5.19338784023
2794,10472,11234,0,23,50,8,15,14.8819196291
2795,10472,10167,0,23,11,8,4,7.63996417728
2796,10472,10453,1,23,21,8,16,2.77050151973
2797,10472,10451,2,23,20,8,12,2.91728270589
2798,10472,10033,2,23,86,8,31,3.70849387474
2799,10472,11354,2,23,38,8,25,4.87487951312
2800,10472,10463,2,23,36,8,16,4.05119240656
2801,10472,10169,0,23,4,8,4,7.70134249132
2802,10472,10456,2,23,21,8,12,2.10290337209
2803,10472,11420,0,23,8,8,7,11.2162428859
2804,10472,10153,0,23,6,8,5,7.14398185519
2805,10472,10307,0,23,6,8,3,29.7174464483
2806,10472,10306,0,23,17,8,8,22.2692953947
2807,10472,10165,0,23,2,8,2,7.90957579803
2808,10472,10303,2,23,11,8,7,20.7450368228
2809,10472,11224,0,23,22,8,13,18.6720973525
2810,10472,10304,0,23,8,8,5,19.260804348
2811,10472,10458,2,23,34,8,31,2.56205349223
2812,10472,11414,2,23,13,8,7,11.9572976469
2813,10472,11204,0,23,9,8,8,15.8169607908
2814,10472,11372,1,23,16,8,11,5.60066855974
2815,10472,11357,0,23,9,8,6,4.4384759878
2816,10472,10044,0,23,9,8,8,6.33144234329
2817,10472,11229,2,23,27,8,14,16.4008181817
2818,10472,11236,1,23,15,8,9,13.2317388309
2819,10472,10302,2,23,5,8,5,19.6982867267
2820,10472,11422,0,23,11,8,8,13.5322592089
2821,10472,10312,0,23,4,8,2,25.5815427487
2822,10472,10310,0,23,27,8,6,18.8517369486
2823,10472,11429,1,23,8,8,6,10.7923082782
2824,10472,10152,0,23,2,8,2,7.35963125179
2825,10472,11214,0,23,10,8,6,17.3178393305
2826,10472,11435,2,23,41,8,23,9.50468517142
2827,10472,10039,2,23,8,8,7,3.61007130873
2828,10472,10121,0,23,1,8,1,8.54230466882
2829,10472,11413,2,23,14,8,7,12.6501349083
2830,10472,10473,2,23,14,8,9,0.960586143812
2831,10472,10454,2,23,19,8,10,3.02179494017
2832,10472,11416,2,23,5,8,5,10.1954372452
2833,10472,10280,0,23,5,8,3,11.5479885627
2834,10472,11694,0,23,5,8,4,17.5564202733
2835,10472,11358,0,23,6,8,4,6.13537355578
2836,10472,11421,1,23,4,8,4,9.64335948912
2837,10472,11412,0,23,4,8,4,10.8254431509
2838,10472,10174,0,23,2,8,2,7.80058322847
2839,10472,11417,0,23,3,8,3,10.7588554683
2840,10472,11427,2,23,5,8,4,9.47329072985
2841,10472,11411,0,23,4,8,2,11.7337043217
2842,10472,11374,2,23,10,8,9,7.28810359208
2843,10472,10096,0,23,2,8,2,6.65160095621
2844,10472,10006,0,23,19,8,18,11.3708862826
2845,10472,10037,2,23,15,8,10,3.73868089738
2846,10472,11370,0,23,8,8,4,4.79225479538
2847,10472,10475,2,23,15,8,11,4.01341617871
2848,10472,11225,1,23,17,8,13,12.4212020664
2849,10472,10282,0,23,10,8,9,10.9364944839
2850,10472,11426,2,23,12,8,5,10.2779907631
2851,10472,11378,2,23,18,8,7,7.5528319787
2852,10472,10107,0,23,1,8,1,7.44318881781
2853,10472,11251,0,23,4,8,3,13.4037292968
2854,10472,11436,2,23,6,8,3,11.4180682394
2855,10472,11360,2,23,10,8,5,5.77912225638
2856,10472,11356,0,23,2,8,2,3.3628319773
2857,10472,10474,2,23,8,8,7,1.55271072695
2858,10472,11697,0,23,1,8,1,18.7679305815
2859,10472,10172,0,23,2,8,2,7.59180067233
2860,10472,11691,0,23,4,8,3,16.8930599607
2861,10472,10470,1,23,6,8,4,4.86235782372
2862,10472,11366,0,23,7,8,5,8.1611758661
2863,10472,10041,0,23,2,8,2,11.509076057
2864,10472,10278,0,23,1,8,1,10.6373412664
2865,10472,10106,0,23,4,8,1,7.396362846
2866,10472,11428,0,23,2,8,2,10.1276806331
2867,10472,10286,0,23,1,8,1,10.9950373174
2868,10472,10279,0,23,1,8,1,10.9360391775
2869,10472,10103,0,23,1,8,1,7.47715250515
2870,10472,10196,0,23,1,8,1,6.65160095621
2871,10472,10154,0,23,1,8,1,7.40576291526
2872,10472,10119,0,23,2,8,2,8.52928349135
2873,10472,10464,0,23,5,8,4,4.54881381657
2874,10472,10166,0,23,2,8,2,7.70217940312
2875,10472,10203,0,23,1,8,1,6.65160095621
2876,10472,11359,0,23,2,8,2,5.46625460544
2877,10472,10177,0,23,1,8,1,7.66119039343
2878,10472,11040,0,23,1,8,1,11.6293008535
2879,10472,11364,0,23,2,8,2,8.10779437206
2880,10472,11692,0,23,2,8,2,16.8255413008
2881,10472,11423,0,23,1,8,1,9.58477370744
2882,10472,11415,0,23,2,8,2,8.76101529954
2883,10472,10175,0,23,2,8,1,7.85279114172
2884,11226,10012,13,195,445,123,357,6.00560527965
2885,11226,11222,1,195,110,123,71,5.61665042022
2886,11226,11231,2,195,65,123,44,3.38511407785
2887,11226,10019,8,195,637,123,440,8.46051634585
2888,11226,11102,3,195,35,123,30,8.84651061755
2889,11226,10003,9,195,493,123,400,6.27721706371
2890,11226,10020,3,195,143,123,116,7.9324539955
2891,11226,10018,7,195,339,123,256,7.8357034166
2892,11226,10001,20,195,670,123,468,7.59055393896
2893,11226,11365,2,195,21,123,9,10.7477485433
2894,11226,10007,23,195,1780,123,1042,5.51062060139
2895,11226,10022,4,195,228,123,164,7.87399203166
2896,11226,10013,5,195,745,123,406,5.82233792094
2897,11226,10472,2,195,23,123,8,13.5689348167
2898,11226,11226,123,195,195,123,123,0.0
2899,11226,10027,4,195,141,123,83,11.5516652849
2900,11226,11210,5,195,34,123,20,1.30517675214
2901,11226,11693,0,195,6,123,6,7.877061629
2902,11226,11432,5,195,49,123,36,9.76094104479
2903,11226,11103,2,195,35,123,26,8.45358922068
2904,11226,11237,2,195,64,123,53,4.42373926368
2905,11226,10010,3,195,218,123,181,6.61827331916
2906,11226,10014,4,195,397,123,286,6.70414438579
2907,11226,10009,1,195,135,123,91,5.77590857284
2908,11226,10036,13,195,826,123,656,8.09121403628
2909,11226,11216,2,195,60,123,49,2.45492462646
2910,11226,11418,0,195,15,123,11,7.38187969406
2911,11226,11109,0,195,5,123,5,4.47416549377
2912,11226,11371,2,195,71,123,65,9.71664381411
2913,11226,10460,4,195,42,123,22,14.0678741041
2914,11226,10048,0,195,86,123,65,5.49084649363
2915,11226,10128,3,195,51,123,40,9.43219264931
2916,11226,11375,5,195,44,123,27,7.75843331658
2917,11226,10023,4,195,210,123,134,9.14170835998
2918,11226,11211,7,195,352,123,256,4.61214416608
2919,11226,10011,6,195,437,123,352,7.01011341473
2920,11226,10025,3,195,143,123,65,10.5949395433
2921,11226,10032,3,195,65,123,28,13.5051538465
2922,11226,11232,3,195,125,123,24,2.65537506908
2923,11226,11377,2,195,46,123,33,7.2633891488
2924,11226,11361,3,195,19,123,11,12.5362197938
2925,11226,11206,0,195,90,123,63,3.99511371472
2926,11226,11430,2,195,187,123,143,8.40951068389
2927,11226,10021,2,195,62,123,45,8.50251049397
2928,11226,11201,7,195,234,123,176,3.87589611821
2929,11226,11238,0,195,109,123,64,2.43565297439
2930,11226,10016,4,195,162,123,110,7.05967775293
2931,11226,11218,3,195,26,123,19,1.07434835747
2932,11226,10301,2,195,45,123,32,7.35438807204
2933,11226,10452,2,195,54,123,34,13.4643944468
2934,11226,10314,7,195,51,123,30,10.323383685
2935,11226,10461,1,195,50,123,20,14.9648904823
2936,11226,11101,8,195,193,123,96,6.95996375587
2937,11226,10029,2,195,50,123,38,10.1101562776
2938,11226,10467,3,195,33,123,22,16.3035615634
2939,11226,11208,0,195,43,123,13,4.75630164761
2940,11226,10024,0,195,101,123,71,9.80392980971
2941,11226,10005,2,195,65,123,41,5.03451730208
2942,11226,10030,1,195,39,123,26,11.9468557181
2943,11226,10002,2,195,258,123,186,5.2218124132
2944,11226,11385,1,195,56,123,31,5.17273535741
2945,11226,11220,2,195,38,123,23,3.17559375899
2946,11226,11215,4,195,123,123,95,2.20328466388
2947,11226,10038,4,195,174,123,85,5.11368459901
2948,11226,11217,2,195,92,123,71,2.79870011636
2949,11226,10462,12,195,104,123,58,14.5084394476
2950,11226,10040,2,195,80,123,27,14.7964815896
2951,11226,10457,2,195,28,123,16,14.2205465318
2952,11226,10017,6,195,277,123,161,7.42898049014
2953,11226,11433,3,195,18,123,12,9.51859701662
2954,11226,10308,0,195,8,123,8,12.1513617212
2955,11226,10468,2,195,52,123,30,15.5914623977
2956,11226,10111,0,195,15,123,13,7.95088191311
2957,11226,10309,3,195,23,123,15,15.716728514
2958,11226,10034,1,195,68,123,33,15.4588367317
2959,11226,10028,2,195,89,123,53,9.07555301685
2960,11226,10035,2,195,65,123,32,10.9039671029
2961,11226,11228,1,195,10,123,8,3.51628915421
2962,11226,11105,0,195,25,123,19,9.27084622715
2963,11226,11355,2,195,26,123,18,10.1393793812
2964,11226,11209,3,195,49,123,28,4.1738516663
2965,11226,11213,1,195,35,123,20,2.08587867492
2966,11226,11369,2,195,12,123,8,9.2616386329
2967,11226,10031,1,195,64,123,45,12.4906730324
2968,11226,11221,1,195,120,123,61,3.52312486605
2969,11226,11212,0,195,12,123,10,2.50904074191
2970,11226,11233,0,195,74,123,34,2.92383199182
2971,11226,11368,2,195,62,123,41,8.68463824857
2972,11226,11205,1,195,37,123,31,3.41688364793
2973,11226,10069,0,195,14,123,8,9.17123017967
2974,11226,11203,1,195,39,123,8,1.2107846844
2975,11226,10459,1,195,16,123,8,12.8549040703
2976,11226,11219,0,195,6,123,4,2.31758085637
2977,11226,11434,2,195,32,123,16,9.82230692483
2978,11226,11230,1,195,11,123,5,1.6033426952
2979,11226,11373,4,195,53,123,27,7.47242442674
2980,11226,11362,1,195,8,123,5,14.0937672076
2981,11226,10305,0,195,11,123,8,7.04646589642
2982,11226,11104,1,195,8,123,6,7.05800265018
2983,11226,10004,4,195,168,123,99,5.8409530394
2984,11226,10275,0,195,13,123,7,9.41832390772
2985,11226,10118,0,195,4,123,3,7.34048012169
2986,11226,10026,1,195,57,123,43,10.8746544318
2987,11226,11235,2,195,19,123,14,4.24960971273
2988,11226,10469,0,195,44,123,12,16.4262437452
2989,11226,10281,1,195,31,123,24,5.71569182808
2990,11226,11223,0,195,10,123,7,3.36823099623
2991,11226,11379,3,195,33,123,13,6.31695919627
2992,11226,10465,3,195,37,123,16,14.4065541329
2993,11226,10455,0,195,20,123,11,12.0164266013
2994,11226,10466,0,195,16,123,11,17.8838118961
2995,11226,11239,0,195,4,123,2,4.01250364218
2996,11226,11207,2,195,86,123,31,3.67390297644
2997,11226,11367,4,195,35,123,17,9.09301247217
2998,11226,11106,1,195,21,123,19,8.15488342578
2999,11226,10471,3,195,19,123,15,17.8448178408
3000,11226,11234,2,195,50,123,15,2.56405570848
3001,11226,10167,0,195,11,123,4,7.63149589582
3002,11226,10453,1,195,21,123,16,14.5157644031
3003,11226,10451,3,195,20,123,12,12.1647690878
3004,11226,10033,3,195,86,123,31,14.0840237368
3005,11226,11354,4,195,38,123,25,10.8952437502
3006,11226,10463,3,195,36,123,16,16.4669786001
3007,11226,10169,0,195,4,123,4,7.61224920696
3008,11226,10456,3,195,21,123,12,12.9620452811
3009,11226,11420,0,195,8,123,7,7.65999717202
3010,11226,10153,0,195,6,123,5,8.22523986188
3011,11226,10307,0,195,6,123,3,17.8737643686
3012,11226,10306,0,195,17,123,8,10.013281853
3013,11226,10165,0,195,2,123,2,7.49120606607
3014,11226,10303,2,195,11,123,7,10.928098244
3015,11226,11224,0,195,22,123,13,5.10599540748
3016,11226,10304,0,195,8,123,5,7.52102451163
3017,11226,10458,2,195,34,123,31,15.5057929399
3018,11226,11414,3,195,13,123,7,5.96986287214
3019,11226,11204,1,195,9,123,8,2.37750204352
3020,11226,11372,2,195,16,123,11,8.14647731618
3021,11226,11357,0,195,9,123,6,12.2989752437
3022,11226,10044,0,195,9,123,8,8.07450263682
3023,11226,11229,5,195,27,123,14,3.26249075491
3024,11226,11236,1,195,15,123,9,2.74784973019
3025,11226,10302,2,195,5,123,5,9.59632496022
3026,11226,11422,1,195,11,123,8,11.6430920623
3027,11226,10312,0,195,4,123,2,13.5826243409
3028,11226,10310,0,195,27,123,6,8.45783549468
3029,11226,11429,1,195,8,123,6,12.1902307741
3030,11226,10152,0,195,2,123,2,7.87074622198
3031,11226,11214,0,195,10,123,6,3.83950238377
3032,11226,11435,2,195,41,123,23,8.53661321965
3033,11226,10039,2,195,8,123,7,12.5217033149
3034,11226,10121,0,195,1,123,1,7.4515222801
3035,11226,11413,2,195,14,123,7,10.8627785951
3036,11226,10473,2,195,14,123,9,12.9860795805
3037,11226,10454,2,195,19,123,10,11.2793064949
3038,11226,11416,3,195,5,123,5,6.12070928424
3039,11226,10280,0,195,5,123,3,5.3970738239
3040,11226,11694,0,195,5,123,4,7.41345577212
3041,11226,11358,0,195,6,123,4,11.5471012908
3042,11226,11421,1,195,4,123,4,6.00117596702
3043,11226,11412,0,195,4,123,4,10.90562285
3044,11226,10174,0,195,2,123,2,7.41384521108
3045,11226,11417,1,195,3,123,3,6.18418155208
3046,11226,11427,2,195,5,123,4,12.3213300284
3047,11226,11411,1,195,4,123,2,12.018635151
3048,11226,11374,3,195,10,123,9,7.41235269314
3049,11226,10096,0,195,2,123,2,9.41832390772
3050,11226,10006,0,195,19,123,18,5.28541747665
3051,11226,10037,2,195,15,123,10,11.645784668
3052,11226,11370,1,195,8,123,4,8.81362181142
3053,11226,10475,3,195,15,123,11,17.4839730835
3054,11226,11225,1,195,17,123,13,1.21713096126
3055,11226,10282,0,195,10,123,9,5.84552383146
3056,11226,11426,3,195,12,123,5,13.6991438207
3057,11226,11378,2,195,18,123,7,6.10677309931
3058,11226,10107,0,195,1,123,1,8.48229872108
3059,11226,11251,0,195,4,123,3,0.551865798085
3060,11226,11436,2,195,6,123,3,8.57213866297
3061,11226,11360,2,195,10,123,5,13.1085217414
3062,11226,11356,0,195,2,123,2,11.3179173047
3063,11226,10474,1,195,8,123,7,12.1261773121
3064,11226,11697,0,195,1,123,1,6.36260168656
3065,11226,10172,0,195,2,123,2,7.67140709309
3066,11226,11691,0,195,4,123,3,10.7627555053
3067,11226,10470,1,195,6,123,4,18.3099234372
3068,11226,11366,1,195,7,123,5,10.1108733911
3069,11226,10041,0,195,2,123,2,4.91068599883
3070,11226,10278,0,195,1,123,1,5.48732661284
3071,11226,10106,0,195,4,123,1,8.38203922496
3072,11226,11428,0,195,2,123,2,12.3797659371
3073,11226,10286,0,195,1,123,1,5.60526857542
3074,11226,10279,0,195,1,123,1,5.44554969875
3075,11226,10103,0,195,1,123,1,8.06632866341
3076,11226,10196,0,195,1,123,1,9.41832390772
3077,11226,10154,0,195,1,123,1,7.83051229637
3078,11226,10119,1,195,2,123,2,7.54401942216
3079,11226,10464,0,195,5,123,4,17.0249907328
3080,11226,10166,0,195,2,123,2,7.62232052724
3081,11226,10203,0,195,1,123,1,9.41832390772
3082,11226,11359,0,195,2,123,2,13.8480419032
3083,11226,10177,0,195,1,123,1,7.67272150315
3084,11226,11040,0,195,1,123,1,16.0125470944
3085,11226,11364,0,195,2,123,2,12.4310736587
3086,11226,11692,0,195,2,123,2,9.14720765709
3087,11226,11423,0,195,1,123,1,10.9302195065
3088,11226,11415,0,195,2,123,2,7.8594410855
3089,11226,10175,0,195,2,123,1,7.63163354391
3090,10027,10012,3,141,445,83,357,6.40054670114
3091,10027,11222,1,141,110,83,71,5.97966877386
3092,10027,11231,2,141,65,83,44,9.56817254867
3093,10027,10019,5,141,637,83,440,3.61569558991
3094,10027,11102,2,141,35,83,30,3.26945513859
3095,10027,10003,2,141,493,83,400,5.81729220355
3096,10027,10020,1,141,143,83,116,3.95437966997
3097,10027,10018,3,141,339,83,256,4.45306215666
3098,10027,10001,3,141,670,83,468,4.79632837627
3099,10027,11365,2,141,21,83,9,9.94324016246
3100,10027,10007,5,141,1780,83,1042,7.29051542665
3101,10027,10022,4,141,228,83,164,3.75807615903
3102,10027,10013,4,141,745,83,406,6.87423219438
3103,10027,10472,2,141,23,83,8,4.6987518683
3104,10027,11226,4,141,195,83,123,11.5516652849
3105,10027,10027,83,141,141,83,83,0.0
3106,10027,11210,3,141,34,83,20,12.7557362595
3107,10027,11693,0,141,6,83,6,16.490911144
3108,10027,11432,1,141,49,83,36,10.8735248341
3109,10027,11103,2,141,35,83,26,4.13574163594
3110,10027,11237,2,141,64,83,53,7.7637853174
3111,10027,10010,3,141,218,83,181,5.27611579949
3112,10027,10014,5,141,397,83,286,5.99163377655
3113,10027,10009,0,141,135,83,91,6.03365792147
3114,10027,10036,5,141,826,83,656,4.10621738584
3115,10027,11216,4,141,60,83,49,9.13364614767
3116,10027,11418,1,141,15,83,11,10.1297705649
3117,10027,11109,0,141,5,83,5,11.9748847525
3118,10027,11371,2,141,71,83,65,5.04019146643
3119,10027,10460,2,141,42,83,22,4.37166971477
3120,10027,10048,0,141,86,83,65,7.56297532888
3121,10027,10128,3,141,51,83,40,2.13695754837
3122,10027,11375,3,141,44,83,27,8.55672750516
3123,10027,10023,4,141,210,83,134,2.91564089235
3124,10027,11211,5,141,352,83,256,6.94006413867
3125,10027,10011,4,141,437,83,352,5.48178276789
3126,10027,10025,5,141,143,83,65,1.19512800901
3127,10027,10032,5,141,65,83,28,2.05806540814
3128,10027,11232,2,141,125,83,24,11.1498988771
3129,10027,11377,2,141,46,83,33,5.51485153795
3130,10027,11361,2,141,19,83,11,10.0917744098
3131,10027,11206,0,141,90,83,63,7.63865473742
3132,10027,11430,2,141,187,83,143,13.9684826037
3133,10027,10021,3,141,62,83,45,3.06644474436
3134,10027,11201,4,141,234,83,176,8.29454160201
3135,10027,11238,3,141,109,83,64,9.1528801115
3136,10027,10016,3,141,162,83,110,4.73835023123
3137,10027,11218,2,141,26,83,19,11.6522688875
3138,10027,10301,2,141,45,83,32,14.4671630689
3139,10027,10452,2,141,54,83,34,2.48344789162
3140,10027,10314,3,141,51,83,30,17.3888509519
3141,10027,10461,1,141,50,83,20,6.46818539089
3142,10027,11101,4,141,193,83,96,4.72001693602
3143,10027,10029,4,141,50,83,38,1.53309266006
3144,10027,10467,2,141,33,83,22,6.08645406924
3145,10027,11208,0,141,43,83,13,10.5864390788
3146,10027,10024,4,141,101,83,71,2.151954271
3147,10027,10005,4,141,65,83,41,7.87777075639
3148,10027,10030,2,141,39,83,26,0.710991795312
3149,10027,10002,2,141,258,83,186,6.80876138419
3150,10027,11385,1,141,56,83,31,8.23535776456
3151,10027,11220,2,141,38,83,23,12.2380222335
3152,10027,11215,2,141,123,83,95,10.1442280747
3153,10027,10038,4,141,174,83,85,7.55115637964
3154,10027,11217,2,141,92,83,71,9.08939865925
3155,10027,10462,3,141,104,83,58,5.44620939766
3156,10027,10040,3,141,80,83,27,3.46633728779
3157,10027,10457,3,141,28,83,16,3.77659764916
3158,10027,10017,4,141,277,83,161,4.27279084299
3159,10027,11433,3,141,18,83,12,11.8994596712
3160,10027,10308,0,141,8,83,8,20.7631856397
3161,10027,10468,2,141,52,83,30,4.76162952824
3162,10027,10111,0,141,15,83,13,3.87527086309
3163,10027,10309,2,141,23,83,15,23.7676276745
3164,10027,10034,3,141,68,83,33,4.21421741396
3165,10027,10028,3,141,89,83,53,2.47682787383
3166,10027,10035,4,141,65,83,32,1.32707967445
3167,10027,11228,1,141,10,83,8,13.7875870594
3168,10027,11105,0,141,25,83,19,3.59153723642
3169,10027,11355,2,141,26,83,18,8.34216070309
3170,10027,11209,3,141,49,83,28,13.6416088585
3171,10027,11213,0,141,35,83,20,9.83803169677
3172,10027,11369,2,141,12,83,8,5.60755771286
3173,10027,10031,5,141,64,83,45,0.988963811891
3174,10027,11221,1,141,120,83,61,8.51259553477
3175,10027,11212,0,141,12,83,10,10.6113670582
3176,10027,11233,0,141,74,83,34,9.55846015081
3177,10027,11368,2,141,62,83,41,6.79290905634
3178,10027,11205,1,141,37,83,31,8.19129380609
3179,10027,10069,0,141,14,83,8,3.17058590334
3180,10027,11203,0,141,39,83,8,11.3478616715
3181,10027,10459,1,141,16,83,8,3.35327165815
3182,10027,11219,0,141,6,83,4,12.6229297443
3183,10027,11434,2,141,32,83,16,13.4872416965
3184,10027,11230,0,141,11,83,5,13.0968031743
3185,10027,11373,2,141,53,83,27,6.65009330273
3186,10027,11362,1,141,8,83,5,12.1923031969
3187,10027,10305,0,141,11,83,8,16.0329791402
3188,10027,11104,0,141,8,83,6,5.1039789956
3189,10027,10004,3,141,168,83,99,9.04016516137
3190,10027,10275,0,141,13,83,7,2.49075012252
3191,10027,10118,1,141,4,83,3,4.69321517641
3192,10027,10026,1,141,57,83,43,0.677220415805
3193,10027,11235,1,141,19,83,14,15.7939653148
3194,10027,10469,0,141,44,83,12,6.83664477798
3195,10027,10281,1,141,31,83,24,7.4597487228
3196,10027,11223,0,141,10,83,7,14.8304008584
3197,10027,11379,2,141,33,83,13,7.76244348657
3198,10027,10465,2,141,37,83,16,7.26256785746
3199,10027,10455,1,141,20,83,11,2.48672215719
3200,10027,10466,0,141,16,83,11,7.82210118862
3201,10027,11239,0,141,4,83,2,12.179078953
3202,10027,11207,2,141,86,83,31,10.2903361445
3203,10027,11367,2,141,35,83,17,9.09474447971
3204,10027,11106,0,141,21,83,19,3.70650543833
3205,10027,10471,2,141,19,83,15,6.65496311462
3206,10027,11234,0,141,50,83,15,13.5078621791
3207,10027,10167,0,141,11,83,4,4.12368897751
3208,10027,10453,1,141,21,83,16,3.57725649612
3209,10027,10451,3,141,20,83,12,1.78171847909
3210,10027,10033,3,141,86,83,31,2.70315264539
3211,10027,11354,2,141,38,83,25,7.48436547549
3212,10027,10463,3,141,36,83,16,5.33721951688
3213,10027,10169,1,141,4,83,4,4.16539223852
3214,10027,10456,2,141,21,83,12,2.7021435813
3215,10027,11420,0,141,8,83,7,12.1289251673
3216,10027,10153,0,141,6,83,5,3.50100949659
3217,10027,10307,0,141,6,83,3,25.9145809497
3218,10027,10306,2,141,17,83,8,18.8399428679
3219,10027,10165,0,141,2,83,2,4.34649803486
3220,10027,10303,2,141,11,83,7,16.6848654954
3221,10027,11224,0,141,22,83,13,16.4035463213
3222,10027,10304,0,141,8,83,5,15.807627822
3223,10027,10458,4,141,34,83,31,4.96569579517
3224,10027,11414,2,141,13,83,7,12.1673002937
3225,10027,11204,0,141,9,83,8,13.4580802234
3226,10027,11372,1,141,16,83,11,5.68741744241
3227,10027,11357,0,141,9,83,6,7.88788728546
3228,10027,10044,0,141,9,83,8,3.49738356227
3229,10027,11229,2,141,27,83,14,14.7435291031
3230,10027,11236,1,141,15,83,9,12.1802015033
3231,10027,10302,2,141,5,83,5,15.7596604393
3232,10027,11422,0,141,11,83,8,15.5068047931
3233,10027,10312,0,141,4,83,2,21.9333962434
3234,10027,10310,0,141,27,83,6,15.0404820158
3235,10027,11429,1,141,8,83,6,13.4060782309
3236,10027,10152,0,141,2,83,2,3.83792993127
3237,10027,11214,1,141,10,83,6,14.9010358484
3238,10027,11435,2,141,41,83,23,10.8791360087
3239,10027,10039,2,141,8,83,7,1.32263000833
3240,10027,10121,0,141,1,83,1,4.76013934728
3241,10027,11413,2,141,14,83,7,14.5217053268
3242,10027,10473,2,141,14,83,9,5.05205595689
3243,10027,10454,2,141,19,83,10,2.08149380785
3244,10027,11416,2,141,5,83,5,10.4816327808
3245,10027,10280,0,141,5,83,3,7.97201438581
3246,10027,11694,0,141,5,83,4,17.2516587348
3247,10027,11358,0,141,6,83,4,9.07598028375
3248,10027,11421,1,141,4,83,4,9.81755149487
3249,10027,11412,1,141,4,83,4,12.9898775133
3250,10027,10174,0,141,2,83,2,4.34070496691
3251,10027,11417,0,141,3,83,3,11.0906609001
3252,10027,11427,2,141,5,83,4,12.3311897304
3253,10027,11411,0,141,4,83,2,14.1397242008
3254,10027,11374,2,141,10,83,9,7.81044587679
3255,10027,10096,0,141,2,83,2,2.49075012252
3256,10027,10006,1,141,19,83,18,7.85201898593
3257,10027,10037,2,141,15,83,10,0.988442962833
3258,10027,11370,0,141,8,83,4,4.81354203038
3259,10027,10475,2,141,15,83,11,8.17050544493
3260,10027,11225,1,141,17,83,13,10.3347205365
3261,10027,10282,0,141,10,83,9,7.28729519667
3262,10027,11426,2,141,12,83,5,13.4671984961
3263,10027,11378,2,141,18,83,7,6.69873676959
3264,10027,10107,0,141,1,83,1,3.50643199437
3265,10027,11251,0,141,4,83,3,11.5742734858
3266,10027,11436,2,141,6,83,3,12.6578560129
3267,10027,11360,2,141,10,83,5,9.44031028339
3268,10027,11356,0,141,2,83,2,6.13223750675
3269,10027,10474,1,141,8,83,7,3.53585693724
3270,10027,11697,0,141,1,83,1,17.5901695662
3271,10027,10172,0,141,2,83,2,4.07513694759
3272,10027,11691,0,141,4,83,3,17.9036929326
3273,10027,10470,1,141,6,83,4,7.8254188325
3274,10027,11366,0,141,7,83,5,10.2994031977
3275,10027,10041,0,141,2,83,2,8.09796127985
3276,10027,10278,0,141,1,83,1,7.16564160118
3277,10027,10106,0,141,4,83,1,3.53397640132
3278,10027,11428,0,141,2,83,2,12.9081904321
3279,10027,10286,0,141,1,83,1,7.41942716726
3280,10027,10279,0,141,1,83,1,7.42557059028
3281,10027,10103,0,141,1,83,1,3.76681356369
3282,10027,10196,0,141,1,83,1,2.49075012252
3283,10027,10154,0,141,1,83,1,3.8853000256
3284,10027,10119,1,141,2,83,2,4.7075382454
3285,10027,10464,0,141,5,83,4,9.22059385924
3286,10027,10166,0,141,2,83,2,4.15936853925
3287,10027,10203,0,141,1,83,1,2.49075012252
3288,10027,11359,0,141,2,83,2,9.44869734174
3289,10027,10177,0,141,1,83,1,4.10716631732
3290,10027,11040,0,141,1,83,1,15.2587570922
3291,10027,11364,0,141,2,83,2,11.1972914593
3292,10027,11692,0,141,2,83,2,17.3164911675
3293,10027,11423,0,141,1,83,1,11.9208252595
3294,10027,11415,0,141,2,83,2,9.82104125642
3295,10027,10175,0,141,2,83,1,4.23175785841
3296,11210,10012,4,34,445,20,357,7.31025104646
3297,11210,11222,1,34,110,20,71,6.78674444597
3298,11210,11231,2,34,65,20,44,4.61435218252
3299,11210,10019,4,34,637,20,440,9.73652748613
3300,11210,11102,2,34,35,20,30,9.95147313087
3301,11210,10003,3,34,493,20,400,7.57350828614
3302,11210,10020,2,34,143,20,116,9.20249179206
3303,11210,10018,5,34,339,20,256,9.12678868681
3304,11210,10001,6,34,670,20,468,8.88666834457
3305,11210,11365,2,34,21,20,9,11.1201262635
3306,11210,10007,6,34,1780,20,1042,6.81054145958
3307,11210,10022,3,34,228,20,164,9.11621144082
3308,11210,10013,1,34,745,20,406,7.12618346254
3309,11210,10472,2,34,23,20,8,14.5444188873
3310,11210,11226,5,34,195,20,123,1.30517675214
3311,11210,10027,3,34,141,20,83,12.7557362595
3312,11210,11210,20,34,34,20,20,0.0
3313,11210,11693,0,34,6,20,6,6.94905155402
3314,11210,11432,1,34,49,20,36,9.96919163332
3315,11210,11103,2,34,35,20,26,9.49245093284
3316,11210,11237,2,34,64,20,53,5.37426069545
3317,11210,10010,3,34,218,20,181,7.90100699489
3318,11210,10014,3,34,397,20,286,8.00920506518
3319,11210,10009,0,34,135,20,91,7.05910487243
3320,11210,10036,5,34,826,20,656,9.37650061997
3321,11210,11216,3,34,60,20,49,3.62209081146
3322,11210,11418,0,34,15,20,11,7.63172285901
3323,11210,11109,0,34,5,20,5,4.24830234474
3324,11210,11371,2,34,71,20,65,10.6105166577
3325,11210,10460,3,34,42,20,22,15.0904940069
3326,11210,10048,0,34,86,20,65,6.78279407516
3327,11210,10128,4,34,51,20,40,10.62582198
3328,11210,11375,5,34,44,20,27,8.2614467699
3329,11210,10023,4,34,210,20,134,10.4091327989
3330,11210,11211,4,34,352,20,256,5.82425372822
3331,11210,10011,4,34,437,20,352,8.3122260552
3332,11210,10025,2,34,143,20,65,11.8283667866
3333,11210,10032,3,34,65,20,28,14.6810804391
3334,11210,11232,2,34,125,20,24,3.62431592087
3335,11210,11377,2,34,46,20,33,8.22755665611
3336,11210,11361,2,34,19,20,11,12.9727497477
3337,11210,11206,0,34,90,20,63,5.13573668142
3338,11210,11430,2,34,187,20,143,8.02911855489
3339,11210,10021,3,34,62,20,45,9.72465848489
3340,11210,11201,5,34,234,20,176,5.17949960052
3341,11210,11238,1,34,109,20,64,3.71158615395
3342,11210,10016,4,34,162,20,110,8.33046371889
3343,11210,11218,3,34,26,20,19,1.96762854288
3344,11210,10301,2,34,45,20,32,7.82695667541
3345,11210,10452,2,34,54,20,34,14.5964556548
3346,11210,10314,5,34,51,20,30,10.6009774911
3347,11210,10461,1,34,50,20,20,15.8672671409
3348,11210,11101,4,34,193,20,96,8.10756427419
3349,11210,10029,3,34,50,20,38,11.2915290759
3350,11210,10467,3,34,33,20,22,17.3257949607
3351,11210,11208,0,34,43,20,13,4.92509275171
3352,11210,10024,1,34,101,20,71,11.0577419884
3353,11210,10005,3,34,65,20,41,6.32449996544
3354,11210,10030,1,34,39,20,26,13.1250209601
3355,11210,10002,1,34,258,20,186,6.52246889336
3356,11210,11385,1,34,56,20,31,5.87609111537
3357,11210,11220,2,34,38,20,23,3.80679321724
3358,11210,11215,3,34,123,20,95,3.44807239659
3359,11210,10038,4,34,174,20,85,6.4134768736
3360,11210,11217,2,34,92,20,71,4.10375061195
3361,11210,10462,5,34,104,20,58,15.4699067644
3362,11210,10040,2,34,80,20,27,15.9478524336
3363,11210,10457,2,34,28,20,16,15.2971314171
3364,11210,10017,5,34,277,20,161,8.68567720546
3365,11210,11433,2,34,18,20,12,9.56469621421
3366,11210,10308,0,34,8,20,8,12.0306078644
3367,11210,10468,2,34,52,20,30,16.6811145265
3368,11210,10111,0,34,15,20,13,9.21599563779
3369,11210,10309,3,34,23,20,15,15.6204053992
3370,11210,10034,2,34,68,20,33,16.594552074
3371,11210,10028,3,34,89,20,53,10.2795348221
3372,11210,10035,2,34,65,20,32,12.0536644164
3373,11210,11228,2,34,10,20,8,3.55145049346
3374,11210,11105,0,34,25,20,19,10.3136961081
3375,11210,11355,2,34,26,20,18,10.6856001451
3376,11210,11209,4,34,49,20,28,4.42692780225
3377,11210,11213,0,34,35,20,20,3.02154807264
3378,11210,11369,2,34,12,20,8,10.1081870775
3379,11210,10031,1,34,64,20,45,13.6811523953
3380,11210,11221,0,34,120,20,61,4.48141284596
3381,11210,11212,0,34,12,20,10,2.90772221495
3382,11210,11233,0,34,74,20,34,3.66501686249
3383,11210,11368,2,34,62,20,41,9.41037522294
3384,11210,11205,2,34,37,20,31,4.68912049224
3385,11210,10069,0,34,14,20,8,10.45039999
3386,11210,11203,1,34,39,20,8,1.59770827653
3387,11210,10459,1,34,16,20,8,13.9003090718
3388,11210,11219,0,34,6,20,4,2.68701814223
3389,11210,11434,2,34,32,20,16,9.64261658917
3390,11210,11230,0,34,11,20,5,1.04330341024
3391,11210,11373,3,34,53,20,27,8.26038687663
3392,11210,11362,1,34,8,20,5,14.3860317155
3393,11210,10305,1,34,11,20,8,7.09651606124
3394,11210,11104,1,34,8,20,6,8.10995879157
3395,11210,10004,3,34,168,20,99,7.03245292087
3396,11210,10275,0,34,13,20,7,10.6741571511
3397,11210,10118,1,34,4,20,3,8.62527068353
3398,11210,10026,0,34,57,20,43,12.0786235965
3399,11210,11235,1,34,19,20,14,3.05579486781
3400,11210,10469,0,34,44,20,12,17.3893723952
3401,11210,10281,1,34,31,20,24,7.00686421817
3402,11210,11223,0,34,10,20,7,2.4921371741
3403,11210,11379,3,34,33,20,13,7.00441009092
3404,11210,10465,3,34,37,20,16,15.2118143622
3405,11210,10455,0,34,20,20,11,13.0970321675
3406,11210,10466,0,34,16,20,11,18.8695615251
3407,11210,11239,0,34,4,20,2,3.6989886741
3408,11210,11207,2,34,86,20,31,4.00464791947
3409,11210,11367,3,34,35,20,17,9.52529897091
3410,11210,11106,0,34,21,20,19,9.28021006304
3411,11210,10471,3,34,19,20,15,18.9578236173
3412,11210,11234,2,34,50,20,15,1.41454623477
3413,11210,10167,0,34,11,20,4,8.89282496319
3414,11210,10453,1,34,21,20,16,15.628979205
3415,11210,10451,3,34,20,20,12,13.2895072886
3416,11210,10033,3,34,86,20,31,15.2470840011
3417,11210,11354,2,34,38,20,25,11.5515894938
3418,11210,10463,4,34,36,20,16,17.5809753819
3419,11210,10169,1,34,4,20,4,8.8760642534
3420,11210,10456,2,34,21,20,12,14.0544194334
3421,11210,11420,0,34,8,20,7,7.5622066504
3422,11210,10153,0,34,6,20,5,9.47815021541
3423,11210,10307,0,34,6,20,3,17.7380621483
3424,11210,10306,1,34,17,20,8,9.92336947627
3425,11210,10165,0,34,2,20,2,8.76160329421
3426,11210,10303,2,34,11,20,7,11.4016401228
3427,11210,11224,0,34,22,20,13,4.29667285699
3428,11210,10304,0,34,8,20,5,7.71735887336
3429,11210,10458,3,34,34,20,31,16.5692735758
3430,11210,11414,2,34,13,20,7,5.76812488021
3431,11210,11204,1,34,9,20,8,2.1530349666
3432,11210,11372,2,34,16,20,11,9.02378891376
3433,11210,11357,0,34,9,20,6,12.9557233652
3434,11210,10044,0,34,9,20,8,9.26398931622
3435,11210,11229,3,34,27,20,14,1.99275110788
3436,11210,11236,1,34,15,20,9,2.36746413938
3437,11210,10302,2,34,5,20,5,10.0765310736
3438,11210,11422,0,34,11,20,8,11.3119432297
3439,11210,10312,0,34,4,20,2,13.4766695319
3440,11210,10310,0,34,27,20,6,8.94108247864
3441,11210,11429,2,34,8,20,6,12.2005391834
3442,11210,10152,0,34,2,20,2,9.12462968371
3443,11210,11214,1,34,10,20,6,3.32678697205
3444,11210,11435,2,34,41,20,23,8.69341784522
3445,11210,10039,2,34,8,20,7,13.6858347482
3446,11210,10121,0,34,1,20,1,8.74318928985
3447,11210,11413,2,34,14,20,7,10.6088291555
3448,11210,10473,2,34,14,20,9,13.9131890383
3449,11210,10454,2,34,19,20,10,12.3794832282
3450,11210,11416,2,34,5,20,5,6.2950489068
3451,11210,10280,0,34,5,20,3,6.67309991762
3452,11210,11694,0,34,5,20,4,6.27204498602
3453,11210,11358,0,34,6,20,4,12.05211532
3454,11210,11421,1,34,4,20,4,6.31402431151
3455,11210,11412,0,34,4,20,4,10.8805724879
3456,11210,10174,0,34,2,20,2,8.67703365337
3457,11210,11417,1,34,3,20,3,6.23075359626
3458,11210,11427,2,34,5,20,4,12.4800275023
3459,11210,11411,0,34,4,20,2,11.9161393489
3460,11210,11374,3,34,10,20,9,8.03489175574
3461,11210,10096,0,34,2,20,2,10.6741571511
3462,11210,10006,1,34,19,20,18,6.57016468374
3463,11210,10037,2,34,15,20,10,12.8051581271
3464,11210,11370,1,34,8,20,4,9.75739659424
3465,11210,10475,3,34,15,20,11,18.4033063456
3466,11210,11225,1,34,17,20,13,2.46322510676
3467,11210,10282,0,34,10,20,9,7.14004847242
3468,11210,11426,2,34,12,20,5,13.8128307323
3469,11210,11378,2,34,18,20,7,7.00534677879
3470,11210,10107,0,34,1,20,1,9.75336649264
3471,11210,11251,0,34,4,20,3,1.18385789135
3472,11210,11436,2,34,6,20,3,8.43753763358
3473,11210,11360,2,34,10,20,5,13.6434891406
3474,11210,11356,0,34,2,20,2,12.1137305085
3475,11210,10474,1,34,8,20,7,13.1409245195
3476,11210,11697,0,34,1,20,1,5.0577262411
3477,11210,10172,0,34,2,20,2,8.93144638853
3478,11210,11691,0,34,4,20,3,9.96328814233
3479,11210,10470,1,34,6,20,4,19.334740845
3480,11210,11366,0,34,7,20,5,10.4122488942
3481,11210,10041,0,34,2,20,2,6.19360774876
3482,11210,10278,0,34,1,20,1,6.79015912067
3483,11210,10106,0,34,4,20,1,9.64962948746
3484,11210,11428,0,34,2,20,2,12.4688667684
3485,11210,10286,0,34,1,20,1,6.89990170055
3486,11210,10279,0,34,1,20,1,6.74292099527
3487,11210,10103,0,34,1,20,1,9.33092289679
3488,11210,10196,0,34,1,20,1,10.6741571511
3489,11210,10154,0,34,1,20,1,9.08561730362
3490,11210,10119,1,34,2,20,2,8.83633783989
3491,11210,10464,0,34,5,20,4,17.812838243
3492,11210,10166,0,34,2,20,2,8.88644365114
3493,11210,10203,0,34,1,20,1,10.6741571511
3494,11210,11359,0,34,2,20,2,14.4201402134
3495,11210,10177,0,34,1,20,1,8.93621049208
3496,11210,11040,0,34,1,20,1,16.0927668219
3497,11210,11364,0,34,2,20,2,12.7351163544
3498,11210,11692,0,34,2,20,2,8.24138760408
3499,11210,11423,0,34,1,20,1,11.0554301895
3500,11210,11415,0,34,2,20,2,8.16665744938
3501,11210,10175,0,34,2,20,1,8.90278851429
3502,11693,10012,0,6,445,6,357,12.9331073044
3503,11693,11222,0,6,110,6,71,11.1065570025
3504,11693,11231,0,6,65,6,44,11.1435049287
3505,11693,10019,0,6,637,6,440,14.5418639699
3506,11693,11102,0,6,35,6,30,13.2295750861
3507,11693,10003,0,6,493,6,400,12.9176388593
3508,11693,10020,0,6,143,6,116,13.9842568106
3509,11693,10018,0,6,339,6,256,14.2210212804
3510,11693,10001,0,6,670,6,468,14.1005163386
3511,11693,11365,0,6,21,6,9,9.90730122048
3512,11693,10007,0,6,1780,6,1042,12.7701624244
3513,11693,10022,0,6,228,6,164,13.6056510628
3514,11693,10013,0,6,745,6,406,12.9560216702
3515,11693,10472,0,6,23,6,8,16.310008189
3516,11693,11226,0,6,195,6,123,7.877061629
3517,11693,10027,0,6,141,6,83,16.490911144
3518,11693,11210,0,6,34,6,20,6.94905155402
3519,11693,11693,6,6,6,6,6,0.0
3520,11693,11432,0,6,49,6,36,8.20534666331
3521,11693,11103,0,6,35,6,26,12.4150057013
3522,11693,11237,0,6,64,6,53,9.03328083217
3523,11693,10010,0,6,218,6,181,12.9915113704
3524,11693,10014,0,6,397,6,286,13.6159286366
3525,11693,10009,0,6,135,6,91,12.2600492775
3526,11693,10036,0,6,826,6,656,14.3508483365
3527,11693,11216,0,6,60,6,49,8.87364370525
3528,11693,11418,0,6,15,6,11,7.04326762627
3529,11693,11109,0,6,5,6,5,4.61400746329
3530,11693,11371,0,6,71,6,65,12.4275039491
3531,11693,10460,0,6,42,6,22,17.1337253941
3532,11693,10048,0,6,86,6,65,12.8619994319
3533,11693,10128,0,6,51,6,40,14.487972619
3534,11693,11375,0,6,44,6,27,8.63603583217
3535,11693,10023,0,6,210,6,134,15.0386447161
3536,11693,11211,0,6,352,6,256,10.6330453975
3537,11693,10011,0,6,437,6,352,13.7323655296
3538,11693,10025,0,6,143,6,65,15.9399996173
3539,11693,10032,0,6,65,6,28,17.9916568653
3540,11693,11232,0,6,125,6,24,10.5048217816
3541,11693,11377,0,6,46,6,33,10.9926304858
3542,11693,11361,0,6,19,6,11,11.7196272137
3543,11693,11206,0,6,90,6,63,9.73327519092
3544,11693,11430,0,6,187,6,143,3.90704644337
3545,11693,10021,0,6,62,6,45,13.9490805398
3546,11693,11201,0,6,234,6,176,11.1891822917
3547,11693,11238,0,6,109,6,64,9.44884139756
3548,11693,10016,0,6,162,6,110,13.2196285823
3549,11693,11218,0,6,26,6,19,8.84340978293
3550,11693,10301,0,6,45,6,32,14.6345709826
3551,11693,10452,0,6,54,6,34,17.5311782987
3552,11693,10314,0,6,51,6,30,17.1232442829
3553,11693,10461,0,6,50,6,20,16.9991759318
3554,11693,11101,0,6,193,6,96,12.0044980769
3555,11693,10029,0,6,50,6,38,14.9708481319
3556,11693,10467,0,6,33,6,22,19.1742969863
3557,11693,11208,0,6,43,6,13,5.9129776069
3558,11693,10024,0,6,101,6,71,15.4632834019
3559,11693,10005,0,6,65,6,41,12.4530507559
3560,11693,10030,0,6,39,6,26,16.5880060697
3561,11693,10002,0,6,258,6,186,12.0776830791
3562,11693,11385,0,6,56,6,31,8.26770444314
3563,11693,11220,0,6,38,6,23,10.7507093591
3564,11693,11215,0,6,123,6,95,9.98409356466
3565,11693,10038,0,6,174,6,85,12.404100712
3566,11693,11217,0,6,92,6,71,10.1745505917
3567,11693,10462,0,6,104,6,58,17.0427631216
3568,11693,10040,0,6,80,6,27,18.941755617
3569,11693,10457,0,6,28,6,16,17.7256945979
3570,11693,10017,0,6,277,6,161,13.3752073496
3571,11693,11433,0,6,18,6,12,7.07946664663
3572,11693,10308,0,6,8,6,8,17.7076692267
3573,11693,10468,0,6,52,6,30,19.1008809598
3574,11693,10111,0,6,15,6,13,13.9372488019
3575,11693,10309,0,6,23,6,15,21.2076274493
3576,11693,10034,0,6,68,6,33,19.4052026869
3577,11693,10028,0,6,89,6,53,14.273399544
3578,11693,10035,0,6,65,6,32,15.3839993094
3579,11693,11228,0,6,10,6,8,10.1913364396
3580,11693,11105,0,6,25,6,19,13.1127610749
3581,11693,11355,0,6,26,6,18,10.5230650469
3582,11693,11209,0,6,49,6,28,11.1767723989
3583,11693,11213,0,6,35,6,20,7.9044936529
3584,11693,11369,0,6,12,6,8,11.7531695604
3585,11693,10031,0,6,64,6,45,17.2075755862
3586,11693,11221,0,6,120,6,61,8.58500076932
3587,11693,11212,0,6,12,6,10,6.66488039241
3588,11693,11233,0,6,74,6,34,7.5780730697
3589,11693,11368,0,6,62,6,41,10.5570169262
3590,11693,11205,0,6,37,6,31,10.1745723123
3591,11693,10069,0,6,14,6,8,15.2363840279
3592,11693,11203,0,6,39,6,8,6.95577188153
3593,11693,10459,0,6,16,6,8,16.2305115987
3594,11693,11219,0,6,6,6,4,9.59894810351
3595,11693,11434,0,6,32,6,16,5.9193706711
3596,11693,11230,0,6,11,6,5,7.80764900483
3597,11693,11373,0,6,53,6,27,10.0755624702
3598,11693,11362,0,6,8,6,5,12.1142677477
3599,11693,10305,0,6,11,6,8,13.4257581922
3600,11693,11104,0,6,8,6,6,11.4061781656
3601,11693,10004,0,6,168,6,99,13.6084694865
3602,11693,10275,0,6,13,6,7,15.1388052724
3603,11693,10118,0,6,4,6,3,13.6655928521
3604,11693,10026,0,6,57,6,43,15.876157324
3605,11693,11235,0,6,19,6,14,6.91956362361
3606,11693,10469,0,6,44,6,12,18.8026450034
3607,11693,10281,0,6,31,6,24,13.0820155718
3608,11693,11223,0,6,10,6,7,8.02181109183
3609,11693,11379,0,6,33,6,13,8.79023475782
3610,11693,10465,0,6,37,6,16,15.7859492939
3611,11693,10455,0,6,20,6,11,15.7747348018
3612,11693,10466,0,6,16,6,11,20.3364602071
3613,11693,11239,0,6,4,6,2,4.59747194588
3614,11693,11207,0,6,86,6,31,6.42907839702
3615,11693,11367,0,6,35,6,17,9.08483636781
3616,11693,11106,0,6,21,6,19,12.8114432803
3617,11693,10471,0,6,19,6,15,21.4221720484
3618,11693,11234,0,6,50,6,15,5.55809347014
3619,11693,10167,0,6,11,6,4,13.6075371092
3620,11693,10453,0,6,21,6,16,18.3217904168
3621,11693,10451,0,6,20,6,12,16.2869765649
3622,11693,10033,0,6,86,6,31,18.3972162721
3623,11693,11354,0,6,38,6,25,11.8031497951
3624,11693,10463,0,6,36,6,16,20.1386916165
3625,11693,10169,0,6,4,6,4,13.6205865767
3626,11693,10456,0,6,21,6,12,16.7208806285
3627,11693,11420,0,6,8,6,7,5.26396938178
3628,11693,10153,0,6,6,6,5,14.034043067
3629,11693,10307,0,6,6,6,3,23.1439145687
3630,11693,10306,0,6,17,6,8,15.7955335698
3631,11693,10165,0,6,2,6,2,13.5960543324
3632,11693,10303,0,6,11,6,7,18.1545985349
3633,11693,11224,0,6,22,6,13,9.15334320677
3634,11693,10304,0,6,8,6,5,14.2266228916
3635,11693,10458,0,6,34,6,31,18.7906168924
3636,11693,11414,0,6,13,6,7,4.4007768233
3637,11693,11204,0,6,9,6,8,8.80599123151
3638,11693,11372,0,6,16,6,11,11.1008532283
3639,11693,11357,0,6,9,6,6,12.9493421166
3640,11693,10044,0,6,9,6,8,13.2726443914
3641,11693,11229,0,6,27,6,14,6.38705245862
3642,11693,11236,0,6,15,6,9,5.33573870898
3643,11693,10302,0,6,5,6,5,16.8539541127
3644,11693,11422,0,6,11,6,8,6.34623245701
3645,11693,10312,0,6,4,6,2,19.1224587457
3646,11693,10310,0,6,27,6,6,15.7383574503
3647,11693,11429,0,6,8,6,6,8.80900457876
3648,11693,10152,0,6,2,6,2,13.7315816657
3649,11693,11214,0,6,10,6,6,9.27523301264
3650,11693,11435,0,6,41,6,23,7.13375028213
3651,11693,10039,0,6,8,6,7,16.9740454433
3652,11693,10121,0,6,1,6,1,13.8834170422
3653,11693,11413,0,6,14,6,7,6.1979109141
3654,11693,10473,0,6,14,6,9,15.4253784802
3655,11693,10454,0,6,19,6,10,15.2864888564
3656,11693,11416,0,6,5,6,5,6.16991684213
3657,11693,10280,0,6,5,6,3,12.9011652753
3658,11693,11694,0,6,5,6,4,2.01912728886
3659,11693,11358,0,6,6,6,4,11.3543813685
3660,11693,11421,0,6,4,6,4,6.78859530267
3661,11693,11412,0,6,4,6,4,7.60750210898
3662,11693,10174,0,6,2,6,2,13.4378749015
3663,11693,11417,0,6,3,6,3,5.57852073703
3664,11693,11427,0,6,5,6,4,9.81575249843
3665,11693,11411,0,6,4,6,2,7.99500459838
3666,11693,11374,0,6,10,6,9,9.0917246206
3667,11693,10096,0,6,2,6,2,15.1388052724
3668,11693,10006,0,6,19,6,18,12.7342981003
3669,11693,10037,0,6,15,6,10,16.135917572
3670,11693,11370,0,6,8,6,4,12.0456953879
3671,11693,10475,0,6,15,6,11,19.4308124304
3672,11693,11225,0,6,17,6,13,8.44374252382
3673,11693,10282,0,6,10,6,9,13.1655565168
3674,11693,11426,0,6,12,6,5,10.6784151637
3675,11693,11378,0,6,18,6,7,9.79535136951
3676,11693,10107,0,6,1,6,1,14.4917550923
3677,11693,11251,0,6,4,6,3,7.37575145355
3678,11693,11436,0,6,6,6,3,5.46046189741
3679,11693,11360,0,6,10,6,5,12.8276992681
3680,11693,11356,0,6,2,6,2,13.067413789
3681,11693,10474,0,6,8,6,7,15.3402748056
3682,11693,11697,0,6,1,6,1,5.33229886913
3683,11693,10172,0,6,2,6,2,13.627405107
3684,11693,11691,0,6,4,6,3,3.17116500464
3685,11693,10470,0,6,6,6,4,21.0638946717
3686,11693,11366,0,6,7,6,5,9.00794357216
3687,11693,10041,0,6,2,6,2,12.3941310713
3688,11693,10278,0,6,1,6,1,12.6814626593
3689,11693,10106,0,6,4,6,1,14.3547934657
3690,11693,11428,0,6,2,6,2,9.43813723581
3691,11693,10286,0,6,1,6,1,12.9384284486
3692,11693,10279,0,6,1,6,1,12.7517918604
3693,11693,10103,0,6,1,6,1,14.0335997977
3694,11693,10196,0,6,1,6,1,15.1388052724
3695,11693,10154,0,6,1,6,1,13.7101228089
3696,11693,10119,0,6,2,6,2,13.9796174899
3697,11693,10464,0,6,5,6,4,18.0170875714
3698,11693,10166,0,6,2,6,2,13.6332660532
3699,11693,10203,0,6,1,6,1,15.1388052724
3700,11693,11359,0,6,2,6,2,13.7001561878
3701,11693,10177,0,6,1,6,1,13.6701113206
3702,11693,11040,0,6,1,6,1,12.4962509585
3703,11693,11364,0,6,2,6,2,10.8012862908
3704,11693,11692,0,6,2,6,2,1.29760388918
3705,11693,11423,0,6,1,6,1,8.53515397367
3706,11693,11415,0,6,2,6,2,7.60430326037
3707,11693,10175,0,6,2,6,1,13.7307179816
3708,11432,10012,0,49,445,36,357,10.7985208396
3709,11432,11222,1,49,110,36,71,8.042192246
3710,11432,11231,0,49,65,36,44,11.2593702269
3711,11432,10019,3,49,637,36,440,10.7046126885
3712,11432,11102,1,49,35,36,30,7.94285243258
3713,11432,10003,3,49,493,36,400,10.3729171616
3714,11432,10020,1,49,143,36,116,10.2846281036
3715,11432,10018,1,49,339,36,256,10.8780128341
3716,11432,10001,4,49,670,36,468,10.9654493245
3717,11432,11365,1,49,21,36,9,1.71501387049
3718,11432,10007,8,49,1780,36,1042,11.23438966
3719,11432,10022,2,49,228,36,164,9.64724619982
3720,11432,10013,2,49,745,36,406,11.1405288984
3721,11432,10472,0,49,23,36,8,8.94029638933
3722,11432,11226,5,49,195,36,123,9.76094104479
3723,11432,10027,1,49,141,36,83,10.8735248341
3724,11432,11210,1,49,34,36,20,9.96919163332
3725,11432,11693,0,49,6,36,6,8.20534666331
3726,11432,11432,36,49,49,36,36,0.0
3727,11432,11103,0,49,35,36,26,7.03506858145
3728,11432,11237,0,49,64,36,53,6.69384484356
3729,11432,10010,2,49,218,36,181,10.0590670924
3730,11432,10014,1,49,397,36,286,11.2235619381
3731,11432,10009,0,49,135,36,91,9.77429504656
3732,11432,10036,3,49,826,36,656,10.8008286919
3733,11432,11216,1,49,60,36,49,8.46673004619
3734,11432,11418,0,49,15,36,11,2.38121126084
3735,11432,11109,0,49,5,36,5,5.94533825561
3736,11432,11371,0,49,71,36,65,5.86769418383
3737,11432,10460,1,49,42,36,22,9.87146803155
3738,11432,10048,0,49,86,36,65,11.5010878743
3739,11432,10128,2,49,51,36,40,9.47976791647
3740,11432,11375,4,49,44,36,27,2.79555105272
3741,11432,10023,2,49,210,36,134,10.8302044449
3742,11432,11211,1,49,352,36,256,8.45609888361
3743,11432,10011,1,49,437,36,352,11.0170354755
3744,11432,10025,3,49,143,36,65,10.8662646354
3745,11432,10032,2,49,65,36,28,11.6943211514
3746,11432,11232,1,49,125,36,24,11.799335829
3747,11432,11377,0,49,46,36,33,6.13128308401
3748,11432,11361,0,49,19,36,11,3.53208648542
3749,11432,11206,0,49,90,36,63,7.8994954366
3750,11432,11430,0,49,187,36,143,4.3921003216
3751,11432,10021,1,49,62,36,45,9.54144480705
3752,11432,11201,4,49,234,36,176,10.3653848931
3753,11432,11238,1,49,109,36,64,9.19707064636
3754,11432,10016,2,49,162,36,110,9.92614002199
3755,11432,11218,0,49,26,36,19,10.7322812021
3756,11432,10301,0,49,45,36,32,16.8078705422
3757,11432,10452,1,49,54,36,34,10.9445320244
3758,11432,10314,5,49,51,36,30,19.9308916906
3759,11432,10461,0,49,50,36,20,9.19322429053
3760,11432,11101,5,49,193,36,96,7.95184859428
3761,11432,10029,2,49,50,36,38,9.6228923896
3762,11432,10467,1,49,33,36,22,11.6183586161
3763,11432,11208,0,49,43,36,13,5.05088961953
3764,11432,10024,1,49,101,36,71,10.8594730614
3765,11432,10005,1,49,65,36,41,11.3208710748
3766,11432,10030,0,49,39,36,26,10.6610867427
3767,11432,10002,1,49,258,36,186,10.1749910773
3768,11432,11385,0,49,56,36,31,5.28592828825
3769,11432,11220,0,49,38,36,23,12.7197834697
3770,11432,11215,1,49,123,36,95,10.6033642371
3771,11432,10038,2,49,174,36,85,11.0521147305
3772,11432,11217,1,49,92,36,71,9.94322591454
3773,11432,10462,5,49,104,36,58,9.4766836897
3774,11432,10040,0,49,80,36,27,12.2413389577
3775,11432,10457,1,49,28,36,16,10.6895626705
3776,11432,10017,2,49,277,36,161,9.758451221
3777,11432,11433,0,49,18,36,12,1.25373520472
3778,11432,10308,0,49,8,36,8,21.9050573429
3779,11432,10468,0,49,52,36,30,11.9274243097
3780,11432,10111,0,49,15,36,13,10.1718588557
3781,11432,10309,0,49,23,36,15,25.476365936
3782,11432,10034,1,49,68,36,33,12.5058647565
3783,11432,10028,1,49,89,36,53,9.48387696821
3784,11432,10035,1,49,65,36,32,9.55578847705
3785,11432,11228,0,49,10,36,8,13.2718297977
3786,11432,11105,1,49,25,36,19,7.33660606328
3787,11432,11355,0,49,26,36,18,2.79757705838
3788,11432,11209,1,49,49,36,28,13.9069756867
3789,11432,11213,0,49,35,36,20,8.00017189113
3790,11432,11369,0,49,12,36,8,5.26730076658
3791,11432,10031,0,49,64,36,45,11.241743271
3792,11432,11221,0,49,120,36,61,7.16760946861
3793,11432,11212,0,49,12,36,10,7.25294299649
3794,11432,11233,0,49,74,36,34,7.06564401147
3795,11432,11368,0,49,62,36,41,4.10666840323
3796,11432,11205,1,49,37,36,31,9.13878990325
3797,11432,10069,0,49,14,36,8,11.1839289598
3798,11432,11203,0,49,39,36,8,8.60805849701
3799,11432,10459,0,49,16,36,8,9.30095594253
3800,11432,11219,0,49,6,36,4,12.065362657
3801,11432,11434,1,49,32,36,16,2.91564902125
3802,11432,11230,0,49,11,36,5,10.9683660234
3803,11432,11373,1,49,53,36,27,4.70184789643
3804,11432,11362,0,49,8,36,5,4.44965177256
3805,11432,10305,0,49,11,36,8,16.8040693784
3806,11432,11104,0,49,8,36,6,6.93586700966
3807,11432,10004,2,49,168,36,99,13.0600175305
3808,11432,10275,0,49,13,36,7,10.6912642549
3809,11432,10118,1,49,4,36,3,10.4238564527
3810,11432,10026,0,49,57,36,43,10.45216548
3811,11432,11235,1,49,19,36,14,12.2035340313
3812,11432,10469,0,49,44,36,12,11.0321343954
3813,11432,10281,1,49,31,36,24,11.6411732605
3814,11432,11223,0,49,10,36,7,12.3531177054
3815,11432,11379,0,49,33,36,13,4.51770977862
3816,11432,10465,1,49,37,36,16,7.80420147319
3817,11432,10455,1,49,20,36,11,9.2216247256
3818,11432,10466,0,49,16,36,11,12.521862037
3819,11432,11239,1,49,4,36,2,6.52639793795
3820,11432,11207,0,49,86,36,31,6.0871926081
3821,11432,11367,1,49,35,36,17,1.78612921289
3822,11432,11106,0,49,21,36,19,7.97158116652
3823,11432,10471,0,49,19,36,15,14.1183451485
3824,11432,11234,2,49,50,36,15,9.43315609095
3825,11432,10167,0,49,11,36,4,9.94289380137
3826,11432,10453,0,49,21,36,16,11.4332264327
3827,11432,10451,0,49,20,36,12,9.94613115052
3828,11432,10033,1,49,86,36,31,11.897261065
3829,11432,11354,2,49,38,36,25,4.07010177301
3830,11432,10463,2,49,36,36,16,12.9843532322
3831,11432,10169,1,49,4,36,4,9.99112093518
3832,11432,10456,0,49,21,36,12,10.0075391408
3833,11432,11420,1,49,8,36,7,3.04049663965
3834,11432,10153,0,49,6,36,5,10.0204481888
3835,11432,10307,0,49,6,36,3,27.6280242086
3836,11432,10306,1,49,17,36,8,19.7703454168
3837,11432,10165,0,49,2,36,2,10.0955456047
3838,11432,10303,0,49,11,36,7,20.2556500078
3839,11432,11224,0,49,22,36,13,14.1035610806
3840,11432,10304,0,49,8,36,5,17.2274780417
3841,11432,10458,1,49,34,36,31,11.5015631484
3842,11432,11414,1,49,13,36,7,4.66874169336
3843,11432,11204,0,49,9,36,8,12.0157957938
3844,11432,11372,0,49,16,36,11,5.38818734955
3845,11432,11357,0,49,9,36,6,4.92345047214
3846,11432,10044,0,49,9,36,8,8.82965486867
3847,11432,11229,0,49,27,36,14,11.1032511524
3848,11432,11236,0,49,15,36,9,7.70892108739
3849,11432,10302,1,49,5,36,5,18.9542999692
3850,11432,11422,1,49,11,36,8,4.68965673354
3851,11432,10312,0,49,4,36,2,23.3401410653
3852,11432,10310,0,49,27,36,6,17.8519070126
3853,11432,11429,0,49,8,36,6,2.86987072262
3854,11432,10152,0,49,2,36,2,9.88300526118
3855,11432,11214,1,49,10,36,6,13.2959616853
3856,11432,11435,1,49,41,36,23,1.30575873222
3857,11432,10039,0,49,8,36,7,10.8038367997
3858,11432,10121,0,49,1,36,1,10.710978009
3859,11432,11413,0,49,14,36,7,3.7479424837
3860,11432,10473,0,49,14,36,9,7.98395202055
3861,11432,10454,0,49,19,36,10,9.04557282807
3862,11432,11416,1,49,5,36,5,3.67544955468
3863,11432,10280,0,49,5,36,3,11.7999699975
3864,11432,11694,0,49,5,36,4,9.91283680418
3865,11432,11358,0,49,6,36,4,3.20376810655
3866,11432,11421,0,49,4,36,4,3.77420148651
3867,11432,11412,0,49,4,36,4,2.124058867
3868,11432,10174,0,49,2,36,2,9.89351913989
3869,11432,11417,0,49,3,36,3,3.7972605053
3870,11432,11427,0,49,5,36,4,2.57511588642
3871,11432,11411,1,49,4,36,2,3.33749402281
3872,11432,11374,0,49,10,36,9,3.62950467029
3873,11432,10096,0,49,2,36,2,10.6912642549
3874,11432,10006,1,49,19,36,18,11.5689690438
3875,11432,10037,0,49,15,36,10,10.154760903
3876,11432,11370,0,49,8,36,4,6.1188780127
3877,11432,10475,0,49,15,36,11,11.4673832887
3878,11432,11225,0,49,17,36,13,9.20735037798
3879,11432,10282,0,49,10,36,9,11.6098184628
3880,11432,11426,1,49,12,36,5,3.98866963876
3881,11432,11378,1,49,18,36,7,5.78810818112
3882,11432,10107,0,49,1,36,1,10.5792426917
3883,11432,11251,0,49,4,36,3,9.28872154058
3884,11432,11436,0,49,6,36,3,2.76651997397
3885,11432,11360,0,49,10,36,5,4.62298828704
3886,11432,11356,0,49,2,36,2,5.58731840607
3887,11432,10474,0,49,8,36,7,8.43869257378
3888,11432,11697,0,49,1,36,1,12.2413635821
3889,11432,10172,0,49,2,36,2,9.93112687913
3890,11432,11691,0,49,4,36,3,8.0704844115
3891,11432,10470,0,49,6,36,4,13.3456234133
3892,11432,11366,1,49,7,36,5,0.832804679601
3893,11432,10041,0,49,2,36,2,11.4122605896
3894,11432,10278,0,49,1,36,1,11.0636025106
3895,11432,10106,0,49,4,36,1,10.4384949123
3896,11432,11428,0,49,2,36,2,2.75810060091
3897,11432,10286,0,49,1,36,1,11.4803390652
3898,11432,10279,0,49,1,36,1,11.3061060219
3899,11432,10103,0,49,1,36,1,10.2127787611
3900,11432,10196,0,49,1,36,1,10.6912642549
3901,11432,10154,0,49,1,36,1,9.89172814136
3902,11432,10119,1,49,2,36,2,10.7809322117
3903,11432,10464,0,49,5,36,4,9.86115593675
3904,11432,10166,0,49,2,36,2,10.0025466916
3905,11432,10203,0,49,1,36,1,10.6912642549
3906,11432,11359,0,49,2,36,2,5.49506454715
3907,11432,10177,0,49,1,36,1,10.0096877477
3908,11432,11040,0,49,1,36,1,6.31907293493
3909,11432,11364,0,49,2,36,2,2.84736593548
3910,11432,11692,0,49,2,36,2,8.36431480005
3911,11432,11423,0,49,1,36,1,1.31263347584
3912,11432,11415,0,49,2,36,2,1.98006545035
3913,11432,10175,0,49,2,36,1,10.1759383451
3914,11103,10012,2,35,445,26,357,5.25112513637
3915,11103,11222,1,35,110,26,71,3.11667023935
3916,11103,11231,2,35,65,26,44,7.54130241733
3917,11103,10019,4,35,637,26,440,3.92318465388
3918,11103,11102,2,35,35,26,30,0.920205545153
3919,11103,10003,1,35,493,26,400,4.62189282965
3920,11103,10020,0,35,143,26,116,3.64967294406
3921,11103,10018,2,35,339,26,256,4.36052436387
3922,11103,10001,6,35,670,26,468,4.57107545043
3923,11103,11365,3,35,21,26,9,6.45104620188
3924,11103,10007,2,35,1780,26,1042,6.0509638187
3925,11103,10022,4,35,228,26,164,2.97223844236
3926,11103,10013,0,35,745,26,406,5.74803954788
3927,11103,10472,2,35,23,26,8,5.15888625043
3928,11103,11226,2,35,195,26,123,8.45358922068
3929,11103,10027,2,35,141,26,83,4.13574163594
3930,11103,11210,2,35,34,26,20,9.49245093284
3931,11103,11693,0,35,6,26,6,12.4150057013
3932,11103,11432,0,35,49,26,36,7.03506858145
3933,11103,11103,26,35,35,26,26,0.0
3934,11103,11237,2,35,64,26,53,4.14060333086
3935,11103,10010,3,35,218,26,181,4.08243493534
3936,11103,10014,3,35,397,26,286,5.32405890186
3937,11103,10009,0,35,135,26,91,4.33154318047
3938,11103,10036,3,35,826,26,656,4.16644786746
3939,11103,11216,2,35,60,26,49,6.02515363473
3940,11103,11418,0,35,15,26,11,6.02037042402
3941,11103,11109,0,35,5,26,5,7.98309999887
3942,11103,11371,2,35,71,26,65,1.98142577705
3943,11103,10460,2,35,42,26,22,5.61439454503
3944,11103,10048,0,35,86,26,65,6.3741072849
3945,11103,10128,2,35,51,26,40,2.44843098326
3946,11103,11375,3,35,44,26,27,4.49920423866
3947,11103,10023,2,35,210,26,134,3.88127656876
3948,11103,11211,3,35,352,26,256,4.18381791252
3949,11103,10011,4,35,437,26,352,4.92031737421
3950,11103,10025,0,35,143,26,65,3.87474180174
3951,11103,10032,2,35,65,26,28,5.59814015525
3952,11103,11232,3,35,125,26,24,8.88961951306
3953,11103,11377,2,35,46,26,33,1.43660208817
3954,11103,11361,3,35,19,26,11,7.18732245226
3955,11103,11206,0,35,90,26,63,4.50698695744
3956,11103,11430,2,35,187,26,143,9.83989272268
3957,11103,10021,2,35,62,26,45,2.62614620707
3958,11103,11201,3,35,234,26,176,6.21644111121
3959,11103,11238,0,35,109,26,64,6.32584968015
3960,11103,10016,3,35,162,26,110,3.68565499372
3961,11103,11218,2,35,26,26,19,8.85604912399
3962,11103,10301,2,35,45,26,32,13.2185236291
3963,11103,10452,2,35,54,26,34,5.26310089818
3964,11103,10314,3,35,51,26,30,16.3759849053
3965,11103,10461,1,35,50,26,20,6.70624967623
3966,11103,11101,2,35,193,26,96,1.91385166663
3967,11103,10029,2,35,50,26,38,2.69061271693
3968,11103,10467,2,35,33,26,22,7.84997245512
3969,11103,11208,0,35,43,26,13,6.54956366365
3970,11103,10024,0,35,101,26,71,3.82927444054
3971,11103,10005,2,35,65,26,41,6.45936314902
3972,11103,10030,1,35,39,26,26,4.17401280345
3973,11103,10002,0,35,258,26,186,5.09820136478
3974,11103,11385,1,35,56,26,31,4.2404965764
3975,11103,11220,2,35,38,26,23,10.0314316942
3976,11103,11215,3,35,123,26,95,7.66590343081
3977,11103,10038,3,35,174,26,85,6.10047757337
3978,11103,11217,1,35,92,26,71,6.59448794896
3979,11103,10462,2,35,104,26,58,6.11459400924
3980,11103,10040,2,35,80,26,27,6.67038991222
3981,11103,10457,2,35,28,26,16,5.81675751282
3982,11103,10017,2,35,277,26,161,3.30688370784
3983,11103,11433,2,35,18,26,12,7.94264237992
3984,11103,10308,0,35,8,26,8,19.2966602102
3985,11103,10468,2,35,52,26,30,7.2123070564
3986,11103,10111,0,35,15,26,13,3.51637402939
3987,11103,10309,2,35,23,26,15,22.6078640298
3988,11103,10034,1,35,68,26,33,7.23933112545
3989,11103,10028,2,35,89,26,53,2.45798119241
3990,11103,10035,2,35,65,26,32,2.96928892739
3991,11103,11228,1,35,10,26,8,11.3436765645
3992,11103,11105,0,35,25,26,19,0.821345900562
3993,11103,11355,2,35,26,26,18,4.89072783832
3994,11103,11209,3,35,49,26,28,11.4766043618
3995,11103,11213,0,35,35,26,20,6.47090642278
3996,11103,11369,3,35,12,26,8,2.11964354924
3997,11103,10031,1,35,64,26,45,4.79419332564
3998,11103,11221,0,35,120,26,61,5.01590938108
3999,11103,11212,0,35,12,26,10,6.95495302813
4000,11103,11233,0,35,74,26,34,5.94991269547
4001,11103,11368,3,35,62,26,41,2.96572748966
4002,11103,11205,0,35,37,26,31,5.53678165259
4003,11103,10069,0,35,14,26,8,4.26366383265
4004,11103,11203,0,35,39,26,8,7.94540695379
4005,11103,10459,1,35,16,26,8,4.40836993367
4006,11103,11219,0,35,6,26,4,10.0605702949
4007,11103,11434,2,35,32,26,16,9.4651923283
4008,11103,11230,0,35,11,26,5,10.0568634793
4009,11103,11373,2,35,53,26,27,2.53350073836
4010,11103,11362,2,35,8,26,5,9.32566484637
4011,11103,10305,0,35,11,26,8,14.2233103286
4012,11103,11104,0,35,8,26,6,1.39743319091
4013,11103,10004,2,35,168,26,99,8.13043146724
4014,11103,10275,0,35,13,26,7,3.68676348423
4015,11103,10118,0,35,4,26,3,4.0800990156
4016,11103,10026,0,35,57,26,43,3.58500216021
4017,11103,11235,1,35,19,26,14,12.5337545468
4018,11103,10469,0,35,44,26,12,8.01718822728
4019,11103,10281,0,35,31,26,24,6.39853889601
4020,11103,11223,0,35,10,26,7,11.8215194978
4021,11103,11379,2,35,33,26,13,3.64034395839
4022,11103,10465,2,35,37,26,16,6.53753239272
4023,11103,10455,0,35,20,26,11,3.6328242486
4024,11103,10466,0,35,16,26,11,9.44484869938
4025,11103,11239,0,35,4,26,2,8.25140306413
4026,11103,11207,2,35,86,26,31,6.41468483812
4027,11103,11367,2,35,35,26,17,5.25934070065
4028,11103,11106,0,35,21,26,19,1.0807242347
4029,11103,10471,2,35,19,26,15,9.52021572171
4030,11103,11234,0,35,50,26,15,9.98017621966
4031,11103,10167,0,35,11,26,4,3.40636415707
4032,11103,10453,1,35,21,26,16,6.21402128781
4033,11103,10451,2,35,20,26,12,3.96197810507
4034,11103,10033,3,35,86,26,31,6.05301845455
4035,11103,11354,2,35,38,26,25,4.52247003746
4036,11103,10463,2,35,36,26,16,8.15253417294
4037,11103,10169,0,35,4,26,4,3.46839000618
4038,11103,10456,2,35,21,26,12,4.60471838445
4039,11103,11420,0,35,8,26,7,8.00491427107
4040,11103,10153,0,35,6,26,5,3.24124716968
4041,11103,10307,0,35,6,26,3,24.8029196623
4042,11103,10306,0,35,17,26,8,17.2229651188
4043,11103,10165,0,35,2,26,2,3.64185257905
4044,11103,10303,2,35,11,26,7,16.103287172
4045,11103,11224,0,35,22,26,13,13.5431784324
4046,11103,10304,0,35,8,26,5,14.2456166358
4047,11103,10458,3,35,34,26,31,7.07847847362
4048,11103,11414,2,35,13,26,7,8.05666260662
4049,11103,11204,0,35,9,26,8,10.6674974488
4050,11103,11372,1,35,16,26,11,1.65164262147
4051,11103,11357,0,35,9,26,6,5.5365894263
4052,11103,10044,0,35,9,26,8,2.00810935525
4053,11103,11229,2,35,27,26,14,11.4077966177
4054,11103,11236,1,35,15,26,9,8.45735746164
4055,11103,10302,2,35,5,26,5,14.9644170955
4056,11103,11422,0,35,11,26,8,11.5410465823
4057,11103,10312,0,35,4,26,2,20.6062030091
4058,11103,10310,0,35,27,26,6,14.0347837105
4059,11103,11429,1,35,8,26,6,9.76428796447
4060,11103,10152,0,35,2,26,2,3.23133774506
4061,11103,11214,0,35,10,26,6,12.1675423449
4062,11103,11435,2,35,41,26,23,6.85362924427
4063,11103,10039,2,35,8,26,7,4.5730191001
4064,11103,10121,0,35,1,26,1,4.34745742503
4065,11103,11413,2,35,14,26,7,10.5430789745
4066,11103,10473,2,35,14,26,9,4.70341189005
4067,11103,10454,2,35,19,26,10,2.98047156167
4068,11103,11416,2,35,5,26,5,6.35166043397
4069,11103,10280,0,35,5,26,3,6.79290240162
4070,11103,11694,0,35,5,26,4,13.2954228239
4071,11103,11358,0,35,6,26,4,6.02504881678
4072,11103,11421,1,35,4,26,4,5.6906003581
4073,11103,11412,0,35,4,26,4,9.15349356861
4074,11103,10174,0,35,2,26,2,3.46041139759
4075,11103,11417,0,35,3,26,3,6.96131614182
4076,11103,11427,2,35,5,26,4,8.88813428393
4077,11103,11411,0,35,4,26,2,10.3684497713
4078,11103,11374,2,35,10,26,9,3.71108010307
4079,11103,10096,0,35,2,26,2,3.68676348423
4080,11103,10006,0,35,19,26,18,6.58684283915
4081,11103,10037,2,35,15,26,10,3.72245211269
4082,11103,11370,0,35,8,26,4,1.06978666056
4083,11103,10475,2,35,15,26,11,9.14695533994
4084,11103,11225,1,35,17,26,13,7.28467220981
4085,11103,10282,0,35,10,26,9,6.2805153097
4086,11103,11426,2,35,12,26,5,10.1850762907
4087,11103,11378,2,35,18,26,7,2.71657319295
4088,11103,10107,0,35,1,26,1,3.77546757619
4089,11103,11251,0,35,4,26,3,8.3282535699
4090,11103,11436,2,35,6,26,3,8.56798190069
4091,11103,11360,2,35,10,26,5,6.96922619114
4092,11103,11356,0,35,2,26,2,3.85410986916
4093,11103,10474,1,35,8,26,7,3.67696522379
4094,11103,11697,0,35,1,26,1,13.9939958107
4095,11103,10172,0,35,2,26,2,3.37456832618
4096,11103,11691,0,35,4,26,3,13.7688095476
4097,11103,10470,1,35,6,26,4,9.85662135648
4098,11103,11366,0,35,7,26,5,6.59159947699
4099,11103,10041,0,35,2,26,2,6.64831812028
4100,11103,10278,0,35,1,26,1,5.87145460118
4101,11103,10106,0,35,4,26,1,3.65117132832
4102,11103,11428,0,35,2,26,2,9.38431660705
4103,11103,10286,0,35,1,26,1,6.2770929755
4104,11103,10279,0,35,1,26,1,6.17510671547
4105,11103,10103,0,35,1,26,1,3.51498509282
4106,11103,10196,0,35,1,26,1,3.68676348423
4107,11103,10154,0,35,1,26,1,3.25860636211
4108,11103,10119,0,35,2,26,2,4.38241632514
4109,11103,10464,0,35,5,26,4,9.1076305333
4110,11103,10166,0,35,2,26,2,3.4761123811
4111,11103,10203,0,35,1,26,1,3.68676348423
4112,11103,11359,0,35,2,26,2,7.33423826492
4113,11103,10177,0,35,1,26,1,3.46014574212
4114,11103,11040,0,35,1,26,1,12.2503517896
4115,11103,11364,0,35,2,26,2,8.00072228183
4116,11103,11692,0,35,2,26,2,13.201901077
4117,11103,11423,0,35,1,26,1,8.20772179342
4118,11103,11415,0,35,2,26,2,5.75519037462
4119,11103,10175,0,35,2,26,1,3.66278188094
4120,11237,10012,3,64,445,53,357,4.40242161873
4121,11237,11222,1,64,110,53,71,2.0789949503
4122,11237,11231,2,64,65,53,44,4.65797347177
4123,11237,10019,4,64,637,53,440,5.51329121908
4124,11237,11102,2,64,35,53,30,4.69387109393
4125,11237,10003,0,64,493,53,400,4.1629761352
4126,11237,10020,0,64,143,53,116,4.95871354281
4127,11237,10018,2,64,339,53,256,5.25458019299
4128,11237,10001,2,64,670,53,468,5.18272386592
4129,11237,11365,2,64,21,53,9,7.14754763524
4130,11237,10007,3,64,1780,53,1042,4.64993948286
4131,11237,10022,2,64,228,53,164,4.57588255637
4132,11237,10013,0,64,745,53,406,4.63684103025
4133,11237,10472,2,64,23,53,8,9.17366971196
4134,11237,11226,2,64,195,53,123,4.42373926368
4135,11237,10027,2,64,141,53,83,7.7637853174
4136,11237,11210,2,64,34,53,20,5.37426069545
4137,11237,11693,0,64,6,53,6,9.03328083217
4138,11237,11432,0,64,49,53,36,6.69384484356
4139,11237,11103,2,64,35,53,26,4.14060333086
4140,11237,11237,53,64,64,53,53,0.0
4141,11237,10010,2,64,218,53,181,4.08566525978
4142,11237,10014,3,64,397,53,286,4.97804150273
4143,11237,10009,0,64,135,53,91,3.49065421276
4144,11237,10036,3,64,826,53,656,5.34941530128
4145,11237,11216,2,64,60,53,49,2.17259316426
4146,11237,11418,0,64,15,53,11,4.54341911302
4147,11237,11109,0,64,5,53,5,4.41928573966
4148,11237,11371,2,64,71,53,65,5.29358394646
4149,11237,10460,2,64,42,53,22,9.71873146226
4150,11237,10048,0,64,86,53,65,4.88600592111
4151,11237,10128,2,64,51,53,40,5.650254878
4152,11237,11375,2,64,44,53,27,4.06779669914
4153,11237,10023,2,64,210,53,134,6.00840000674
4154,11237,11211,4,64,352,53,256,1.90124301441
4155,11237,10011,2,64,437,53,352,4.94715924612
4156,11237,10025,0,64,143,53,65,7.03538387618
4157,11237,10032,2,64,65,53,28,9.54381297057
4158,11237,11232,2,64,125,53,24,5.52521129559
4159,11237,11377,2,64,46,53,33,2.85549268981
4160,11237,11361,2,64,19,53,11,8.70492591294
4161,11237,11206,0,64,90,53,63,1.20718079524
4162,11237,11430,4,64,187,53,143,7.47691203663
4163,11237,10021,2,64,62,53,45,4.96791394135
4164,11237,11201,3,64,234,53,176,3.67339919583
4165,11237,11238,0,64,109,53,64,2.75326089108
4166,11237,10016,2,64,162,53,110,4.23018240769
4167,11237,11218,2,64,26,53,19,5.0124870948
4168,11237,10301,2,64,45,53,32,10.4090658317
4169,11237,10452,2,64,54,53,34,9.34316495305
4170,11237,10314,2,64,51,53,30,13.5966712141
4171,11237,10461,2,64,50,53,20,10.5416716159
4172,11237,11101,2,64,193,53,96,3.06642651302
4173,11237,10029,2,64,50,53,38,6.23713530212
4174,11237,10467,2,64,33,53,22,11.9531587871
4175,11237,11208,0,64,43,53,13,3.2704478052
4176,11237,10024,1,64,101,53,71,6.4672214425
4177,11237,10005,2,64,65,53,41,4.65880064028
4178,11237,10030,1,64,39,53,26,8.01728232959
4179,11237,10002,1,64,258,53,186,3.64608082831
4180,11237,11385,2,64,56,53,31,1.4221883889
4181,11237,11220,2,64,38,53,23,6.60237952701
4182,11237,11215,2,64,123,53,95,4.24463484603
4183,11237,10038,2,64,174,53,85,4.41775980899
4184,11237,11217,0,64,92,53,71,3.37647743499
4185,11237,10462,2,64,104,53,58,10.104380403
4186,11237,10040,2,64,80,53,27,10.7290447932
4187,11237,10457,2,64,28,53,16,9.95734504588
4188,11237,10017,2,64,277,53,161,4.34753969918
4189,11237,11433,2,64,18,53,12,6.97890568073
4190,11237,10308,0,64,8,53,8,16.0484033356
4191,11237,10468,3,64,52,53,30,11.3517889598
4192,11237,10111,0,64,15,53,13,4.90703736341
4193,11237,10309,2,64,23,53,15,19.5198830917
4194,11237,10034,1,64,68,53,33,11.3370759251
4195,11237,10028,2,64,89,53,53,5.37435368102
4196,11237,10035,2,64,65,53,32,6.87151866196
4197,11237,11228,1,64,10,53,8,7.63461249229
4198,11237,11105,0,64,25,53,19,4.96063626654
4199,11237,11355,2,64,26,53,18,6.16170998573
4200,11237,11209,2,64,49,53,28,7.98015633046
4201,11237,11213,0,64,35,53,20,2.36573095426
4202,11237,11369,2,64,12,53,8,4.85641604295
4203,11237,10031,1,64,64,53,45,8.61089348706
4204,11237,11221,2,64,120,53,61,0.902169564295
4205,11237,11212,0,64,12,53,10,2.86179323617
4206,11237,11233,0,64,74,53,34,1.82420389953
4207,11237,11368,2,64,62,53,41,4.42198679956
4208,11237,11205,0,64,37,53,31,2.464237126
4209,11237,10069,0,64,14,53,8,6.20362463778
4210,11237,11203,0,64,39,53,8,3.80930046219
4211,11237,10459,1,64,16,53,8,8.53899910036
4212,11237,11219,0,64,6,53,4,6.32724918059
4213,11237,11434,2,64,32,53,16,7.97868672573
4214,11237,11230,0,64,11,53,5,6.01461113776
4215,11237,11373,2,64,53,53,27,3.1518833173
4216,11237,11362,1,64,8,53,5,10.543208391
4217,11237,10305,0,64,11,53,8,10.8751478759
4218,11237,11104,0,64,8,53,6,2.79062090811
4219,11237,10004,2,64,168,53,99,6.37375218038
4220,11237,10275,0,64,13,53,7,6.12777163824
4221,11237,10118,0,64,4,53,3,4.70311010516
4222,11237,10026,0,64,57,53,43,7.10406175308
4223,11237,11235,1,64,19,53,14,8.40117940706
4224,11237,10469,0,64,44,53,12,12.0238763384
4225,11237,10281,0,64,31,53,24,5.05019771216
4226,11237,11223,0,64,10,53,7,7.76386165373
4227,11237,11379,2,64,33,53,13,2.30808893126
4228,11237,10465,2,64,37,53,16,10.0084803625
4229,11237,10455,0,64,20,53,11,7.76889456835
4230,11237,10466,0,64,16,53,11,13.4974914063
4231,11237,11239,0,64,4,53,2,4.50849916326
4232,11237,11207,3,64,86,53,31,2.61611275723
4233,11237,11367,2,64,35,53,17,5.45635093372
4234,11237,11106,0,64,21,53,19,4.09255408206
4235,11237,10471,2,64,19,53,15,13.6529797491
4236,11237,11234,0,64,50,53,15,5.85158228539
4237,11237,10167,0,64,11,53,4,4.57963638999
4238,11237,10453,1,64,21,53,16,10.3352132274
4239,11237,10451,2,64,20,53,12,8.03109884349
4240,11237,10033,2,64,86,53,31,10.0645863369
4241,11237,11354,2,64,38,53,25,6.68775520298
4242,11237,10463,2,64,36,53,16,12.2813484803
4243,11237,10169,0,64,4,53,4,4.59544733103
4244,11237,10456,2,64,21,53,12,8.73690173809
4245,11237,11420,0,64,8,53,7,5.92064304789
4246,11237,10153,0,64,6,53,5,5.00289285725
4247,11237,10307,0,64,6,53,3,21.7119810745
4248,11237,10306,0,64,17,53,8,13.9168927525
4249,11237,10165,0,64,2,53,2,4.58409429451
4250,11237,10303,2,64,11,53,7,13.7221249709
4251,11237,11224,0,64,22,53,13,9.52625688482
4252,11237,10304,0,64,8,53,5,11.099524773
4253,11237,10458,2,64,34,53,31,11.2158620946
4254,11237,11414,2,64,13,53,7,5.09463710695
4255,11237,11204,0,64,9,53,8,6.74675109337
4256,11237,11372,1,64,16,53,11,3.7305335052
4257,11237,11357,0,64,9,53,6,8.06678465163
4258,11237,10044,0,64,9,53,8,4.33916045822
4259,11237,11229,2,64,27,53,14,7.2692842382
4260,11237,11236,1,64,15,53,9,4.41911583709
4261,11237,10302,2,64,5,53,5,12.4537282011
4262,11237,11422,0,64,11,53,8,10.1071550047
4263,11237,10312,0,64,4,53,2,17.4326986007
4264,11237,10310,0,64,27,53,6,11.3910184663
4265,11237,11429,1,64,8,53,6,9.50670441276
4266,11237,10152,0,64,2,53,2,4.69830293183
4267,11237,11214,0,64,10,53,6,8.23916053869
4268,11237,11435,2,64,41,53,23,5.78468112854
4269,11237,10039,2,64,8,53,7,8.52308517057
4270,11237,10121,0,64,1,53,1,4.946660506
4271,11237,11413,2,64,14,53,7,9.14359874719
4272,11237,10473,2,64,14,53,9,8.56662012792
4273,11237,10454,2,64,19,53,10,7.08316946399
4274,11237,11416,2,64,5,53,5,3.91006366031
4275,11237,10280,0,64,5,53,3,5.1471025035
4276,11237,11694,0,64,5,53,4,9.55198666749
4277,11237,11358,0,64,6,53,4,7.60231910068
4278,11237,11421,1,64,4,53,4,3.35037304589
4279,11237,11412,0,64,4,53,4,8.43681528851
4280,11237,10174,0,64,2,53,2,4.41743239759
4281,11237,11417,0,64,3,53,3,4.3901764503
4282,11237,11427,2,64,5,53,4,9.1979427443
4283,11237,11411,0,64,4,53,2,9.69674272958
4284,11237,11374,3,64,10,53,9,3.43878644788
4285,11237,10096,0,64,2,53,2,6.12777163824
4286,11237,10006,0,64,19,53,18,4.91928530378
4287,11237,10037,2,64,15,53,10,7.63998655095
4288,11237,11370,0,64,8,53,4,4.39661013695
4289,11237,10475,2,64,15,53,11,13.0640504637
4290,11237,11225,1,64,17,53,13,3.34760751519
4291,11237,10282,0,64,10,53,9,5.04765225007
4292,11237,11426,3,64,12,53,5,10.6284682574
4293,11237,11378,2,64,18,53,7,1.69284315472
4294,11237,10107,0,64,1,53,1,5.45955951638
4295,11237,11251,0,64,4,53,3,4.2305606458
4296,11237,11436,2,64,6,53,3,6.77058684301
4297,11237,11360,2,64,10,53,5,9.0634978813
4298,11237,11356,0,64,2,53,2,6.93689982248
4299,11237,10474,1,64,8,53,7,7.76836382152
4300,11237,11697,0,64,1,53,1,9.89712437974
4301,11237,10172,0,64,2,53,2,4.59782275551
4302,11237,11691,0,64,4,53,3,11.0371471584
4303,11237,10470,1,64,6,53,4,13.9621248174
4304,11237,11366,0,64,7,53,5,6.74403738884
4305,11237,10041,0,64,2,53,2,4.73462021503
4306,11237,10278,0,64,1,53,1,4.49348279324
4307,11237,10106,0,64,4,53,1,5.32197138991
4308,11237,11428,0,64,2,53,2,9.45067102008
4309,11237,10286,0,64,1,53,1,4.88691998842
4310,11237,10279,0,64,1,53,1,4.70235043359
4311,11237,10103,0,64,1,53,1,5.00180868281
4312,11237,10196,0,64,1,53,1,6.12777163824
4313,11237,10154,0,64,1,53,1,4.67701390455
4314,11237,10119,0,64,2,53,2,5.03959067904
4315,11237,10464,0,64,5,53,4,12.6320628599
4316,11237,10166,0,64,2,53,2,4.60821458914
4317,11237,10203,0,64,1,53,1,6.12777163824
4318,11237,11359,0,64,2,53,2,9.7247663871
4319,11237,10177,0,64,1,53,1,4.64330332614
4320,11237,11040,0,64,1,53,1,12.9417536447
4321,11237,11364,0,64,2,53,2,8.915880409
4322,11237,11692,0,64,2,53,2,10.0344106937
4323,11237,11423,0,64,1,53,1,8.00049709997
4324,11237,11415,0,64,2,53,2,4.74285754766
4325,11237,10175,0,64,2,53,1,4.71496411243
4326,10010,10012,8,218,445,181,357,1.24237319602
4327,10010,11222,1,218,110,181,71,2.10545250394
4328,10010,11231,2,218,65,181,44,4.29247368793
4329,10010,10019,8,218,637,181,440,1.85121730508
4330,10010,11102,3,218,35,181,30,3.74666152435
4331,10010,10003,13,218,493,181,400,0.590578146461
4332,10010,10020,1,218,143,181,116,1.35888140169
4333,10010,10018,4,218,339,181,256,1.25852299609
4334,10010,10001,19,218,670,181,468,1.10972175571
4335,10010,11365,2,218,21,181,9,9.97002236392
4336,10010,10007,13,218,1780,181,1042,2.13272675248
4337,10010,10022,7,218,228,181,164,1.58136735264
4338,10010,10013,3,218,745,181,406,1.75745624731
4339,10010,10472,2,218,23,181,8,8.67557252755
4340,10010,11226,3,218,195,181,123,6.61827331916
4341,10010,10027,3,218,141,181,83,5.27611579949
4342,10010,11210,3,218,34,181,20,7.90100699489
4343,10010,11693,0,218,6,181,6,12.9915113704
4344,10010,11432,2,218,49,181,36,10.0590670924
4345,10010,11103,3,218,35,181,26,4.08243493534
4346,10010,11237,2,218,64,181,53,4.08566525978
4347,10010,10010,181,218,218,181,181,0.0
4348,10010,10014,6,218,397,181,286,1.25695090413
4349,10010,10009,3,218,135,181,91,0.842366563201
4350,10010,10036,8,218,826,181,656,1.47691774219
4351,10010,11216,5,218,60,181,49,4.41759966476
4352,10010,11418,0,218,15,181,11,8.27801149068
4353,10010,11109,0,218,5,181,5,8.40978346106
4354,10010,11371,2,218,71,181,65,6.05803420777
4355,10010,10460,2,218,42,181,22,8.82667060881
4356,10010,10048,2,218,86,181,65,2.44361977962
4357,10010,10128,4,218,51,181,40,3.39276416632
4358,10010,11375,4,218,44,181,27,7.26388791575
4359,10010,10023,4,218,210,181,134,2.5587607426
4360,10010,11211,6,218,352,181,256,2.36225634448
4361,10010,10011,9,218,437,181,352,0.958276234929
4362,10010,10025,3,218,143,181,65,4.16893830121
4363,10010,10032,3,218,65,181,28,7.32979181312
4364,10010,11232,2,218,125,181,24,5.88111874042
4365,10010,11377,3,218,46,181,33,4.11696193789
4366,10010,11361,3,218,19,181,11,11.0481421664
4367,10010,11206,0,218,90,181,63,3.26077585523
4368,10010,11430,3,218,187,181,143,11.5373634076
4369,10010,10021,3,218,62,181,45,2.323711032
4370,10010,11201,8,218,234,181,176,3.04030724921
4371,10010,11238,2,218,109,181,64,4.18942760081
4372,10010,10016,7,218,162,181,110,0.546576926233
4373,10010,11218,3,218,26,181,19,6.52648749537
4374,10010,10301,2,218,45,181,32,9.46259218574
4375,10010,10452,2,218,54,181,34,7.56025224562
4376,10010,10314,4,218,51,181,30,12.5390981856
4377,10010,10461,1,218,50,181,20,10.4075270954
4378,10010,11101,3,218,193,181,96,2.29744762733
4379,10010,10029,4,218,50,181,38,4.09665067422
4380,10010,10467,2,218,33,181,22,10.9288173249
4381,10010,11208,0,218,43,181,13,7.35314220792
4382,10010,10024,3,218,101,181,71,3.27866386528
4383,10010,10005,3,218,65,181,41,2.66942453111
4384,10010,10030,1,218,39,181,26,5.82236015215
4385,10010,10002,3,218,258,181,186,1.53890722394
4386,10010,11385,1,218,56,181,31,5.2994527491
4387,10010,11220,2,218,38,181,23,6.9622471765
4388,10010,11215,3,218,123,181,95,4.9381389566
4389,10010,10038,3,218,174,181,85,2.32075368967
4390,10010,11217,3,218,92,181,71,3.93467876931
4391,10010,10462,6,218,104,181,58,9.62104898612
4392,10010,10040,2,218,80,181,27,8.72228638723
4393,10010,10457,2,218,28,181,16,8.62557655378
4394,10010,10017,6,218,277,181,161,1.04067118123
4395,10010,11433,2,218,18,181,12,10.6345954816
4396,10010,10308,0,218,8,181,8,15.7009249033
4397,10010,10468,3,218,52,181,30,9.84914469054
4398,10010,10111,0,218,15,181,13,1.41288693827
4399,10010,10309,2,218,23,181,15,18.8667780862
4400,10010,10034,2,218,68,181,33,9.45348409184
4401,10010,10028,3,218,89,181,53,2.98961515866
4402,10010,10035,3,218,65,181,32,5.05818967648
4403,10010,11228,1,218,10,181,8,8.52421263409
4404,10010,11105,0,218,25,181,19,4.59214195677
4405,10010,11355,2,218,26,181,18,8.56581842374
4406,10010,11209,3,218,49,181,28,8.36700100936
4407,10010,11213,1,218,35,181,20,5.31811763437
4408,10010,11369,2,218,12,181,8,6.07973984319
4409,10010,10031,1,218,64,181,45,6.2634644741
4410,10010,11221,0,218,120,181,61,4.40677378836
4411,10010,11212,1,218,12,181,10,6.41471236694
4412,10010,11233,0,218,74,181,34,5.42764846574
4413,10010,11368,3,218,62,181,41,6.5143339069
4414,10010,11205,1,218,37,181,31,3.21463267914
4415,10010,10069,0,218,14,181,8,2.55427190665
4416,10010,11203,0,218,39,181,8,6.72013441256
4417,10010,10459,1,218,16,181,8,7.56543994042
4418,10010,11219,0,218,6,181,4,7.39168464414
4419,10010,11434,3,218,32,181,16,11.8502945449
4420,10010,11230,1,218,11,181,5,8.06044422597
4421,10010,11373,2,218,53,181,27,5.46285227872
4422,10010,11362,1,218,8,181,5,13.1353982048
4423,10010,10305,1,218,11,181,8,10.82526128
4424,10010,11104,0,218,8,181,6,3.29981836386
4425,10010,10004,4,218,168,181,99,4.1445887215
4426,10010,10275,0,218,13,181,7,2.89072459884
4427,10010,10118,1,218,4,181,3,0.726352941049
4428,10010,10026,0,218,57,181,43,4.63216275011
4429,10010,11235,1,218,19,181,14,10.8404129522
4430,10010,10469,0,218,44,181,12,11.3966598617
4431,10010,10281,1,218,31,181,24,2.41123202446
4432,10010,11223,0,218,10,181,7,9.73447837887
4433,10010,11379,2,218,33,181,13,5.62478849984
4434,10010,10465,2,218,37,181,16,10.5008234409
4435,10010,10455,0,218,20,181,11,6.56490315073
4436,10010,10466,0,218,16,181,11,12.6497673497
4437,10010,11239,0,218,4,181,2,8.39761546267
4438,10010,11207,3,218,86,181,31,6.58588694024
4439,10010,11367,2,218,35,181,17,8.46025924559
4440,10010,11106,0,218,21,181,19,3.09216653748
4441,10010,10471,2,218,19,181,15,11.900242537
4442,10010,11234,0,218,50,181,15,8.89798216302
4443,10010,10167,0,218,11,181,4,1.15476540307
4444,10010,10453,1,218,21,181,16,8.67839262932
4445,10010,10451,2,218,20,181,12,6.39034413815
4446,10010,10033,2,218,86,181,31,7.96504015038
4447,10010,11354,2,218,38,181,25,8.48160721723
4448,10010,10463,3,218,36,181,16,10.5535753531
4449,10010,10169,1,218,4,181,4,1.11087399528
4450,10010,10456,3,218,21,181,12,7.34759999775
4451,10010,11420,0,218,8,181,7,9.90655630344
4452,10010,10153,0,218,6,181,5,1.77519975849
4453,10010,10307,0,218,6,181,3,21.0472996933
4454,10010,10306,2,218,17,181,8,13.7086414713
4455,10010,10165,0,218,2,181,2,0.934678176645
4456,10010,10303,2,218,11,181,7,12.1202815531
4457,10010,11224,0,218,22,181,13,11.2196487391
4458,10010,10304,0,218,8,181,5,10.6774263528
4459,10010,10458,3,218,34,181,31,9.92333314561
4460,10010,11414,2,218,13,181,7,9.18016530403
4461,10010,11204,0,218,9,181,8,8.28679976023
4462,10010,11372,1,218,16,181,11,5.18551699316
4463,10010,11357,0,218,9,181,6,9.59445730096
4464,10010,10044,0,218,9,181,8,2.35142119016
4465,10010,11229,2,218,27,181,14,9.88025631964
4466,10010,11236,2,218,15,181,9,7.94732529942
4467,10010,10302,2,218,5,181,5,11.036327939
4468,10010,11422,0,218,11,181,8,13.9993313591
4469,10010,10312,0,218,4,181,2,16.9396996344
4470,10010,10310,0,218,27,181,6,10.1762078785
4471,10010,11429,1,218,8,181,6,12.9266939709
4472,10010,10152,0,218,2,181,2,1.44659461045
4473,10010,11214,1,218,10,181,6,9.69037126854
4474,10010,11435,3,218,41,181,23,9.43114383367
4475,10010,10039,2,218,8,181,7,6.45984614997
4476,10010,10121,0,218,1,181,1,0.89634262882
4477,10010,11413,2,218,14,181,7,13.0106469958
4478,10010,10473,2,218,14,181,9,8.47314343475
4479,10010,10454,3,218,19,181,10,5.76570763958
4480,10010,11416,2,218,5,181,5,7.9144467055
4481,10010,10280,0,218,5,181,3,2.87458337826
4482,10010,11694,0,218,5,181,4,13.2658193944
4483,10010,11358,0,218,6,181,4,9.8690782372
4484,10010,11421,1,218,4,181,4,7.29854244212
4485,10010,11412,0,218,4,181,4,12.0364757485
4486,10010,10174,0,218,2,181,2,0.943792346977
4487,10010,11417,0,218,3,181,3,8.4357657504
4488,10010,11427,2,218,5,181,4,12.31702512
4489,10010,11411,0,218,4,181,2,13.3073367624
4490,10010,11374,2,218,10,181,9,6.43296583336
4491,10010,10096,0,218,2,181,2,2.89072459884
4492,10010,10006,2,218,19,181,18,2.70602954109
4493,10010,10037,2,218,15,181,10,5.66784733729
4494,10010,11370,0,218,8,181,4,5.08040107955
4495,10010,10475,3,218,15,181,11,12.6533237683
4496,10010,11225,1,218,17,181,13,5.44057567714
4497,10010,10282,0,218,10,181,9,2.2678186807
4498,10010,11426,2,218,12,181,5,13.7056544926
4499,10010,11378,2,218,18,181,7,4.29007652803
4500,10010,10107,0,218,1,181,1,1.89149247207
4501,10010,11251,0,218,4,181,3,6.76622841395
4502,10010,11436,2,218,6,181,3,10.7048241933
4503,10010,11360,2,218,10,181,5,10.9762493947
4504,10010,11356,0,218,2,181,2,7.936542865
4505,10010,10474,1,218,8,181,7,7.12591108025
4506,10010,11697,0,218,1,181,1,12.9260245301
4507,10010,10172,0,218,2,181,2,1.20420943421
4508,10010,11691,0,218,4,181,3,15.1183640931
4509,10010,10470,1,218,6,181,4,12.8377542167
4510,10010,11366,0,218,7,181,5,9.85736397421
4511,10010,10041,0,218,2,181,2,2.88631531411
4512,10010,10278,0,218,1,181,1,1.97654391536
4513,10010,10106,0,218,4,181,1,1.81129668867
4514,10010,11428,0,218,2,181,2,12.7072055308
4515,10010,10286,0,218,1,181,1,2.31966315294
4516,10010,10279,0,218,1,181,1,2.26867763182
4517,10010,10103,0,218,1,181,1,1.52666906423
4518,10010,10196,0,218,1,181,1,2.89072459884
4519,10010,10154,0,218,1,181,1,1.39808630746
4520,10010,10119,1,218,2,181,2,0.993392020052
4521,10010,10464,0,218,5,181,4,12.9900293553
4522,10010,10166,0,218,2,181,2,1.11676074053
4523,10010,10203,0,218,1,181,1,2.89072459884
4524,10010,11359,0,218,2,181,2,11.3941000016
4525,10010,10177,0,218,1,181,1,1.16895096237
4526,10010,11040,0,218,1,181,1,15.9099380286
4527,10010,11364,0,218,2,181,2,11.6688239537
4528,10010,11692,0,218,2,181,2,14.0532788301
4529,10010,11423,0,218,1,181,1,11.3531616773
4530,10010,11415,0,218,2,181,2,8.2978636415
4531,10010,10175,0,218,2,181,1,1.06126298325
4532,10014,10012,12,397,445,286,357,0.706717733491
4533,10014,11222,2,397,110,286,71,3.18864671429
4534,10014,11231,3,397,65,286,44,3.8612243226
4535,10014,10019,10,397,637,286,440,2.37599801165
4536,10014,11102,2,397,35,286,30,4.92941944616
4537,10014,10003,9,397,493,286,400,0.851996664233
4538,10014,10020,1,397,143,286,116,2.11262959123
4539,10014,10018,10,397,339,286,256,1.53996458144
4540,10014,10001,14,397,670,286,468,1.19807358431
4541,10014,11365,2,397,21,286,9,11.1955732337
4542,10014,10007,19,397,1780,286,1042,1.38113222019
4543,10014,10022,5,397,228,286,164,2.60530960166
4544,10014,10013,6,397,745,286,406,0.969627273755
4545,10014,10472,2,397,23,286,8,9.75377052675
4546,10014,11226,4,397,195,286,123,6.70414438579
4547,10014,10027,5,397,141,286,83,5.99163377655
4548,10014,11210,3,397,34,286,20,8.00920506518
4549,10014,11693,0,397,6,286,6,13.6159286366
4550,10014,11432,1,397,49,286,36,11.2235619381
4551,10014,11103,3,397,35,286,26,5.32405890186
4552,10014,11237,3,397,64,286,53,4.97804150273
4553,10014,10010,6,397,218,286,181,1.25695090413
4554,10014,10014,286,397,397,286,286,0.0
4555,10014,10009,0,397,135,286,91,1.49603870961
4556,10014,10036,10,397,826,286,656,1.88605771771
4557,10014,11216,3,397,60,286,49,4.79921621387
4558,10014,11418,0,397,15,286,11,9.35343229335
4559,10014,11109,0,397,5,286,5,9.11049866493
4560,10014,11371,2,397,71,286,65,7.3035700916
4561,10014,10460,2,397,42,286,22,9.83285265457
4562,10014,10048,2,397,86,286,65,1.60371658432
4563,10014,10128,3,397,51,286,40,4.34783452023
4564,10014,11375,3,397,44,286,27,8.42976188706
4565,10014,10023,4,397,210,286,134,3.08925155876
4566,10014,11211,9,397,352,286,256,3.10164575758
4567,10014,10011,20,397,437,286,352,0.51293941366
4568,10014,10025,1,397,143,286,65,4.81478730341
4569,10014,10032,4,397,65,286,28,8.04092527017
4570,10014,11232,2,397,125,286,24,5.46780885267
4571,10014,11377,2,397,46,286,33,5.35944781852
4572,10014,11361,2,397,19,286,11,12.3009436605
4573,10014,11206,3,397,90,286,63,3.96677660166
4574,10014,11430,3,397,187,286,143,12.4498562327
4575,10014,10021,5,397,62,286,45,3.30938124563
4576,10014,11201,3,397,234,286,176,2.85152772858
4577,10014,11238,2,397,109,286,64,4.38397544641
4578,10014,10016,6,397,162,286,110,1.65639584555
4579,10014,11218,3,397,26,286,19,6.41002167815
4580,10014,10301,2,397,45,286,32,8.50367050987
4581,10014,10452,2,397,54,286,34,8.39446134444
4582,10014,10314,3,397,51,286,30,11.5077570578
4583,10014,10461,1,397,50,286,20,11.513979399
4584,10014,11101,3,397,193,286,96,3.55349327343
4585,10014,10029,3,397,50,286,38,5.01660005215
4586,10014,10467,2,397,33,286,22,11.8700137448
4587,10014,11208,0,397,43,286,13,8.18501887374
4588,10014,10024,4,397,101,286,71,3.86073514233
4589,10014,10005,3,397,65,286,41,1.98768027959
4590,10014,10030,1,397,39,286,26,6.60733214136
4591,10014,10002,4,397,258,286,186,1.55333870162
4592,10014,11385,1,397,56,286,31,6.29565551876
4593,10014,11220,2,397,38,286,23,6.45986742921
4594,10014,11215,4,397,123,286,95,4.75184944987
4595,10014,10038,4,397,174,286,85,1.73011099141
4596,10014,11217,2,397,92,286,71,3.90781487058
4597,10014,10462,3,397,104,286,58,10.6851843735
4598,10014,10040,2,397,80,286,27,9.45573039599
4599,10014,10457,2,397,28,286,16,9.54332475996
4600,10014,10017,3,397,277,286,161,2.10940655458
4601,10014,11433,2,397,18,286,12,11.7439616845
4602,10014,10308,0,397,8,286,8,14.7884177118
4603,10014,10468,3,397,52,286,30,10.6976902551
4604,10014,10111,0,397,15,286,13,2.22605235724
4605,10014,10309,2,397,23,286,15,17.8679729119
4606,10014,10034,2,397,68,286,33,10.2057966448
4607,10014,10028,4,397,89,286,53,3.95548804402
4608,10014,10035,3,397,65,286,32,5.9973971693
4609,10014,11228,1,397,10,286,8,8.0908091604
4610,10014,11105,1,397,25,286,19,5.79637525557
4611,10014,11355,2,397,26,286,18,9.80991229127
4612,10014,11209,3,397,49,286,28,7.79431707981
4613,10014,11213,0,397,35,286,20,5.75888666361
4614,10014,11369,2,397,12,286,8,7.33601086556
4615,10014,10031,1,397,64,286,45,6.97430848386
4616,10014,11221,1,397,120,286,61,5.11726729264
4617,10014,11212,0,397,12,286,10,6.95767260003
4618,10014,11233,1,397,74,286,34,6.05325587472
4619,10014,11368,2,397,62,286,41,7.75913334616
4620,10014,11205,1,397,37,286,31,3.49694160466
4621,10014,10069,1,397,14,286,8,2.91801032493
4622,10014,11203,1,397,39,286,8,7.02477280179
4623,10014,10459,2,397,16,286,8,8.58630470834
4624,10014,11219,0,397,6,286,4,7.07267901068
4625,10014,11434,2,397,32,286,16,12.8940520251
4626,10014,11230,0,397,11,286,5,8.00508725946
4627,10014,11373,2,397,53,286,27,6.68129016809
4628,10014,11362,1,397,8,286,5,14.3829296365
4629,10014,10305,0,397,11,286,8,10.0542009014
4630,10014,11104,0,397,8,286,6,4.54810175421
4631,10014,10004,6,397,168,286,99,3.08907918493
4632,10014,10275,0,397,13,286,7,3.50275920487
4633,10014,10118,1,397,4,286,3,1.39640586946
4634,10014,10026,1,397,57,286,43,5.39941193483
4635,10014,11235,1,397,19,286,14,10.8088252358
4636,10014,10469,0,397,44,286,12,12.4102018806
4637,10014,10281,1,397,31,286,24,1.47473251726
4638,10014,11223,0,397,10,286,7,9.58243839618
4639,10014,11379,2,397,33,286,13,6.74260096921
4640,10014,10465,2,397,37,286,16,11.6820701448
4641,10014,10455,0,397,20,286,11,7.57194168733
4642,10014,10466,0,397,16,286,11,13.6050030707
4643,10014,11239,0,397,4,286,2,9.02724386115
4644,10014,11207,2,397,86,286,31,7.30980530582
4645,10014,11367,2,397,35,286,17,9.66063557957
4646,10014,11106,0,397,21,286,19,4.30885787266
4647,10014,10471,3,397,19,286,15,12.6441664467
4648,10014,11234,1,397,50,286,15,9.1424552789
4649,10014,10167,0,397,11,286,4,2.11479411891
4650,10014,10453,1,397,21,286,16,9.51382205002
4651,10014,10451,2,397,20,286,12,7.30577852143
4652,10014,10033,2,397,86,286,31,8.69166909527
4653,10014,11354,3,397,38,286,25,9.73855810103
4654,10014,10463,3,397,36,286,16,11.3277244812
4655,10014,10169,1,397,4,286,4,2.05287364654
4656,10014,10456,2,397,21,286,12,8.28800285704
4657,10014,11420,0,397,8,286,7,10.8875024202
4658,10014,10153,0,397,6,286,5,2.63529428723
4659,10014,10307,0,397,6,286,3,20.0360968872
4660,10014,10306,1,397,17,286,8,12.8493781089
4661,10014,10165,0,397,2,286,2,1.84484584719
4662,10014,10303,2,397,11,286,7,10.9926859989
4663,10014,11224,0,397,22,286,13,10.9345297489
4664,10014,10304,0,397,8,286,5,9.81637324899
4665,10014,10458,4,397,34,286,31,10.8218421447
4666,10014,11414,2,397,13,286,7,10.0184723017
4667,10014,11204,0,397,9,286,8,8.06151379677
4668,10014,11372,1,397,16,286,11,6.43843795563
4669,10014,11357,0,397,9,286,6,10.8463498362
4670,10014,10044,0,397,9,286,8,3.50310873603
4671,10014,11229,2,397,27,286,14,9.93606399925
4672,10014,11236,1,397,15,286,9,8.41288766882
4673,10014,10302,2,397,5,286,5,9.95226351595
4674,10014,11422,0,397,11,286,8,15.0376711296
4675,10014,10312,0,397,4,286,2,15.9856208387
4676,10014,10310,0,397,27,286,6,9.14445101009
4677,10014,11429,1,397,8,286,6,14.093432579
4678,10014,10152,0,397,2,286,2,2.39450732759
4679,10014,11214,1,397,10,286,6,9.37768052959
4680,10014,11435,2,397,41,286,23,10.5368560083
4681,10014,10039,2,397,8,286,7,7.25505109703
4682,10014,10121,0,397,1,286,1,1.24782371635
4683,10014,11413,2,397,14,286,7,14.058642445
4684,10014,10473,2,397,14,286,9,9.61246464068
4685,10014,10454,2,397,19,286,10,6.78161830414
4686,10014,11416,2,397,5,286,5,8.87945521971
4687,10014,10280,0,397,5,286,3,1.991258426
4688,10014,11694,0,397,5,286,4,13.7199569914
4689,10014,11358,0,397,6,286,4,11.1218652132
4690,10014,11421,1,397,4,286,4,8.29209871456
4691,10014,11412,0,397,4,286,4,13.1645497447
4692,10014,10174,0,397,2,286,2,1.96758996467
4693,10014,11417,0,397,3,286,3,9.3682137325
4694,10014,11427,2,397,5,286,4,13.5237702221
4695,10014,11411,0,397,4,286,2,14.4365377385
4696,10014,11374,2,397,10,286,9,7.61083830296
4697,10014,10096,0,397,2,286,2,3.50275920487
4698,10014,10006,1,397,19,286,18,1.89846697355
4699,10014,10037,2,397,15,286,10,6.52901041061
4700,10014,11370,0,397,8,286,4,6.33289614159
4701,10014,10475,2,397,15,286,11,13.6910978492
4702,10014,11225,1,397,17,286,13,5.61443478152
4703,10014,10282,0,397,10,286,9,1.29937507845
4704,10014,11426,2,397,12,286,5,14.9205045747
4705,10014,11378,2,397,18,286,7,5.43588456713
4706,10014,10107,0,397,1,286,1,2.4886672533
4707,10014,11251,0,397,4,286,3,6.94747390194
4708,10014,11436,2,397,6,286,3,11.7169419775
4709,10014,11360,2,397,10,286,5,12.2328246032
4710,10014,11356,0,397,2,286,2,9.17632965308
4711,10014,10474,1,397,8,286,7,8.21593039867
4712,10014,11697,0,397,1,286,1,13.0667118395
4713,10014,10172,0,397,2,286,2,2.16249823374
4714,10014,11691,0,397,4,286,3,15.9071293074
4715,10014,10470,1,397,6,286,4,13.7305704421
4716,10014,11366,0,397,7,286,5,11.0548489626
4717,10014,10041,0,397,2,286,2,2.20001725784
4718,10014,10278,0,397,1,286,1,1.3128100519
4719,10014,10106,0,397,4,286,1,2.47818854307
4720,10014,11428,0,397,2,286,2,13.8982909357
4721,10014,10286,0,397,1,286,1,1.45518023246
4722,10014,10279,0,397,1,286,1,1.50402411745
4723,10014,10103,0,397,1,286,1,2.31209124517
4724,10014,10196,0,397,1,286,1,3.50275920487
4725,10014,10154,0,397,1,286,1,2.34812401162
4726,10014,10119,1,397,2,286,2,1.28867094039
4727,10014,10464,0,397,5,286,4,14.1373351116
4728,10014,10166,0,397,2,286,2,2.05178681512
4729,10014,10203,0,397,1,286,1,3.50275920487
4730,10014,11359,0,397,2,286,2,12.646012264
4731,10014,10177,0,397,1,286,1,2.0925988045
4732,10014,11040,0,397,1,286,1,17.1388270944
4733,10014,11364,0,397,2,286,2,12.9049918811
4734,10014,11692,0,397,2,286,2,14.7323953958
4735,10014,11423,0,397,1,286,1,12.5256041986
4736,10014,11415,0,397,2,286,2,9.41600904642
4737,10014,10175,0,397,2,286,1,1.9034084472
4738,10009,10012,4,135,445,91,357,1.03709579489
4739,10009,11222,2,135,110,91,71,1.73580252181
4740,10009,11231,0,135,65,91,44,3.56083491427
4741,10009,10019,0,135,637,91,440,2.68986567063
4742,10009,11102,0,135,35,91,30,4.16354965451
4743,10009,10003,5,135,493,91,400,0.675072250784
4744,10009,10020,1,135,143,91,116,2.1803061037
4745,10009,10018,3,135,339,91,256,2.08151073179
4746,10009,10001,3,135,670,91,468,1.88269602027
4747,10009,11365,0,135,21,91,9,9.82623427466
4748,10009,10007,1,135,1780,91,1042,1.72470603707
4749,10009,10022,1,135,228,91,164,2.28141178795
4750,10009,10013,3,135,745,91,406,1.4661434841
4751,10009,10472,0,135,23,91,8,9.17775085635
4752,10009,11226,1,135,195,91,123,5.77590857284
4753,10009,10027,0,135,141,91,83,6.03365792147
4754,10009,11210,0,135,34,91,20,7.05910487243
4755,10009,11693,0,135,6,91,6,12.2600492775
4756,10009,11432,0,135,49,91,36,9.77429504656
4757,10009,11103,0,135,35,91,26,4.33154318047
4758,10009,11237,0,135,64,91,53,3.49065421276
4759,10009,10010,3,135,218,91,181,0.842366563201
4760,10009,10014,0,135,397,91,286,1.49603870961
4761,10009,10009,91,135,135,91,91,0.0
4762,10009,10036,2,135,826,91,656,2.31760071477
4763,10009,11216,0,135,60,91,49,3.5958411386
4764,10009,11418,0,135,15,91,11,7.86453640743
4765,10009,11109,0,135,5,91,5,7.70653513784
4766,10009,11371,0,135,71,91,65,6.25783846842
4767,10009,10460,0,135,42,91,22,9.39657513098
4768,10009,10048,1,135,86,91,65,2.04684296053
4769,10009,10128,0,135,51,91,40,4.06158916993
4770,10009,11375,2,135,44,91,27,6.9872922665
4771,10009,10023,0,135,210,91,134,3.38875593127
4772,10009,11211,3,135,352,91,256,1.64580112114
4773,10009,10011,0,135,437,91,352,1.48108696771
4774,10009,10025,0,135,143,91,65,4.9582996212
4775,10009,10032,0,135,65,91,28,8.07619416915
4776,10009,11232,0,135,125,91,24,5.1210368681
4777,10009,11377,0,135,46,91,33,4.07776517326
4778,10009,11361,0,135,19,91,11,11.0284576266
4779,10009,11206,0,135,90,91,63,2.53783048584
4780,10009,11430,0,135,187,91,143,10.9670966758
4781,10009,10021,0,135,62,91,45,3.00720026231
4782,10009,11201,1,135,234,91,176,2.26204780257
4783,10009,11238,0,135,109,91,64,3.34762189814
4784,10009,10016,2,135,162,91,110,1.31820398184
4785,10009,11218,0,135,26,91,19,5.69724061331
4786,10009,10301,0,135,45,91,32,8.9547025543
4787,10009,10452,0,135,54,91,34,8.25085919759
4788,10009,10314,0,135,51,91,30,12.0809666848
4789,10009,10461,0,135,50,91,20,10.8692032289
4790,10009,11101,0,135,193,91,96,2.42879493121
4791,10009,10029,0,135,50,91,38,4.77308161257
4792,10009,10467,0,135,33,91,22,11.5402706307
4793,10009,11208,0,135,43,91,13,6.72202310699
4794,10009,10024,0,135,101,91,71,4.09225905255
4795,10009,10005,0,135,65,91,41,2.14138096102
4796,10009,10030,1,135,39,91,26,6.54795079942
4797,10009,10002,6,135,258,91,186,0.820860987001
4798,10009,11385,1,135,56,91,31,4.79964779202
4799,10009,11220,0,135,38,91,23,6.2234817418
4800,10009,11215,0,135,123,91,95,4.12770412932
4801,10009,10038,0,135,174,91,85,1.77997017474
4802,10009,11217,1,135,92,91,71,3.1055952222
4803,10009,10462,1,135,104,91,58,10.1332916288
4804,10009,10040,0,135,80,91,27,9.45414925818
4805,10009,10457,0,135,28,91,16,9.2620327886
4806,10009,10017,1,135,277,91,161,1.76123660266
4807,10009,11433,0,135,18,91,12,10.2633292639
4808,10009,10308,0,135,8,91,8,15.1363056665
4809,10009,10468,0,135,52,91,30,10.5220798575
4810,10009,10111,0,135,15,91,13,2.21837388434
4811,10009,10309,0,135,23,91,15,18.3649939703
4812,10009,10034,0,135,68,91,33,10.1748837423
4813,10009,10028,1,135,89,91,53,3.66219886728
4814,10009,10035,0,135,65,91,32,5.70834999665
4815,10009,11228,0,135,10,91,8,7.75454011751
4816,10009,11105,0,135,25,91,19,4.94607589928
4817,10009,11355,0,135,26,91,18,8.49860862504
4818,10009,11209,0,135,49,91,28,7.64602668412
4819,10009,11213,0,135,35,91,20,4.51289857891
4820,10009,11369,0,135,12,91,8,6.18797676291
4821,10009,10031,0,135,64,91,45,7.01571177512
4822,10009,11221,0,135,120,91,61,3.69530605428
4823,10009,11212,0,135,12,91,10,5.64261834487
4824,10009,11233,0,135,74,91,34,4.68238953701
4825,10009,11368,1,135,62,91,41,6.46130546905
4826,10009,11205,0,135,37,91,31,2.37454600973
4827,10009,10069,0,135,14,91,8,3.39613885358
4828,10009,11203,0,135,39,91,8,5.89317303512
4829,10009,10459,0,135,16,91,8,8.13014124819
4830,10009,11219,0,135,6,91,4,6.596101051
4831,10009,11434,0,135,32,91,16,11.3990280582
4832,10009,11230,0,135,11,91,5,7.2225805724
4833,10009,11373,0,135,53,91,27,5.31681852977
4834,10009,11362,0,135,8,91,5,13.0748606298
4835,10009,10305,0,135,11,91,8,10.185654413
4836,10009,11104,0,135,8,91,6,3.31167457635
4837,10009,10004,0,135,168,91,99,3.80525921086
4838,10009,10275,0,135,13,91,7,3.70333965205
4839,10009,10118,0,135,4,91,3,1.56633196335
4840,10009,10026,0,135,57,91,43,5.37630198622
4841,10009,11235,0,135,19,91,14,9.99963017474
4842,10009,10469,0,135,44,91,12,11.9499292415
4843,10009,10281,0,135,31,91,24,2.09126267176
4844,10009,11223,0,135,10,91,7,8.90408559263
4845,10009,11379,0,135,33,91,13,5.27339754271
4846,10009,10465,0,135,37,91,16,10.8513621118
4847,10009,10455,0,135,20,91,11,7.14907930436
4848,10009,10466,0,135,16,91,11,13.2462188086
4849,10009,11239,0,135,4,91,2,7.66258449074
4850,10009,11207,0,135,86,91,31,5.89019186653
4851,10009,11367,0,135,35,91,17,8.25213866818
4852,10009,11106,0,135,21,91,19,3.45453743616
4853,10009,10471,0,135,19,91,15,12.6188413801
4854,10009,11234,0,135,50,91,15,8.0662158413
4855,10009,10167,0,135,11,91,4,1.92589483247
4856,10009,10453,0,135,21,91,16,9.36293700374
4857,10009,10451,0,135,20,91,12,7.04233784421
4858,10009,10033,0,135,86,91,31,8.70261525589
4859,10009,11354,0,135,38,91,25,8.5438391366
4860,10009,10463,0,135,36,91,16,11.2618972345
4861,10009,10169,0,135,4,91,4,1.89344876716
4862,10009,10456,0,135,21,91,12,7.97611721073
4863,10009,11420,0,135,8,91,7,9.39289431642
4864,10009,10153,0,135,6,91,5,2.54814726169
4865,10009,10307,0,135,6,91,3,20.5537665123
4866,10009,10306,0,135,17,91,8,13.11239674
4867,10009,10165,0,135,2,91,2,1.74312746472
4868,10009,10303,0,135,11,91,7,11.7717441995
4869,10009,11224,0,135,22,91,13,10.4077299375
4870,10009,10304,0,135,8,91,5,10.0923376501
4871,10009,10458,0,135,34,91,31,10.5666303139
4872,10009,11414,0,135,13,91,7,8.5557111578
4873,10009,11204,0,135,9,91,8,7.4693286228
4874,10009,11372,0,135,16,91,11,5.19919625369
4875,10009,11357,0,135,9,91,6,9.7310528129
4876,10009,10044,0,135,9,91,8,2.87257109905
4877,10009,11229,0,135,27,91,14,9.03790209915
4878,10009,11236,0,135,15,91,9,7.15598955821
4879,10009,10302,0,135,5,91,5,10.6388303966
4880,10009,11422,0,135,11,91,8,13.5420787784
4881,10009,10312,0,135,4,91,2,16.403910744
4882,10009,10310,0,135,27,91,6,9.72840152885
4883,10009,11429,0,135,8,91,6,12.6427961845
4884,10009,10152,0,135,2,91,2,2.20068890203
4885,10009,11214,0,135,10,91,6,8.88658082356
4886,10009,11435,0,135,41,91,23,9.05584321291
4887,10009,10039,0,135,8,91,7,7.17618592505
4888,10009,10121,0,135,1,91,1,1.70413235191
4889,10009,11413,0,135,14,91,7,12.5638211289
4890,10009,10473,0,135,14,91,9,8.90115324216
4891,10009,10454,0,135,19,91,10,6.35022315105
4892,10009,11416,0,135,5,91,5,7.38574905094
4893,10009,10280,0,135,5,91,3,2.46190964478
4894,10009,11694,0,135,5,91,4,12.4779002155
4895,10009,11358,0,135,6,91,4,9.85266899392
4896,10009,11421,0,135,4,91,4,6.79622485371
4897,10009,11412,0,135,4,91,4,11.6907583141
4898,10009,10174,0,135,2,91,2,1.70472287649
4899,10009,11417,0,135,3,91,3,7.87952583086
4900,10009,11427,0,135,5,91,4,12.1168647956
4901,10009,11411,0,135,4,91,2,12.9625052855
4902,10009,11374,0,135,10,91,9,6.18254512827
4903,10009,10096,0,135,2,91,2,3.70333965205
4904,10009,10006,0,135,19,91,18,2.25555276672
4905,10009,10037,0,135,15,91,10,6.35776458203
4906,10009,11370,0,135,8,91,4,5.24694627281
4907,10009,10475,0,135,15,91,11,13.1809679949
4908,10009,11225,0,135,17,91,13,4.59941882482
4909,10009,10282,0,135,10,91,9,1.99463563967
4910,10009,11426,0,135,12,91,5,13.5245476169
4911,10009,11378,0,135,18,91,7,3.99133628645
4912,10009,10107,0,135,1,91,1,2.72275360107
4913,10009,11251,0,135,4,91,3,5.92675139483
4914,10009,11436,0,135,6,91,3,10.2209193811
4915,10009,11360,0,135,10,91,5,11.0504861681
4916,10009,11356,0,135,2,91,2,8.14767252983
4917,10009,10474,0,135,8,91,7,7.62537783104
4918,10009,11697,0,135,1,91,1,12.0871618651
4919,10009,10172,0,135,2,91,2,1.97192509112
4920,10009,11691,0,135,4,91,3,14.4679251905
4921,10009,10470,0,135,6,91,4,13.4762234526
4922,10009,11366,0,135,7,91,5,9.63928140888
4923,10009,10041,0,135,2,91,2,2.34110651036
4924,10009,10278,0,135,1,91,1,1.54314630063
4925,10009,10106,0,135,4,91,1,2.63414172715
4926,10009,11428,0,135,2,91,2,12.4708716201
4927,10009,10286,0,135,1,91,1,1.95849668378
4928,10009,10279,0,135,1,91,1,1.84564177039
4929,10009,10103,0,135,1,91,1,2.33417507087
4930,10009,10196,0,135,1,91,1,3.70333965205
4931,10009,10154,0,135,1,91,1,2.15460038471
4932,10009,10119,0,135,2,91,2,1.80021522309
4933,10009,10464,0,135,5,91,4,13.388509113
4934,10009,10166,0,135,2,91,2,1.90161644343
4935,10009,10203,0,135,1,91,1,3.70333965205
4936,10009,11359,0,135,2,91,2,11.5241972805
4937,10009,10177,0,135,1,91,1,1.95404969072
4938,10009,11040,0,135,1,91,1,15.7678978849
4939,10009,11364,0,135,2,91,2,11.5583973658
4940,10009,11692,0,135,2,91,2,13.3460694011
4941,10009,11423,0,135,1,91,1,11.0812732708
4942,10009,11415,0,135,2,91,2,7.94125186206
4943,10009,10175,0,135,2,91,1,1.87865473231
4944,10036,10012,22,826,445,656,357,2.35428748906
4945,10036,11222,4,826,110,656,71,3.27564146776
4946,10036,11231,4,826,65,656,44,5.6068626366
4947,10036,10019,34,826,637,656,440,0.491120703229
4948,10036,11102,2,826,35,656,30,3.53472237411
4949,10036,10003,27,826,493,656,400,1.86373098471
4950,10036,10020,13,826,143,656,116,0.525305535947
4951,10036,10018,26,826,339,656,256,0.347045874057
4952,10036,10001,37,826,670,656,468,0.690506956819
4953,10036,11365,2,826,21,656,9,10.4917128907
4954,10036,10007,38,826,1780,656,1042,3.21494977599
4955,10036,10022,14,826,228,656,164,1.20045246326
4956,10036,10013,9,826,745,656,406,2.7946642925
4957,10036,10472,2,826,23,656,8,8.0430641518
4958,10036,11226,13,826,195,656,123,8.09121403628
4959,10036,10027,5,826,141,656,83,4.10621738584
4960,10036,11210,5,826,34,656,20,9.37650061996
4961,10036,11693,0,826,6,656,6,14.3508483365
4962,10036,11432,3,826,49,656,36,10.8008286919
4963,10036,11103,3,826,35,656,26,4.16644786746
4964,10036,11237,3,826,64,656,53,5.34941530128
4965,10036,10010,8,826,218,656,181,1.47691774219
4966,10036,10014,10,826,397,656,286,1.88605771771
4967,10036,10009,2,826,135,656,91,2.31760071477
4968,10036,10036,656,826,826,656,656,0.0
4969,10036,11216,3,826,60,656,49,5.88650195992
4970,10036,11418,0,826,15,656,11,9.2333394123
4971,10036,11109,0,826,5,656,5,9.74631993412
4972,10036,11371,3,826,71,656,65,6.10046960277
4973,10036,10460,4,826,42,656,22,8.04654795861
4974,10036,10048,3,826,86,656,65,3.47159817619
4975,10036,10128,4,826,51,656,40,2.59707671873
4976,10036,11375,6,826,44,656,27,8.0402668267
4977,10036,10023,8,826,210,656,134,1.20765748027
4978,10036,11211,9,826,352,656,256,3.77645602239
4979,10036,10011,9,826,437,656,352,1.37874402894
4980,10036,10025,5,826,143,656,65,2.92918736558
4981,10036,10032,4,826,65,656,28,6.15490845999
4982,10036,11232,2,826,125,656,24,7.21611025095
4983,10036,11377,3,826,46,656,33,4.67804786251
4984,10036,11361,3,826,19,656,11,11.3499186276
4985,10036,11206,1,826,90,656,63,4.66103716619
4986,10036,11430,4,826,187,656,143,12.6845398004
4987,10036,10021,3,826,62,656,45,1.6770508357
4988,10036,11201,10,826,234,656,176,4.43207087161
4989,10036,11238,1,826,109,656,64,5.66515904487
4990,10036,10016,6,826,162,656,110,1.13283686689
4991,10036,11218,3,826,26,656,19,7.96758496759
4992,10036,10301,3,826,45,656,32,10.3728046971
4993,10036,10452,7,826,54,656,34,6.52312070687
4994,10036,10314,7,826,51,656,30,13.3398057814
4995,10036,10461,2,826,50,656,20,9.83099118546
4996,10036,11101,7,826,193,656,96,2.85512969588
4997,10036,10029,5,826,50,656,38,3.21447209647
4998,10036,10467,3,826,33,656,22,10.0326140262
4999,10036,11208,0,826,43,656,13,8.60836002461
5000,10036,10024,8,826,101,656,71,1.97775265459
5001,10036,10005,5,826,65,656,41,3.81521418479
5002,10036,10030,1,826,39,656,26,4.72931477891
5003,10036,10002,4,826,258,656,186,2.93538641389
5004,10036,11385,3,826,56,656,31,6.42454964255
5005,10036,11220,2,826,38,656,23,8.25716849057
5006,10036,11215,3,826,123,656,95,6.35298770132
5007,10036,10038,5,826,174,656,85,3.51049741473
5008,10036,11217,2,826,92,656,71,5.38149491378
5009,10036,10462,8,826,104,656,58,8.95163113246
5010,10036,10040,2,826,80,656,27,7.56970250956
5011,10036,10457,4,826,28,656,16,7.70014798896
5012,10036,10017,22,826,277,656,161,1.06656799912
5013,10036,11433,3,826,18,656,12,11.5007754188
5014,10036,10308,0,826,8,656,8,16.6642627671
5015,10036,10468,3,826,52,656,30,8.82602372496
5016,10036,10111,1,826,15,656,13,0.652990223141
5017,10036,10309,4,826,23,656,15,19.711280434
5018,10036,10034,2,826,68,656,33,8.32014975492
5019,10036,10028,3,826,89,656,53,2.23701249986
5020,10036,10035,5,826,65,656,32,4.19166626291
5021,10036,11228,1,826,10,656,8,9.85951511202
5022,10036,11105,0,826,25,656,19,4.42908010581
5023,10036,11355,3,826,26,656,18,8.98806615759
5024,10036,11209,4,826,49,656,28,9.62495251583
5025,10036,11213,1,826,35,656,20,6.77317528098
5026,10036,11369,2,826,12,656,8,6.28353635608
5027,10036,10031,2,826,64,656,45,5.08827536002
5028,10036,11221,1,826,120,656,61,5.78103951592
5029,10036,11212,0,826,12,656,10,7.83601689162
5030,10036,11233,1,826,74,656,34,6.82632893532
5031,10036,11368,2,826,62,656,41,6.96931229611
5032,10036,11205,2,826,37,656,31,4.69142078973
5033,10036,10069,1,826,14,656,8,1.10182046705
5034,10036,11203,0,826,39,656,8,8.19100298052
5035,10036,10459,1,826,16,656,8,6.8209700527
5036,10036,11219,0,826,6,656,4,8.77338960306
5037,10036,11434,2,826,32,656,16,12.8250403715
5038,10036,11230,0,826,11,656,5,9.51781066669
5039,10036,11373,4,826,53,656,27,6.10351465572
5040,10036,11362,1,826,8,656,5,13.4828743841
5041,10036,10305,0,826,11,656,8,11.9372875785
5042,10036,11104,1,826,8,656,6,3.86520368195
5043,10036,10004,10,826,168,656,99,4.94653097345
5044,10036,10275,1,826,13,656,7,1.6167019829
5045,10036,10118,2,826,4,656,3,0.751270193296
5046,10036,10026,1,826,57,656,43,3.52246242985
5047,10036,11235,1,826,19,656,14,12.3049427199
5048,10036,10469,1,826,44,656,12,10.6200672491
5049,10036,10281,3,826,31,656,24,3.3578576555
5050,10036,11223,0,826,10,656,7,11.1743930944
5051,10036,11379,3,826,33,656,13,6.55037097917
5052,10036,10465,3,826,37,656,16,10.1427250978
5053,10036,10455,0,826,20,656,11,5.8025888111
5054,10036,10466,0,826,16,656,11,11.7719472526
5055,10036,11239,0,826,4,656,2,9.77187443872
5056,10036,11207,3,826,86,656,31,7.92375745238
5057,10036,11367,3,826,35,656,17,9.10864216623
5058,10036,11106,0,826,21,656,19,3.08573606147
5059,10036,10471,2,826,19,656,15,10.7581096764
5060,10036,11234,1,826,50,656,15,10.3716261434
5061,10036,10167,2,826,11,656,4,0.861598007402
5062,10036,10453,2,826,21,656,16,7.64056857901
5063,10036,10451,3,826,20,656,12,5.47202715438
5064,10036,10033,4,826,86,656,31,6.80562701871
5065,10036,11354,3,826,38,656,25,8.68848268937
5066,10036,10463,6,826,36,656,16,9.44304552382
5067,10036,10169,1,826,4,656,4,0.819159167871
5068,10036,10456,3,826,21,656,12,6.46267689446
5069,10036,11420,0,826,8,656,7,10.9851877199
5070,10036,10153,1,826,6,656,5,0.963972119635
5071,10036,10307,0,826,6,656,3,21.8713251113
5072,10036,10306,1,826,17,656,8,14.7338103254
5073,10036,10165,1,826,2,656,2,0.771254095128
5074,10036,10303,2,826,11,656,7,12.7411116099
5075,10036,11224,0,826,22,656,13,12.6221878343
5076,10036,10304,0,826,8,656,5,11.7014134843
5077,10036,10458,3,826,34,656,31,8.96667121759
5078,10036,11414,3,826,13,656,7,10.4136522558
5079,10036,11204,1,826,9,656,8,9.70363853851
5080,10036,11372,2,826,16,656,11,5.59219214681
5081,10036,11357,0,826,9,656,6,9.64823582058
5082,10036,10044,0,826,9,656,8,2.16005476476
5083,10036,11229,4,826,27,656,14,11.3536517341
5084,10036,11236,1,826,15,656,9,9.38482815094
5085,10036,10302,2,826,5,656,5,11.7493999046
5086,10036,11422,0,826,11,656,8,14.9705088526
5087,10036,10312,0,826,4,656,2,17.8491639338
5088,10036,10310,0,826,27,656,6,10.9811852672
5089,10036,11429,1,826,8,656,6,13.6389533423
5090,10036,10152,0,826,2,656,2,0.94438899874
5091,10036,11214,1,826,10,656,6,11.0803350193
5092,10036,11435,3,826,41,656,23,10.3163589697
5093,10036,10039,2,826,8,656,7,5.37733243887
5094,10036,10121,0,826,1,656,1,0.686935780667
5095,10036,11413,2,826,14,656,7,13.9715458747
5096,10036,10473,2,826,14,656,9,7.99785545924
5097,10036,10454,2,826,19,656,10,5.03035744679
5098,10036,11416,3,826,5,656,5,9.03263591411
5099,10036,10280,0,826,5,656,3,3.87256135364
5100,10036,11694,0,826,5,656,4,14.6941999383
5101,10036,11358,0,826,6,656,4,10.1827676435
5102,10036,11421,1,826,4,656,4,8.3895769753
5103,10036,11412,0,826,4,656,4,12.8515767481
5104,10036,10174,1,826,2,656,2,0.956950030537
5105,10036,11417,1,826,3,656,3,9.58517880984
5106,10036,11427,2,826,5,656,4,12.901604811
5107,10036,11411,1,826,4,656,2,14.1116906844
5108,10036,11374,3,826,10,656,9,7.19243294662
5109,10036,10096,2,826,2,656,2,1.6167019829
5110,10036,10006,1,826,19,656,18,3.76398040702
5111,10036,10037,3,826,15,656,10,4.67436699304
5112,10036,11370,1,826,8,656,4,5.23500806262
5113,10036,10475,3,826,15,656,11,11.9187359422
5114,10036,11225,1,826,17,656,13,6.91697221245
5115,10036,10282,0,826,10,656,9,3.18396252967
5116,10036,11426,3,826,12,656,5,14.2475658998
5117,10036,11378,2,826,18,656,7,5.20103440548
5118,10036,10107,0,826,1,656,1,0.617371522088
5119,10036,11251,0,826,4,656,3,8.24314439441
5120,10036,11436,2,826,6,656,3,11.7351498289
5121,10036,11360,2,826,10,656,5,11.1177605159
5122,10036,11356,0,826,2,656,2,7.89257147595
5123,10036,10474,1,826,8,656,7,6.53521781446
5124,10036,11697,0,826,1,656,1,14.4028887476
5125,10036,10172,0,826,2,656,2,0.870161577867
5126,10036,11691,0,826,4,656,3,16.3651448882
5127,10036,10470,1,826,6,656,4,11.8689038655
5128,10036,11366,1,826,7,656,5,10.4985681692
5129,10036,10041,0,826,2,656,2,4.03408513612
5130,10036,10278,0,826,1,656,1,3.10673137341
5131,10036,10106,0,826,4,656,1,0.646705828661
5132,10036,11428,0,826,2,656,2,13.3460943326
5133,10036,10286,0,826,1,656,1,3.32564533882
5134,10036,10279,0,826,1,656,1,3.34713679349
5135,10036,10103,0,826,1,656,1,0.654665423542
5136,10036,10196,1,826,1,656,1,1.6167019829
5137,10036,10154,0,826,1,656,1,0.925266044309
5138,10036,10119,1,826,2,656,2,0.615941925641
5139,10036,10464,0,826,5,656,4,12.510242488
5140,10036,10166,0,826,2,656,2,0.806959497478
5141,10036,10203,0,826,1,656,1,1.6167019829
5142,10036,11359,0,826,2,656,2,11.431578713
5143,10036,10177,0,826,1,656,1,0.793718015711
5144,10036,11040,0,826,1,656,1,16.3725593281
5145,10036,11364,0,826,2,656,2,12.1142865172
5146,10036,11692,0,826,2,656,2,15.3792913429
5147,10036,11423,0,826,1,656,1,12.0605642969
5148,10036,11415,0,826,2,656,2,9.17143160238
5149,10036,10175,1,826,2,656,1,0.653672467387
5150,11216,10012,6,60,445,49,357,4.09946262641
5151,11216,11222,1,60,110,49,71,3.17052960429
5152,11216,11231,2,60,65,49,44,2.85459187834
5153,11216,10019,4,60,637,49,440,6.20512308244
5154,11216,11102,3,60,35,49,30,6.39288981915
5155,11216,10003,5,60,493,49,400,4.19399339092
5156,11216,10020,1,60,143,49,116,5.65600982086
5157,11216,10018,3,60,339,49,256,5.67316088867
5158,11216,10001,5,60,670,49,468,5.47617366745
5159,11216,11365,2,60,21,49,9,9.14150344847
5160,11216,10007,8,60,1780,49,1042,3.90013042447
5161,11216,10022,4,60,228,49,164,5.51646509652
5162,11216,10013,2,60,745,49,406,4.08496989131
5163,11216,10472,2,60,23,49,8,11.1658200173
5164,11216,11226,2,60,195,49,123,2.45492462646
5165,11216,10027,4,60,141,49,83,9.13364614767
5166,11216,11210,3,60,34,49,20,3.62209081146
5167,11216,11693,0,60,6,49,6,8.87364370525
5168,11216,11432,1,60,49,49,36,8.46673004619
5169,11216,11103,2,60,35,49,26,6.02515363473
5170,11216,11237,2,60,64,49,53,2.17259316426
5171,11216,10010,5,60,218,49,181,4.41759966476
5172,11216,10014,3,60,397,49,286,4.79921621387
5173,11216,10009,0,60,135,49,91,3.5958411386
5174,11216,10036,3,60,826,49,656,5.88650195992
5175,11216,11216,49,60,60,49,49,0.0
5176,11216,11418,0,60,15,49,11,6.14673581462
5177,11216,11109,0,60,5,49,5,4.5359054113
5178,11216,11371,2,60,71,49,65,7.40002871293
5179,11216,10460,3,60,42,49,22,11.6369435773
5180,11216,10048,0,60,86,49,65,4.01111884148
5181,11216,10128,3,60,51,49,40,7.0043841618
5182,11216,11375,3,60,44,49,27,6.04976614895
5183,11216,10023,3,60,210,49,134,6.84896335554
5184,11216,11211,4,60,352,49,256,2.2096247769
5185,11216,10011,3,60,437,49,352,4.9913784334
5186,11216,10025,1,60,143,49,65,8.21593518241
5187,11216,10032,3,60,65,49,28,11.0659098778
5188,11216,11232,2,60,125,49,24,3.40779154552
5189,11216,11377,2,60,46,49,33,4.90241105703
5190,11216,11361,2,60,19,49,11,10.7877965913
5191,11216,11206,1,60,90,49,63,1.54053482243
5192,11216,11430,2,60,187,49,143,8.27730021306
5193,11216,10021,4,60,62,49,45,6.10745718363
5194,11216,11201,4,60,234,49,176,2.37795010864
5195,11216,11238,3,60,109,49,64,0.752971510884
5196,11216,10016,3,60,162,49,110,4.79356247029
5197,11216,11218,3,60,26,49,19,2.87016859132
5198,11216,10301,2,60,45,49,32,8.37765353416
5199,11216,10452,2,60,54,49,34,11.0105711336
5200,11216,10314,3,60,51,49,30,11.5415452384
5201,11216,10461,1,60,50,49,20,12.6134407868
5202,11216,11101,4,60,193,49,96,4.50700459502
5203,11216,10029,3,60,50,49,38,7.67336642003
5204,11216,10467,2,60,33,49,22,13.8707547728
5205,11216,11208,2,60,43,49,13,4.01557075198
5206,11216,10024,3,60,101,49,71,7.46863557933
5207,11216,10005,3,60,65,49,41,3.62887201417
5208,11216,10030,2,60,39,49,26,9.50856782091
5209,11216,10002,1,60,258,49,186,3.24593571532
5210,11216,11385,1,60,56,49,31,3.30311633501
5211,11216,11220,2,60,38,49,23,4.45061605191
5212,11216,11215,3,60,123,49,95,2.15486697052
5213,11216,10038,3,60,174,49,85,3.54264529839
5214,11216,11217,2,60,92,49,71,1.55874796279
5215,11216,10462,4,60,104,49,58,12.1128442729
5216,11216,10040,2,60,80,49,27,12.347009461
5217,11216,10457,2,60,28,49,16,11.7700551869
5218,11216,10017,3,60,277,49,161,5.11039241461
5219,11216,11433,2,60,18,49,12,8.52426478348
5220,11216,10308,0,60,8,49,8,13.8898880949
5221,11216,10468,2,60,52,49,30,13.1382127531
5222,11216,10111,0,60,15,49,13,5.65624987106
5223,11216,10309,2,60,23,49,15,17.3776468978
5224,11216,10034,2,60,68,49,33,13.0057968623
5225,11216,10028,3,60,89,49,53,6.65749664559
5226,11216,10035,2,60,65,49,32,8.45314961854
5227,11216,11228,1,60,10,49,8,5.46943745644
5228,11216,11105,0,60,25,49,19,6.83783374785
5229,11216,11355,2,60,26,49,18,8.27428822645
5230,11216,11209,3,60,49,49,28,5.81168945785
5231,11216,11213,1,60,35,49,20,0.969747669285
5232,11216,11369,2,60,12,49,8,7.00174212836
5233,11216,10031,1,60,64,49,45,10.0608476102
5234,11216,11221,2,60,120,49,61,1.37065918627
5235,11216,11212,0,60,12,49,10,2.22528728686
5236,11216,11233,0,60,74,49,34,1.57629179442
5237,11216,11368,2,60,62,49,41,6.59149706615
5238,11216,11205,1,60,37,49,31,1.30800081978
5239,11216,10069,0,60,14,49,8,6.92558656004
5240,11216,11203,0,60,39,49,8,2.3052145535
5241,11216,10459,1,60,16,49,8,10.4151421334
5242,11216,11219,0,60,6,49,4,4.16199932095
5243,11216,11434,2,60,32,49,16,9.22948532352
5244,11216,11230,0,60,11,49,5,4.04955799977
5245,11216,11373,2,60,53,49,27,5.32426606716
5246,11216,11362,1,60,8,49,5,12.544422323
5247,11216,10305,0,60,11,49,8,8.71460598732
5248,11216,11104,0,60,8,49,6,4.62773111549
5249,11216,10004,3,60,168,49,99,5.05145667464
5250,11216,10275,0,60,13,49,7,7.08929748523
5251,11216,10118,1,60,4,49,3,5.14148581922
5252,11216,10026,1,60,57,49,43,8.45653330249
5253,11216,11235,1,60,19,49,14,6.66596733688
5254,11216,10469,0,60,44,49,12,14.0262429086
5255,11216,10281,1,60,31,49,24,4.22619000447
5256,11216,11223,0,60,10,49,7,5.81485177125
5257,11216,11379,2,60,33,49,13,4.37853733871
5258,11216,10465,2,60,37,49,16,12.1496382719
5259,11216,10455,0,60,20,49,11,9.56592158728
5260,11216,10466,0,60,16,49,11,15.4682820603
5261,11216,11239,0,60,4,49,2,4.34134573425
5262,11216,11207,2,60,86,49,31,2.91199381107
5263,11216,11367,2,60,35,49,17,7.44297113307
5264,11216,11106,0,60,21,49,19,5.69996137208
5265,11216,10471,2,60,19,49,15,15.3899085754
5266,11216,11234,0,60,50,49,15,4.49067507425
5267,11216,10167,0,60,11,49,4,5.32611249675
5268,11216,10453,1,60,21,49,16,12.0608403688
5269,11216,10451,2,60,20,49,12,9.71010198418
5270,11216,10033,2,60,86,49,31,11.6386109717
5271,11216,11354,2,60,38,49,25,8.85420105551
5272,11216,10463,3,60,36,49,16,14.0120691208
5273,11216,10169,1,60,4,49,4,5.31527576394
5274,11216,10456,2,60,21,49,12,10.5089182143
5275,11216,11420,0,60,8,49,7,7.04736672125
5276,11216,10153,0,60,6,49,5,5.89232209929
5277,11216,10307,0,60,6,49,3,19.5664813794
5278,11216,10306,1,60,17,49,8,11.7550845903
5279,11216,10165,0,60,2,49,2,5.21955361391
5280,11216,10303,2,60,11,49,7,11.7901208355
5281,11216,11224,0,60,22,49,13,7.51882912478
5282,11216,10304,0,60,8,49,5,8.97159377937
5283,11216,10458,3,60,34,49,31,13.0581601831
5284,11216,11414,2,60,13,49,7,5.72708983425
5285,11216,11204,0,60,9,49,8,4.65390582245
5286,11216,11372,1,60,16,49,11,5.86703802825
5287,11216,11357,0,60,9,49,6,10.2372708315
5288,11216,10044,0,60,9,49,8,5.64294772483
5289,11216,11229,2,60,27,49,14,5.61119419939
5290,11216,11236,1,60,15,49,9,3.6147164525
5291,11216,10302,2,60,5,49,5,10.4932826166
5292,11216,11422,0,60,11,49,8,11.2634460253
5293,11216,10312,0,60,4,49,2,15.2814529653
5294,11216,10310,0,60,27,49,6,9.40008197247
5295,11216,11429,1,60,8,49,6,11.1614594803
5296,11216,10152,0,60,2,49,2,5.54189454527
5297,11216,11214,1,60,10,49,6,6.15481323576
5298,11216,11435,2,60,41,49,23,7.39379906992
5299,11216,10039,2,60,8,49,7,10.0763961671
5300,11216,10121,0,60,1,49,1,5.29905175426
5301,11216,11413,2,60,14,49,7,10.3646528853
5302,11216,10473,2,60,14,49,9,10.6204086599
5303,11216,10454,2,60,19,49,10,8.82551285121
5304,11216,11416,2,60,5,49,5,5.14866189619
5305,11216,10280,0,60,5,49,3,4.103097167
5306,11216,11694,0,60,5,49,4,8.92276813935
5307,11216,11358,0,60,6,49,4,9.71321588438
5308,11216,11421,1,60,4,49,4,4.78023846113
5309,11216,11412,0,60,4,49,4,9.98194565447
5310,11216,10174,0,60,2,49,2,5.11607124293
5311,11216,11417,0,60,3,49,3,5.44644491955
5312,11216,11427,2,60,5,49,4,11.0299685424
5313,11216,11411,0,60,4,49,2,11.1984811268
5314,11216,11374,2,60,10,49,9,5.52129028082
5315,11216,10096,0,60,2,49,2,7.08929748523
5316,11216,10006,2,60,19,49,18,3.91420432425
5317,11216,10037,2,60,15,49,10,9.1983282934
5318,11216,11370,0,60,8,49,4,6.45607662305
5319,11216,10475,3,60,15,49,11,15.1132480806
5320,11216,11225,1,60,17,49,13,1.26041535649
5321,11216,10282,0,60,10,49,9,4.29974490851
5322,11216,11426,2,60,12,49,5,12.4531133836
5323,11216,11378,2,60,18,49,7,3.84816904513
5324,11216,10107,0,60,1,49,1,6.20629990448
5325,11216,11251,0,60,4,49,3,2.44151512768
5326,11216,11436,2,60,6,49,3,7.96366493142
5327,11216,11360,2,60,10,49,5,11.2047077003
5328,11216,11356,0,60,2,49,2,9.09345568716
5329,11216,10474,1,60,8,49,7,9.70204482309
5330,11216,11697,0,60,1,49,1,8.54991628221
5331,11216,10172,0,60,2,49,2,5.36166618924
5332,11216,11691,0,60,4,49,3,11.3601943045
5333,11216,10470,1,60,6,49,4,15.8746731308
5334,11216,11366,0,60,7,49,5,8.64288723953
5335,11216,10041,0,60,2,49,2,3.60472017881
5336,11216,10278,0,60,1,49,1,3.80796297445
5337,11216,10106,0,60,4,49,1,6.09363713543
5338,11216,11428,0,60,2,49,2,11.207023549
5339,11216,10286,0,60,1,49,1,4.07747636673
5340,11216,10279,0,60,1,49,1,3.88829563388
5341,11216,10103,0,60,1,49,1,5.76923580845
5342,11216,10196,0,60,1,49,1,7.08929748523
5343,11216,10154,0,60,1,49,1,5.50524227151
5344,11216,10119,1,60,2,49,2,5.39544924601
5345,11216,10464,0,60,5,49,4,14.7746686708
5346,11216,10166,0,60,2,49,2,5.32633977769
5347,11216,10203,0,60,1,49,1,7.08929748523
5348,11216,11359,0,60,2,49,2,11.8826704367
5349,11216,10177,0,60,1,49,1,5.37424498714
5350,11216,11040,0,60,1,49,1,14.7825594836
5351,11216,11364,0,60,2,49,2,10.8943989655
5352,11216,11692,0,60,2,49,2,10.0363614275
5353,11216,11423,0,60,1,49,1,9.73766506785
5354,11216,11415,0,60,2,49,2,6.48733884581
5355,11216,10175,0,60,2,49,1,5.3618902437
5356,11418,10012,0,15,445,11,357,8.85258074419
5357,11418,11222,0,15,110,11,71,6.18297505964
5358,11418,11231,0,15,65,11,44,8.9742369967
5359,11418,10019,1,15,637,11,440,9.22686001065
5360,11418,11102,0,15,35,11,30,6.93066930414
5361,11418,10003,1,15,493,11,400,8.50521419356
5362,11418,10020,0,15,143,11,116,8.74398570212
5363,11418,10018,0,15,339,11,256,9.24987617444
5364,11418,10001,1,15,670,11,468,9.27979095998
5365,11418,11365,0,15,21,11,9,3.54539339532
5366,11418,10007,1,15,1780,11,1042,9.18256533472
5367,11418,10022,0,15,228,11,164,8.16574692239
5368,11418,10013,1,15,745,11,406,9.13995295155
5369,11418,10472,0,15,23,11,8,9.28442356534
5370,11418,11226,0,15,195,11,123,7.38187969406
5371,11418,10027,1,15,141,11,83,10.1297705649
5372,11418,11210,0,15,34,11,20,7.63172285901
5373,11418,11693,0,15,6,11,6,7.04326762627
5374,11418,11432,0,15,49,11,36,2.38121126084
5375,11418,11103,0,15,35,11,26,6.02037042402
5376,11418,11237,0,15,64,11,53,4.54341911302
5377,11418,10010,0,15,218,11,181,8.27801149068
5378,11418,10014,0,15,397,11,286,9.35343229335
5379,11418,10009,0,15,135,11,91,7.86453640743
5380,11418,10036,0,15,826,11,656,9.2333394123
5381,11418,11216,0,15,60,11,49,6.14673581462
5382,11418,11418,11,15,15,11,11,0.0
5383,11418,11109,0,15,5,11,5,3.79081750047
5384,11418,11371,0,15,71,11,65,5.52394355214
5385,11418,10460,0,15,42,11,22,10.1313097362
5386,11418,10048,0,15,86,11,65,9.42641082052
5387,11418,10128,0,15,51,11,40,8.40623727772
5388,11418,11375,0,15,44,11,27,1.65024502279
5389,11418,10023,0,15,210,11,134,9.48713146863
5390,11418,11211,1,15,352,11,256,6.40311014405
5391,11418,10011,0,15,437,11,352,9.21916067862
5392,11418,10025,0,15,143,11,65,9.87008321509
5393,11418,10032,0,15,65,11,28,11.327686082
5394,11418,11232,0,15,125,11,24,9.44019400525
5395,11418,11377,1,15,46,11,33,4.78864326359
5396,11418,11361,0,15,19,11,11,5.4549611125
5397,11418,11206,0,15,90,11,63,5.74242205108
5398,11418,11430,0,15,187,11,143,3.86465994219
5399,11418,10021,0,15,62,11,45,8.22099211536
5400,11418,11201,0,15,234,11,176,8.16532255633
5401,11418,11238,1,15,109,11,64,6.88861818142
5402,11418,10016,0,15,162,11,110,8.24212636462
5403,11418,11218,0,15,26,11,19,8.35116542475
5404,11418,10301,0,15,45,11,32,14.4491657603
5405,11418,10452,0,15,54,11,34,10.7386743993
5406,11418,10314,0,15,51,11,30,17.5606864452
5407,11418,10461,0,15,50,11,20,9.96907901105
5408,11418,11101,1,15,193,11,96,6.40957535778
5409,11418,10029,0,15,50,11,38,8.71093814517
5410,11418,10467,0,15,33,11,22,12.1368286752
5411,11418,11208,0,15,43,11,13,2.70813490837
5412,11418,10024,0,15,101,11,71,9.66753577864
5413,11418,10005,1,15,65,11,41,9.20092392487
5414,11418,10030,0,15,39,11,26,10.0702603828
5415,11418,10002,0,15,258,11,186,8.15346887817
5416,11418,11385,1,15,56,11,31,3.12493094929
5417,11418,11220,0,15,38,11,23,10.3450609706
5418,11418,11215,0,15,123,11,95,8.26300454651
5419,11418,10038,0,15,174,11,85,8.9604309138
5420,11418,11217,1,15,92,11,71,7.65681820428
5421,11418,10462,0,15,104,11,58,10.0010528052
5422,11418,10040,0,15,80,11,27,12.1241426714
5423,11418,10457,0,15,28,11,16,10.7829994494
5424,11418,10017,0,15,277,11,161,8.16708829812
5425,11418,11433,0,15,18,11,12,2.4357911466
5426,11418,10308,0,15,8,11,8,19.5296000337
5427,11418,10468,0,15,52,11,30,12.1321764127
5428,11418,10111,0,15,15,11,13,8.64808417477
5429,11418,10309,0,15,23,11,15,23.0984096927
5430,11418,10034,0,15,68,11,33,12.520946605
5431,11418,10028,0,15,89,11,53,8.31577703451
5432,11418,10035,0,15,65,11,32,8.88335656363
5433,11418,11228,0,15,10,11,8,10.8948584851
5434,11418,11105,0,15,25,11,19,6.55297471187
5435,11418,11355,0,15,26,11,18,3.5961604725
5436,11418,11209,0,15,49,11,28,11.5257914703
5437,11418,11213,0,15,35,11,20,5.63256849643
5438,11418,11369,0,15,12,11,8,4.84474610031
5439,11418,10031,1,15,64,11,45,10.6844946846
5440,11418,11221,0,15,120,11,61,4.8952475799
5441,11418,11212,0,15,12,11,10,4.87540737358
5442,11418,11233,0,15,74,11,34,4.70220174631
5443,11418,11368,0,15,62,11,41,3.59739888542
5444,11418,11205,0,15,37,11,31,6.91979589682
5445,11418,10069,0,15,14,11,8,9.79786607103
5446,11418,11203,0,15,39,11,8,6.23667331599
5447,11418,10459,0,15,16,11,8,9.30146371919
5448,11418,11219,0,15,6,11,4,9.68445164359
5449,11418,11434,0,15,32,11,16,3.591724852
5450,11418,11230,0,15,11,11,5,8.61641938046
5451,11418,11373,0,15,53,11,27,3.48706912744
5452,11418,11362,0,15,8,11,5,6.75471267069
5453,11418,10305,0,15,11,11,8,14.4234141323
5454,11418,11104,0,15,8,11,6,5.48488802571
5455,11418,10004,0,15,168,11,99,10.8988460164
5456,11418,10275,0,15,13,11,7,9.43251120359
5457,11418,10118,0,15,4,11,3,8.74687874533
5458,11418,10026,0,15,57,11,43,9.60317437647
5459,11418,11235,0,15,19,11,14,10.0070579969
5460,11418,10469,0,15,44,11,12,11.7633966956
5461,11418,10281,0,15,31,11,24,9.58560614614
5462,11418,11223,0,15,10,11,7,10.0513883318
5463,11418,11379,0,15,33,11,13,2.68303918436
5464,11418,10465,0,15,37,11,16,8.82075126099
5465,11418,10455,0,15,20,11,11,8.96447877132
5466,11418,10466,0,15,16,11,11,13.2992024583
5467,11418,11239,0,15,4,11,2,4.34925933279
5468,11418,11207,2,15,86,11,31,3.70931913644
5469,11418,11367,0,15,35,11,17,2.17541462737
5470,11418,11106,0,15,21,11,19,6.7513558241
5471,11418,10471,0,15,19,11,15,14.4337618994
5472,11418,11234,0,15,50,11,15,7.19535526543
5473,11418,10167,0,15,11,11,4,8.37569346574
5474,11418,10453,0,15,21,11,16,11.4304470755
5475,11418,10451,0,15,20,11,12,9.57226367988
5476,11418,10033,0,15,86,11,31,11.6522245777
5477,11418,11354,1,15,38,11,25,4.81621780913
5478,11418,10463,0,15,36,11,16,13.1817185642
5479,11418,10169,0,15,4,11,4,8.41468580735
5480,11418,10456,0,15,21,11,12,9.86888651001
5481,11418,11420,0,15,8,11,7,2.01945243206
5482,11418,10153,0,15,6,11,5,8.57521892344
5483,11418,10307,0,15,6,11,3,25.2526086423
5484,11418,10306,1,15,17,11,8,17.3935322144
5485,11418,10165,0,15,2,11,2,8.48274708105
5486,11418,10303,0,15,11,11,7,17.9180656278
5487,11418,11224,0,15,22,11,13,11.8229446353
5488,11418,10304,0,15,8,11,5,14.8477482315
5489,11418,10458,0,15,34,11,31,11.7929120442
5490,11418,11414,0,15,13,11,7,2.82555642118
5491,11418,11204,0,15,9,11,8,9.65141698954
5492,11418,11372,0,15,16,11,11,4.44810857198
5493,11418,11357,0,15,9,11,6,6.06899757939
5494,11418,10044,0,15,9,11,8,7.48889093066
5495,11418,11229,0,15,27,11,14,8.87794728913
5496,11418,11236,0,15,15,11,9,5.43212206029
5497,11418,10302,0,15,5,11,5,16.6103446387
5498,11418,11422,1,15,11,11,8,5.73856091597
5499,11418,10312,0,15,4,11,2,20.9632600827
5500,11418,10310,0,15,27,11,6,15.5015101518
5501,11418,11429,0,15,8,11,6,5.01978762828
5502,11418,10152,0,15,2,11,2,8.3744291711
5503,11418,11214,0,15,10,11,6,10.9557955894
5504,11418,11435,0,15,41,11,23,1.25412316073
5505,11418,10039,0,15,8,11,7,10.3489136623
5506,11418,10121,0,15,1,11,1,9.02585078255
5507,11418,11413,0,15,14,11,7,4.74208332435
5508,11418,10473,0,15,14,11,9,8.38787948162
5509,11418,10454,0,15,19,11,10,8.59108982216
5510,11418,11416,0,15,5,11,5,1.36472863075
5511,11418,10280,0,15,5,11,3,9.69013810879
5512,11418,11694,0,15,5,11,4,8.4479426643
5513,11418,11358,0,15,6,11,4,4.71226918077
5514,11418,11421,0,15,4,11,4,1.39620737006
5515,11418,11412,0,15,4,11,4,3.89622862582
5516,11418,10174,0,15,2,11,2,8.28530692521
5517,11418,11417,0,15,3,11,3,1.68775983955
5518,11418,11427,0,15,5,11,4,4.9520340751
5519,11418,11411,0,15,4,11,2,5.15341691829
5520,11418,11374,0,15,10,11,9,2.31963831362
5521,11418,10096,0,15,2,11,2,9.43251120359
5522,11418,10006,0,15,19,11,18,9.462605437
5523,11418,10037,0,15,15,11,10,9.58080893339
5524,11418,11370,0,15,8,11,4,5.36079383059
5525,11418,10475,0,15,15,11,11,12.430636223
5526,11418,11225,0,15,17,11,13,6.83576021863
5527,11418,10282,0,15,10,11,9,9.57467681657
5528,11418,11426,0,15,12,11,5,6.35267644311
5529,11418,11378,0,15,18,11,7,4.03382099914
5530,11418,10107,0,15,1,11,1,9.12208481109
5531,11418,11251,0,15,4,11,3,6.91467986414
5532,11418,11436,0,15,6,11,3,2.5598455029
5533,11418,11360,0,15,10,11,5,6.31284513943
5534,11418,11356,0,15,2,11,2,6.0245885458
5535,11418,10474,0,15,8,11,7,8.40638454472
5536,11418,11697,0,15,1,11,1,10.331695247
5537,11418,10172,0,15,2,11,2,8.37375396201
5538,11418,11691,0,15,4,11,3,7.82936115383
5539,11418,10470,0,15,6,11,4,14.0206417018
5540,11418,11366,0,15,7,11,5,2.78471847582
5541,11418,10041,0,15,2,11,2,9.27106171704
5542,11418,10278,0,15,1,11,1,9.02118011302
5543,11418,10106,0,15,4,11,1,8.97697542921
5544,11418,11428,0,15,2,11,2,5.07242541663
5545,11418,10286,0,15,1,11,1,9.42258552729
5546,11418,10279,0,15,1,11,1,9.24012615839
5547,11418,10103,0,15,1,11,1,8.70934480323
5548,11418,10196,0,15,1,11,1,9.43251120359
5549,11418,10154,0,15,1,11,1,8.37329927578
5550,11418,10119,0,15,2,11,2,9.10626141269
5551,11418,10464,0,15,5,11,4,11.1867710076
5552,11418,10166,0,15,2,11,2,8.42703596244
5553,11418,10203,0,15,1,11,1,9.43251120359
5554,11418,11359,0,15,2,11,2,7.16016793052
5555,11418,10177,0,15,1,11,1,8.44414664205
5556,11418,11040,0,15,1,11,1,8.68066552413
5557,11418,11364,0,15,2,11,2,5.10399130707
5558,11418,11692,0,15,2,11,2,7.55129842568
5559,11418,11423,0,15,1,11,1,3.6030883175
5560,11418,11415,0,15,2,11,2,0.616257664458
5561,11418,10175,0,15,2,11,1,8.58384856704
5562,11109,10012,0,5,445,5,357,8.44838980882
5563,11109,11222,0,5,110,5,71,6.49369069329
5564,11109,11231,0,5,65,5,44,7.1770239164
5565,11109,10019,0,5,637,5,440,9.92941789972
5566,11109,11102,0,5,35,5,30,8.74355279588
5567,11109,10003,0,5,493,5,400,8.37391229579
5568,11109,10020,0,5,143,5,116,9.372622946
5569,11109,10018,0,5,339,5,256,9.62637323405
5570,11109,10001,0,5,670,5,468,9.51939955661
5571,11109,11365,0,5,21,5,9,7.32258283687
5572,11109,10007,0,5,1780,5,1042,8.39542700305
5573,11109,10022,0,5,228,5,164,8.99238237106
5574,11109,10013,0,5,745,5,406,8.5296802136
5575,11109,10472,0,5,23,5,8,12.3542072703
5576,11109,11226,0,5,195,5,123,4.47416549377
5577,11109,10027,0,5,141,5,83,11.9748847525
5578,11109,11210,0,5,34,5,20,4.24830234474
5579,11109,11693,0,5,6,5,6,4.61400746329
5580,11109,11432,0,5,49,5,36,5.94533825561
5581,11109,11103,0,5,35,5,26,7.98309999887
5582,11109,11237,0,5,64,5,53,4.41928573966
5583,11109,10010,0,5,218,5,181,8.40978346106
5584,11109,10014,0,5,397,5,286,9.11049866493
5585,11109,10009,0,5,135,5,91,7.70653513784
5586,11109,10036,0,5,826,5,656,9.74631993412
5587,11109,11216,0,5,60,5,49,4.5359054113
5588,11109,11418,0,5,15,5,11,3.79081750047
5589,11109,11109,5,5,5,5,5,0.0
5590,11109,11371,0,5,71,5,65,8.33123180726
5591,11109,10460,0,5,42,5,22,13.0906305705
5592,11109,10048,0,5,86,5,65,8.53167453296
5593,11109,10128,0,5,51,5,40,9.9285834256
5594,11109,11375,0,5,44,5,27,4.94877862013
5595,11109,10023,0,5,210,5,134,10.4253627532
5596,11109,11211,0,5,352,5,256,6.06504029806
5597,11109,10011,0,5,437,5,352,9.18669533143
5598,11109,10025,0,5,143,5,65,11.3652093524
5599,11109,10032,0,5,65,5,28,13.5803352582
5600,11109,11232,0,5,125,5,24,7.01936124063
5601,11109,11377,0,5,46,5,33,6.54650846396
5602,11109,11361,0,5,19,5,11,9.24009828157
5603,11109,11206,0,5,90,5,63,5.16878553534
5604,11109,11430,0,5,187,5,143,3.94772353736
5605,11109,10021,0,5,62,5,45,9.34844994581
5606,11109,11201,0,5,234,5,176,6.91378014455
5607,11109,11238,0,5,109,5,64,5.2154236114
5608,11109,10016,0,5,162,5,110,8.61720996072
5609,11109,11218,0,5,26,5,19,5.54743442121
5610,11109,10301,0,5,45,5,32,11.8272172137
5611,11109,10452,0,5,54,5,34,13.2089491634
5612,11109,10314,0,5,51,5,30,14.7540367407
5613,11109,10461,0,5,50,5,20,13.3268915666
5614,11109,11101,0,5,193,5,96,7.40945652788
5615,11109,10029,0,5,50,5,38,10.4446427502
5616,11109,10467,0,5,33,5,22,15.2420096715
5617,11109,11208,0,5,43,5,13,1.47162374237
5618,11109,10024,0,5,101,5,71,10.8599541871
5619,11109,10005,0,5,65,5,41,8.16200882489
5620,11109,10030,0,5,39,5,26,12.1244329705
5621,11109,10002,0,5,258,5,186,7.60245324108
5622,11109,11385,0,5,56,5,31,3.75049723338
5623,11109,11220,0,5,38,5,23,7.6496192246
5624,11109,11215,0,5,123,5,95,6.13533498939
5625,11109,10038,0,5,174,5,85,8.05607112223
5626,11109,11217,0,5,92,5,71,6.01060825661
5627,11109,10462,0,5,104,5,58,13.1808165842
5628,11109,10040,0,5,80,5,27,14.6234866448
5629,11109,10457,0,5,28,5,16,13.5597299276
5630,11109,10017,0,5,277,5,161,8.76286020951
5631,11109,11433,0,5,18,5,12,5.37826062776
5632,11109,10308,0,5,8,5,8,16.2727215583
5633,11109,10468,0,5,52,5,30,14.9602039697
5634,11109,10111,0,5,15,5,13,9.32424816865
5635,11109,10309,0,5,23,5,15,19.863415366
5636,11109,10034,0,5,68,5,33,15.1453936071
5637,11109,10028,0,5,89,5,53,9.69584382187
5638,11109,10035,0,5,65,5,32,10.9297435804
5639,11109,11228,0,5,10,5,8,7.76555657555
5640,11109,11105,0,5,25,5,19,8.73196814946
5641,11109,11355,0,5,26,5,18,7.28588424992
5642,11109,11209,0,5,49,5,28,8.56558555535
5643,11109,11213,0,5,35,5,20,3.61443209214
5644,11109,11369,0,5,12,5,8,7.69210044706
5645,11109,10031,0,5,64,5,45,12.7391440108
5646,11109,11221,0,5,120,5,61,4.01165582769
5647,11109,11212,0,5,12,5,10,2.35473470434
5648,11109,11233,0,5,74,5,34,3.06902328215
5649,11109,11368,0,5,62,5,41,6.63744865696
5650,11109,11205,0,5,37,5,31,5.77847953576
5651,11109,10069,0,5,14,5,8,10.62261435
5652,11109,11203,0,5,39,5,8,3.27601064718
5653,11109,10459,0,5,16,5,8,12.0680434136
5654,11109,11219,0,5,6,5,4,6.72505063762
5655,11109,11434,0,5,32,5,16,5.40280038056
5656,11109,11230,0,5,11,5,5,5.29023135022
5657,11109,11373,0,5,53,5,27,5.85676200279
5658,11109,11362,0,5,8,5,5,10.3937573067
5659,11109,10305,0,5,11,5,8,11.3297523447
5660,11109,11104,0,5,8,5,6,6.87101212687
5661,11109,10004,0,5,168,5,99,9.54142465731
5662,11109,10275,0,5,13,5,7,10.5309288991
5663,11109,10118,0,5,4,5,3,9.07104741883
5664,11109,10026,0,5,57,5,43,11.3428000005
5665,11109,11235,0,5,19,5,14,6.25903821418
5666,11109,10469,0,5,44,5,12,15.0422110339
5667,11109,10281,0,5,31,5,24,8.7415946497
5668,11109,11223,0,5,10,5,7,6.47888243259
5669,11109,11379,0,5,33,5,13,4.48311011719
5670,11109,10465,0,5,37,5,16,12.3510052615
5671,11109,10455,0,5,20,5,11,11.4935484467
5672,11109,10466,0,5,16,5,11,16.5780949075
5673,11109,11239,0,5,4,5,2,0.583958553528
5674,11109,11207,0,5,86,5,31,1.82468215902
5675,11109,11367,0,5,35,5,17,5.92585725748
5676,11109,11106,0,5,21,5,19,8.27248901485
5677,11109,10471,0,5,19,5,15,17.2973920519
5678,11109,11234,0,5,50,5,15,3.50205756417
5679,11109,10167,0,5,11,5,4,8.99516370748
5680,11109,10453,0,5,21,5,16,14.0819032398
5681,11109,10451,0,5,20,5,12,11.9272447161
5682,11109,10033,0,5,86,5,31,14.0304007496
5683,11109,11354,0,5,38,5,25,8.39706960843
5684,11109,10463,0,5,36,5,16,15.9670999814
5685,11109,10169,0,5,4,5,4,9.00898671497
5686,11109,10456,0,5,21,5,12,12.4617894123
5687,11109,11420,0,5,8,5,7,3.31981229405
5688,11109,10153,0,5,6,5,5,9.420477979
5689,11109,10307,0,5,6,5,3,21.9719675276
5690,11109,10306,0,5,17,5,8,14.1705485708
5691,11109,10165,0,5,2,5,2,8.98805013516
5692,11109,10303,0,5,11,5,7,15.4022412142
5693,11109,11224,0,5,22,5,13,8.18983673298
5694,11109,10304,0,5,8,5,5,11.9046257757
5695,11109,10458,0,5,34,5,31,14.7134147009
5696,11109,11414,0,5,13,5,7,1.52307759811
5697,11109,11204,0,5,9,5,8,6.39441913165
5698,11109,11372,0,5,16,5,11,6.85225289784
5699,11109,11357,0,5,9,5,6,9.73464860132
5700,11109,10044,0,5,9,5,8,8.6828954587
5701,11109,11229,0,5,27,5,14,5.16082042981
5702,11109,11236,0,5,15,5,9,1.88145386877
5703,11109,10302,0,5,5,5,5,14.0704409003
5704,11109,11422,0,5,11,5,8,7.16920890385
5705,11109,10312,0,5,4,5,2,17.7197022589
5706,11109,10310,0,5,27,5,6,12.9318099529
5707,11109,11429,0,5,8,5,6,7.97599061111
5708,11109,10152,0,5,2,5,2,9.11758838108
5709,11109,11214,0,5,10,5,6,7.51547012196
5710,11109,11435,0,5,41,5,23,4.64002452931
5711,11109,10039,0,5,8,5,7,12.5540712774
5712,11109,10121,0,5,1,5,1,9.29640505898
5713,11109,11413,0,5,14,5,7,6.4045804424
5714,11109,10473,0,5,14,5,9,11.5495620924
5715,11109,10454,0,5,19,5,10,10.9312212336
5716,11109,11416,0,5,5,5,5,2.45149435869
5717,11109,10280,0,5,5,5,3,8.63871890839
5718,11109,11694,0,5,5,5,4,5.31389335223
5719,11109,11358,0,5,6,5,4,8.49047297988
5720,11109,11421,0,5,4,5,4,2.80302341926
5721,11109,11412,0,5,4,5,4,6.64688886384
5722,11109,10174,0,5,2,5,2,8.82750191219
5723,11109,11417,0,5,3,5,3,2.1557661098
5724,11109,11427,0,5,5,5,4,8.35665240349
5725,11109,11411,0,5,4,5,2,7.66783699082
5726,11109,11374,0,5,10,5,9,5.10271844251
5727,11109,10096,0,5,2,5,2,10.5309288991
5728,11109,10006,0,5,19,5,18,8.44750191899
5729,11109,10037,0,5,15,5,10,11.6938051355
5730,11109,11370,0,5,8,5,4,7.77262987425
5731,11109,10475,0,5,15,5,11,15.853297067
5732,11109,11225,0,5,17,5,13,4.50114211909
5733,11109,10282,0,5,10,5,9,8.80188380612
5734,11109,11426,0,5,12,5,5,9.6410668514
5735,11109,11378,0,5,18,5,7,5.2905655004
5736,11109,10107,0,5,1,5,1,9.87816726274
5737,11109,11251,0,5,4,5,3,3.92642737099
5738,11109,11436,0,5,6,5,3,4.18926345461
5739,11109,11360,0,5,10,5,5,10.0962485324
5740,11109,11356,0,5,2,5,2,9.36101587933
5741,11109,10474,0,5,8,5,7,11.2014552879
5742,11109,11697,0,5,1,5,1,6.60538968881
5743,11109,10172,0,5,2,5,2,9.01455791872
5744,11109,11691,0,5,4,5,3,6.83455886962
5745,11109,10470,0,5,6,5,4,17.2071613894
5746,11109,11366,0,5,7,5,5,6.51492566076
5747,11109,10041,0,5,2,5,2,8.14055954529
5748,11109,10278,0,5,1,5,1,8.28525163378
5749,11109,10106,0,5,4,5,1,9.74099058808
5750,11109,11428,0,5,2,5,2,8.2876295174
5751,11109,10286,0,5,1,5,1,8.58820110207
5752,11109,10279,0,5,1,5,1,8.3967894549
5753,11109,10103,0,5,1,5,1,9.42012614493
5754,11109,10196,0,5,1,5,1,10.5309288991
5755,11109,10154,0,5,1,5,1,9.09621025524
5756,11109,10119,0,5,2,5,2,9.39193346301
5757,11109,10464,0,5,5,5,4,14.8238665608
5758,11109,10166,0,5,2,5,2,9.02169357724
5759,11109,10203,0,5,1,5,1,10.5309288991
5760,11109,11359,0,5,2,5,2,10.9358750947
5761,11109,10177,0,5,1,5,1,9.05805578779
5762,11109,11040,0,5,1,5,1,11.8901926827
5763,11109,11364,0,5,2,5,2,8.78413357864
5764,11109,11692,0,5,2,5,2,5.64359489431
5765,11109,11423,0,5,1,5,1,6.91658986388
5766,11109,11415,0,5,2,5,2,4.39648152758
5767,11109,10175,0,5,2,5,1,9.12175041153
5768,11371,10012,2,71,445,65,357,7.20808295845
5769,11371,11222,1,71,110,65,71,4.86433285496
5770,11371,11231,2,71,65,65,44,9.28361301606
5771,11371,10019,4,71,637,65,440,5.81408066609
5772,11371,11102,2,71,35,65,30,2.59886857174
5773,11371,10003,0,71,493,65,400,6.58797246302
5774,11371,10020,1,71,143,65,116,5.59361271056
5775,11371,10018,4,71,339,65,256,6.31514887049
5776,11371,10001,3,71,670,65,468,6.53940741987
5777,11371,11365,2,71,21,65,9,4.91737848049
5778,11371,10007,4,71,1780,65,1042,7.98253667992
5779,11371,10022,2,71,228,65,164,4.92191908462
5780,11371,10013,1,71,745,65,406,7.69724351765
5781,11371,10472,2,71,23,65,8,4.04047560945
5782,11371,11226,2,71,195,65,123,9.7166438141
5783,11371,10027,2,71,141,65,83,5.04019146643
5784,11371,11210,2,71,34,65,20,10.6105166577
5785,11371,11693,0,71,6,65,6,12.4275039491
5786,11371,11432,0,71,49,65,36,5.86769418383
5787,11371,11103,2,71,35,65,26,1.98142577705
5788,11371,11237,2,71,64,65,53,5.29358394646
5789,11371,10010,2,71,218,65,181,6.05803420777
5790,11371,10014,2,71,397,65,286,7.3035700916
5791,11371,10009,0,71,135,65,91,6.25783846842
5792,11371,10036,3,71,826,65,656,6.10046960277
5793,11371,11216,2,71,60,65,49,7.40002871293
5794,11371,11418,0,71,15,65,11,5.52394355214
5795,11371,11109,0,71,5,65,5,8.33123180726
5796,11371,11371,65,71,71,65,65,0.0
5797,11371,10460,2,71,42,65,22,4.76083988203
5798,11371,10048,0,71,86,65,65,8.30459300096
5799,11371,10128,2,71,51,65,40,4.00758589684
5800,11371,11375,2,71,44,65,27,3.87375495121
5801,11371,10023,2,71,210,65,134,5.65962135139
5802,11371,11211,2,71,352,65,256,5.86508989809
5803,11371,10011,2,71,437,65,352,6.90166782907
5804,11371,10025,0,71,143,65,65,5.20848650219
5805,11371,10032,2,71,65,65,28,5.87837944741
5806,11371,11232,2,71,125,65,24,10.5216130284
5807,11371,11377,2,71,46,65,33,2.51498565716
5808,11371,11361,2,71,19,65,11,5.34298780702
5809,11371,11206,0,71,90,65,63,5.98386808968
5810,11371,11430,2,71,187,65,143,9.36688177686
5811,11371,10021,2,71,62,65,45,4.48509564109
5812,11371,11201,2,71,234,65,176,7.99162129637
5813,11371,11238,0,71,109,65,64,7.83101818163
5814,11371,10016,4,71,162,65,110,5.66707303635
5815,11371,11218,2,71,26,65,19,10.2700234556
5816,11371,10301,2,71,45,65,32,15.0418868
5817,11371,10452,2,71,54,65,34,5.22530376594
5818,11371,10314,2,71,51,65,30,18.219666288
5819,11371,10461,1,71,50,65,20,5.25746599429
5820,11371,11101,3,71,193,65,96,3.83035430978
5821,11371,10029,2,71,50,65,38,3.94322902292
5822,11371,10467,2,71,33,65,22,6.92017291726
5823,11371,11208,0,71,43,65,13,6.86061770452
5824,11371,10024,1,71,101,65,71,5.44064869167
5825,11371,10005,2,71,65,65,41,8.3582645373
5826,11371,10030,1,71,39,65,26,4.79411760828
5827,11371,10002,0,71,258,65,186,6.99378919394
5828,11371,11385,1,71,56,65,31,4.85177004297
5829,11371,11220,2,71,38,65,23,11.6533958997
5830,11371,11215,2,71,123,65,95,9.25845781462
5831,11371,10038,2,71,174,65,85,8.00388442301
5832,11371,11217,1,71,92,65,71,8.22426790456
5833,11371,10462,2,71,104,65,58,4.91368196221
5834,11371,10040,2,71,80,65,27,6.60183690385
5835,11371,10457,2,71,28,65,16,5.2981948889
5836,11371,10017,3,71,277,65,161,5.28264123475
5837,11371,11433,2,71,18,65,12,6.95552626126
5838,11371,10308,0,71,8,65,8,21.0263669262
5839,11371,10468,2,71,52,65,30,6.6780382586
5840,11371,10111,0,71,15,65,13,5.45829836182
5841,11371,10309,2,71,23,65,15,24.3930014319
5842,11371,10034,1,71,68,65,33,7.0030059593
5843,11371,10028,2,71,89,65,53,4.15732437214
5844,11371,10035,2,71,65,65,32,3.71370169134
5845,11371,11228,1,71,10,65,8,12.8501879211
5846,11371,11105,0,71,25,65,19,1.74413244566
5847,11371,11355,2,71,26,65,18,3.31186763908
5848,11371,11209,2,71,49,65,28,13.0837136564
5849,11371,11213,0,71,35,65,20,7.64575015271
5850,11371,11369,2,71,12,65,8,0.679939060852
5851,11371,10031,1,71,64,65,45,5.37459953773
5852,11371,11221,0,71,120,65,61,6.19351956258
5853,11371,11212,0,71,12,65,10,7.84267796783
5854,11371,11233,0,71,74,65,34,6.95015698202
5855,11371,11368,2,71,62,65,41,1.93299562488
5856,11371,11205,0,71,37,65,31,7.16090710004
5857,11371,10069,0,71,14,65,8,6.05867950518
5858,11371,11203,0,71,39,65,8,9.01707362982
5859,11371,10459,1,71,16,65,8,3.803426825
5860,11371,11219,0,71,6,65,4,11.5467873112
5861,11371,11434,2,71,32,65,16,8.59429628097
5862,11371,11230,0,71,11,65,5,11.3027067729
5863,11371,11373,2,71,53,65,27,2.48864175077
5864,11371,11362,1,71,8,65,5,7.49193794261
5865,11371,10305,0,71,11,65,8,15.9022082977
5866,11371,11104,0,71,8,65,6,3.03878737364
5867,11371,10004,2,71,168,65,99,10.0629825706
5868,11371,10275,0,71,13,65,7,5.38866308574
5869,11371,10118,0,71,4,65,3,6.05673814248
5870,11371,10026,0,71,57,65,43,4.68494467317
5871,11371,11235,1,71,19,65,14,13.5767567401
5872,11371,10469,0,71,44,65,12,6.82055789505
5873,11371,10281,0,71,31,65,24,8.34181785303
5874,11371,11223,0,71,10,65,7,13.042378077
5875,11371,11379,2,71,33,65,13,3.8733409316
5876,11371,10465,2,71,37,65,16,4.77712826249
5877,11371,10455,0,71,20,65,11,3.45409652651
5878,11371,10466,0,71,16,65,11,8.33390480771
5879,11371,11239,0,71,4,65,2,8.71239474469
5880,11371,11207,2,71,86,65,31,7.05490072077
5881,11371,11367,2,71,35,65,17,4.11284214039
5882,11371,11106,0,71,21,65,19,3.03821788833
5883,11371,10471,2,71,19,65,15,9.00766742743
5884,11371,11234,0,71,50,65,15,10.8705659588
5885,11371,10167,0,71,11,65,4,5.37211743298
5886,11371,10453,1,71,21,65,16,5.91359705958
5887,11371,10451,2,71,20,65,12,4.1162155511
5888,11371,10033,2,71,86,65,31,6.15289352336
5889,11371,11354,2,71,38,65,25,2.6450393249
5890,11371,10463,2,71,36,65,16,7.71168255258
5891,11371,10169,0,71,4,65,4,5.43503310002
5892,11371,10456,2,71,21,65,12,4.34508085598
5893,11371,11420,0,71,8,65,7,7.53290660572
5894,11371,10153,0,71,6,65,5,5.15194435062
5895,11371,10307,0,71,6,65,3,26.590683308
5896,11371,10306,0,71,17,65,8,18.9276003714
5897,11371,10165,0,71,2,65,2,5.61393165462
5898,11371,10303,2,71,11,65,7,18.0134767932
5899,11371,11224,0,71,22,65,13,14.8151030456
5900,11371,10304,0,71,8,65,5,15.9900664005
5901,11371,10458,2,71,34,65,31,6.39538198962
5902,11371,11414,2,71,13,65,7,8.03454025483
5903,11371,11204,0,71,9,65,8,12.0332898892
5904,11371,11372,1,71,16,65,11,1.58873115646
5905,11371,11357,0,71,9,65,6,3.55919873358
5906,11371,10044,0,71,9,65,8,3.94599747535
5907,11371,11229,2,71,27,65,14,12.4196700654
5908,11371,11236,1,71,15,65,9,9.19969180455
5909,11371,10302,2,71,5,65,5,16.8515399839
5910,11371,11422,0,71,11,65,8,10.5409978703
5911,11371,10312,0,71,4,65,2,22.3625352722
5912,11371,10310,0,71,27,65,6,15.8951961047
5913,11371,11429,1,71,8,65,6,8.36865608941
5914,11371,10152,0,71,2,65,2,5.18032044877
5915,11371,11214,0,71,10,65,6,13.5291262848
5916,11371,11435,2,71,41,65,23,6.03386708079
5917,11371,10039,2,71,8,65,7,4.95113709337
5918,11371,10121,0,71,1,65,1,6.32063269794
5919,11371,11413,2,71,14,65,7,9.57249235477
5920,11371,10473,2,71,14,65,9,3.31480417512
5921,11371,10454,2,71,19,65,10,3.18389673748
5922,11371,11416,2,71,5,65,5,6.26211938819
5923,11371,10280,0,71,5,65,3,8.71627594747
5924,11371,11694,0,71,5,65,4,13.5747584276
5925,11371,11358,0,71,6,65,4,4.21899495101
5926,11371,11421,1,71,4,65,4,5.67219039016
5927,11371,11412,0,71,4,65,4,7.97009920703
5928,11371,10174,0,71,2,65,2,5.43607407995
5929,11371,11417,0,71,3,65,3,6.84899999556
5930,11371,11427,2,71,5,65,4,7.33170952865
5931,11371,11411,0,71,4,65,2,9.10313488978
5932,11371,11374,2,71,10,65,9,3.33605962898
5933,11371,10096,0,71,2,65,2,5.38866308574
5934,11371,10006,0,71,19,65,18,8.50378741803
5935,11371,10037,2,71,15,65,10,4.28762801416
5936,11371,11370,0,71,8,65,4,1.02267129553
5937,11371,10475,2,71,15,65,11,7.79336858663
5938,11371,11225,1,71,17,65,13,8.62539190197
5939,11371,10282,0,71,10,65,9,8.23072683461
5940,11371,11426,2,71,12,65,5,8.53621522975
5941,11371,11378,2,71,18,65,7,3.61387432335
5942,11371,10107,0,71,1,65,1,5.66021455379
5943,11371,11251,0,71,4,65,3,9.50000812101
5944,11371,11436,2,71,6,65,3,7.90700930748
5945,11371,11360,2,71,10,65,5,5.01827913177
5946,11371,11356,0,71,2,65,2,1.88987330029
5947,11371,10474,1,71,8,65,7,2.91289118777
5948,11371,11697,0,71,1,65,1,14.7293844811
5949,11371,10172,0,71,2,65,2,5.33802061485
5950,11371,11691,0,71,4,65,3,13.3315196071
5951,11371,10470,1,71,6,65,4,8.9028236095
5952,11371,11366,0,71,7,65,5,5.2632644899
5953,11371,10041,0,71,2,65,2,8.53781843565
5954,11371,10278,0,71,1,65,1,7.80086749723
5955,11371,10106,0,71,4,65,1,5.54677082812
5956,11371,11428,0,71,2,65,2,7.88919034424
5957,11371,10286,0,71,1,65,1,8.21451371039
5958,11371,10279,0,71,1,65,1,8.10272728813
5959,11371,10103,0,71,1,65,1,5.44581480022
5960,11371,10196,0,71,1,65,1,5.38866308574
5961,11371,10154,0,71,1,65,1,5.21092755492
5962,11371,10119,0,71,2,65,2,6.35216012622
5963,11371,10464,0,71,5,65,4,7.39681737191
5964,11371,10166,0,71,2,65,2,5.44216659939
5965,11371,10203,0,71,1,65,1,5.38866308574
5966,11371,11359,0,71,2,65,2,5.35474698986
5967,11371,10177,0,71,1,65,1,5.42325518146
5968,11371,11040,0,71,1,65,1,10.4865262833
5969,11371,11364,0,71,2,65,2,6.28998466458
5970,11371,11692,0,71,2,65,2,13.0453987293
5971,11371,11423,0,71,1,65,1,6.88177385403
5972,11371,11415,0,71,2,65,2,5.08814099492
5973,11371,10175,0,71,2,65,1,5.62790879544
5974,10460,10012,4,42,445,22,357,10.062341782
5975,10460,11222,2,42,110,22,71,8.61917986679
5976,10460,11231,2,42,65,22,44,12.8951554707
5977,10460,10019,3,42,637,22,440,7.57643411681
5978,10460,11102,2,42,35,22,30,5.33789494584
5979,10460,10003,0,42,493,22,400,9.41632300503
5980,10460,10020,1,42,143,22,116,7.72449693966
5981,10460,10018,4,42,339,22,256,8.37916477163
5982,10460,10001,5,42,670,22,468,8.70966768821
5983,10460,11365,3,42,21,22,9,8.42237292805
5984,10460,10007,5,42,1780,22,1042,10.9590612115
5985,10460,10022,3,42,228,22,164,7.263475809
5986,10460,10013,0,42,745,22,406,10.5739435205
5987,10460,10472,2,42,23,22,8,0.958476020281
5988,10460,11226,4,42,195,22,123,14.0678741041
5989,10460,10027,2,42,141,22,83,4.37166971477
5990,10460,11210,3,42,34,22,20,15.0904940069
5991,10460,11693,0,42,6,22,6,17.1337253941
5992,10460,11432,1,42,49,22,36,9.87146803155
5993,10460,11103,2,42,35,22,26,5.61439454503
5994,10460,11237,2,42,64,22,53,9.71873146226
5995,10460,10010,2,42,218,22,181,8.82667060881
5996,10460,10014,2,42,397,22,286,9.83285265457
5997,10460,10009,0,42,135,22,91,9.39657513098
5998,10460,10036,4,42,826,22,656,8.04654795861
5999,10460,11216,3,42,60,22,49,11.6369435773
6000,10460,11418,0,42,15,22,11,10.1313097362
6001,10460,11109,0,42,5,22,5,13.0906305705
6002,10460,11371,2,42,71,22,65,4.76083988203
6003,10460,10460,22,42,42,22,22,0.0
6004,10460,10048,0,42,86,22,65,11.2670133062
6005,10460,10128,3,42,51,22,40,5.48509495462
6006,10460,11375,3,42,44,22,27,8.50422144041
6007,10460,10023,3,42,210,22,134,6.99287604313
6008,10460,11211,2,42,352,22,256,9.70019375606
6009,10460,10011,2,42,437,22,352,9.32750920364
6010,10460,10025,1,42,143,22,65,5.45336274396
6011,10460,10032,2,42,65,22,28,3.20617450212
6012,10460,11232,3,42,125,22,24,14.3543403459
6013,10460,11377,2,42,46,22,33,6.87835360976
6014,10460,11361,2,42,19,22,11,7.74275321435
6015,10460,11206,0,42,90,22,63,10.1106792777
6016,10460,11430,2,42,187,22,143,13.8715342333
6017,10460,10021,2,42,62,22,45,6.53321500175
6018,10460,11201,5,42,234,22,176,11.5565216653
6019,10460,11238,0,42,109,22,64,11.904892872
6020,10460,10016,2,42,162,22,110,8.29236328628
6021,10460,11218,2,42,26,22,19,14.4507329657
6022,10460,10301,2,42,45,22,32,18.287801759
6023,10460,10452,3,42,54,22,34,2.20523888445
6024,10460,10314,4,42,51,22,30,21.3372269154
6025,10460,10461,1,42,50,22,20,2.21403574509
6026,10460,11101,4,42,193,22,96,7.28040361452
6027,10460,10029,3,42,50,22,38,4.8326034897
6028,10460,10467,3,42,33,22,22,2.23625801316
6029,10460,11208,0,42,43,22,13,11.61942272
6030,10460,10024,1,42,101,22,71,6.31603904053
6031,10460,10005,3,42,65,22,41,11.4860272201
6032,10460,10030,1,42,39,22,26,3.66477503677
6033,10460,10002,0,42,258,22,186,10.2173401898
6034,10460,11385,1,42,56,22,31,9.53673189702
6035,10460,11220,2,42,38,22,23,15.4923547638
6036,10460,11215,3,42,123,22,95,13.1805748897
6037,10460,10038,2,42,174,22,85,11.1300472389
6038,10460,11217,0,42,92,22,71,12.0960128044
6039,10460,10462,4,42,104,22,58,1.14238800254
6040,10460,10040,2,42,80,22,27,2.80560321378
6041,10460,10457,3,42,28,22,16,1.03657805417
6042,10460,10017,5,42,277,22,161,7.79669520451
6043,10460,11433,2,42,18,22,12,11.0955968591
6044,10460,10308,0,42,8,22,8,24.5215659453
6045,10460,10468,2,42,52,22,30,2.05622148409
6046,10460,10111,0,42,15,22,13,7.60746149574
6047,10460,10309,2,42,23,22,15,27.6852237399
6048,10460,10034,1,42,68,22,33,2.77646324905
6049,10460,10028,2,42,89,22,53,5.87842804168
6050,10460,10035,3,42,65,22,32,3.85534878661
6051,10460,11228,1,42,10,22,8,16.8854000419
6052,10460,11105,1,42,25,22,19,4.79913919972
6053,10460,11355,2,42,26,22,18,7.07592814534
6054,10460,11209,2,42,49,22,28,16.9380586618
6055,10460,11213,0,42,35,22,20,12.0715377702
6056,10460,11369,2,42,12,22,8,5.41357776637
6057,10460,10031,1,42,64,22,45,3.72805459914
6058,10460,11221,0,42,120,22,61,10.6090925554
6059,10460,11212,0,42,12,22,10,12.4552341478
6060,10460,11233,0,42,74,22,34,11.4935860528
6061,10460,11368,2,42,62,22,41,6.57732779007
6062,10460,11205,1,42,37,22,31,11.0622107025
6063,10460,10069,0,42,14,22,8,7.33198789965
6064,10460,11203,0,42,39,22,8,13.5265287489
6065,10460,10459,2,42,16,22,8,1.2666608966
6066,10460,11219,0,42,6,22,4,15.6209156451
6067,10460,11434,3,42,32,22,16,12.7754833889
6068,10460,11230,0,42,11,22,5,15.6711829431
6069,10460,11373,4,42,53,22,27,7.23766027395
6070,10460,11362,1,42,8,22,5,9.53798669138
6071,10460,10305,0,42,11,22,8,19.5736854274
6072,10460,11104,0,42,8,22,6,7.01098065702
6073,10460,10004,3,42,168,22,99,12.9156355028
6074,10460,10275,0,42,13,22,7,6.55920501738
6075,10460,10118,0,42,4,22,3,8.43923601694
6076,10460,10026,0,42,57,22,43,4.70111382915
6077,10460,11235,2,42,19,22,14,18.118571237
6078,10460,10469,0,42,44,22,12,2.57737669317
6079,10460,10281,0,42,31,22,24,11.2164239779
6080,10460,11223,0,42,10,22,7,17.4356135627
6081,10460,11379,2,42,33,22,13,8.62019442121
6082,10460,10465,3,42,37,22,16,3.4569456075
6083,10460,10455,1,42,20,22,11,2.263800465
6084,10460,10466,0,42,16,22,11,3.86706901968
6085,10460,11239,1,42,4,22,2,13.4626890692
6086,10460,11207,2,42,86,22,31,11.7582921466
6087,10460,11367,2,42,35,22,17,8.34463307248
6088,10460,11106,0,42,21,22,19,6.07058262439
6089,10460,10471,2,42,19,22,15,4.30491170927
6090,10460,11234,1,42,50,22,15,15.4973268377
6091,10460,10167,0,42,11,22,4,7.7389265473
6092,10460,10453,1,42,21,22,16,1.86184278549
6093,10460,10451,2,42,20,22,12,2.64127659405
6094,10460,10033,3,42,86,22,31,2.91148983861
6095,10460,11354,2,42,38,22,25,5.8136511493
6096,10460,10463,3,42,36,22,16,3.11295734805
6097,10460,10169,0,42,4,22,4,7.79742336364
6098,10460,10456,4,42,21,22,12,1.67017924581
6099,10460,11420,0,42,8,22,7,12.0852003602
6100,10460,10153,0,42,6,22,5,7.19838709008
6101,10460,10307,0,42,6,22,3,29.8603521884
6102,10460,10306,0,42,17,22,8,22.5085352301
6103,10460,10165,0,42,2,22,2,8.0047310837
6104,10460,10303,2,42,11,22,7,20.7875451376
6105,10460,11224,0,42,22,22,13,19.1557675151
6106,10460,10304,0,42,8,22,5,19.4853304231
6107,10460,10458,2,42,34,22,31,1.66204968536
6108,10460,11414,2,42,13,22,7,12.7608639137
6109,10460,11204,0,42,9,22,8,16.2691525019
6110,10460,11372,1,42,16,22,11,6.26922835183
6111,10460,11357,0,42,9,22,6,5.39522807221
6112,10460,10044,0,42,9,22,8,6.52428852823
6113,10460,11229,3,42,27,22,14,16.9803650544
6114,10460,11236,1,42,15,22,9,13.8834801623
6115,10460,10302,3,42,5,22,5,19.7808591441
6116,10460,11422,1,42,11,22,8,14.4785657662
6117,10460,10312,0,42,4,22,2,25.7663700786
6118,10460,10310,0,42,27,22,6,18.9729634696
6119,10460,11429,1,42,8,22,6,11.7504392349
6120,10460,10152,0,42,2,22,2,7.44906339672
6121,10460,11214,0,42,10,22,6,17.7670673091
6122,10460,11435,3,42,41,22,23,10.4010361473
6123,10460,10039,2,42,8,22,7,3.14354942529
6124,10460,10121,0,42,1,22,1,8.59681822885
6125,10460,11413,2,42,14,22,7,13.5905686031
6126,10460,10473,2,42,14,22,9,1.91270573502
6127,10460,10454,2,42,19,22,10,3.06137719073
6128,10460,11416,2,42,5,22,5,10.9919636885
6129,10460,10280,0,42,5,22,3,11.6968958453
6130,10460,11694,0,42,5,22,4,18.3311529698
6131,10460,11358,0,42,6,22,4,7.09310989664
6132,10460,11421,1,42,4,22,4,10.4205403135
6133,10460,11412,0,42,4,22,4,11.7737454576
6134,10460,10174,0,42,2,22,2,7.91699180179
6135,10460,11417,0,42,3,22,3,11.5659988275
6136,10460,11427,2,42,5,22,4,10.431537244
6137,10460,11411,0,42,4,22,2,12.6898140453
6138,10460,11374,2,42,10,22,9,8.06951527284
6139,10460,10096,0,42,2,22,2,6.55920501738
6140,10460,10006,0,42,19,22,18,11.5326595683
6141,10460,10037,2,42,15,22,10,3.48888145672
6142,10460,11370,0,42,8,22,4,5.4040972452
6143,10460,10475,2,42,15,22,11,3.87418238497
6144,10460,11225,1,42,17,22,13,12.8971067199
6145,10460,10282,0,42,10,22,9,11.059953895
6146,10460,11426,2,42,12,22,5,11.2275265433
6147,10460,11378,3,42,18,22,7,8.14805592933
6148,10460,10107,0,42,1,22,1,7.43323000276
6149,10460,11251,0,42,4,22,3,13.9339260889
6150,10460,11436,2,42,6,22,3,12.3154219372
6151,10460,11360,2,42,10,22,5,6.71738167146
6152,10460,11356,0,42,2,22,2,4.28511078637
6153,10460,10474,1,42,8,22,7,1.95090745446
6154,10460,11697,0,42,1,22,1,19.4325431423
6155,10460,10172,0,42,2,22,2,7.68930912657
6156,10460,11691,0,42,4,22,3,17.79218171
6157,10460,10470,1,42,6,22,4,4.24465474244
6158,10460,11366,0,42,7,22,5,9.09947430033
6159,10460,10041,0,42,2,22,2,11.6991494477
6160,10460,10278,0,42,1,22,1,10.8026114321
6161,10460,10106,0,42,4,22,1,7.40453611368
6162,10460,11428,0,42,2,22,2,11.0861063692
6163,10460,10286,0,42,1,22,1,11.1383089602
6164,10460,10279,0,42,1,22,1,11.0952041552
6165,10460,10103,0,42,1,22,1,7.52545863701
6166,10460,10196,0,42,1,22,1,6.55920501738
6167,10460,10154,0,42,1,22,1,7.49690050048
6168,10460,10119,0,42,2,22,2,8.57313243158
6169,10460,10464,0,42,5,22,4,4.9122868495
6170,10460,10166,0,42,2,22,2,7.79667818828
6171,10460,10203,0,42,1,22,1,6.55920501738
6172,10460,11359,0,42,2,22,2,6.37013337293
6173,10460,10177,0,42,1,22,1,7.75193895563
6174,10460,11040,0,42,1,22,1,12.543638574
6175,10460,11364,0,42,2,22,2,9.06419785789
6176,10460,11692,0,42,2,22,2,17.681398707
6177,10460,11423,0,42,1,22,1,10.5361143314
6178,10460,11415,0,42,2,22,2,9.62339805264
6179,10460,10175,0,42,2,22,1,7.93266409752
6180,10048,10012,1,86,445,65,357,1.20471748848
6181,10048,11222,1,86,110,65,71,3.63556537953
6182,10048,11231,0,86,65,65,44,2.35296227604
6183,10048,10019,2,86,637,65,440,3.95636701914
6184,10048,11102,0,86,35,65,30,6.15206310338
6185,10048,10003,1,86,493,65,400,1.85304181528
6186,10048,10020,1,86,143,65,116,3.62732596934
6187,10048,10018,0,86,339,65,256,3.12954023024
6188,10048,10001,2,86,670,65,468,2.79238666105
6189,10048,11365,0,86,21,65,9,11.706502139
6190,10048,10007,10,86,1780,65,1042,0.323226459072
6191,10048,10022,1,86,228,65,164,4.00654940988
6192,10048,10013,3,86,745,65,406,0.697113342375
6193,10048,10472,0,86,23,65,8,11.1168389138
6194,10048,11226,0,86,195,65,123,5.49084649363
6195,10048,10027,0,86,141,65,83,7.56297532888
6196,10048,11210,0,86,34,65,20,6.78279407516
6197,10048,11693,0,86,6,65,6,12.8619994319
6198,10048,11432,0,86,49,65,36,11.5010878743
6199,10048,11103,0,86,35,65,26,6.3741072849
6200,10048,11237,0,86,64,65,53,4.88600592111
6201,10048,10010,2,86,218,65,181,2.44361977962
6202,10048,10014,2,86,397,65,286,1.60371658432
6203,10048,10009,1,86,135,65,91,2.04684296053
6204,10048,10036,3,86,826,65,656,3.47159817619
6205,10048,11216,0,86,60,65,49,4.01111884148
6206,10048,11418,0,86,15,65,11,9.42641082052
6207,10048,11109,0,86,5,65,5,8.53167453296
6208,10048,11371,0,86,71,65,65,8.30459300096
6209,10048,10460,0,86,42,65,22,11.2670133062
6210,10048,10048,65,86,86,65,65,0.0
6211,10048,10128,0,86,51,65,40,5.80933105769
6212,10048,11375,0,86,44,65,27,8.75849645461
6213,10048,10023,1,86,210,65,134,4.67914090035
6214,10048,11211,2,86,352,65,256,3.04534837182
6215,10048,10011,4,86,437,65,352,2.09539339161
6216,10048,10025,0,86,143,65,65,6.39733847145
6217,10048,10032,0,86,65,65,28,9.61818530815
6218,10048,11232,0,86,125,65,24,3.92856242115
6219,10048,11377,0,86,46,65,33,6.07877838973
6220,10048,11361,0,86,19,65,11,12.9972712471
6221,10048,11206,1,86,90,65,63,3.7050972609
6222,10048,11430,1,86,187,65,143,12.1452526933
6223,10048,10021,0,86,62,65,45,4.74416503625
6224,10048,11201,1,86,234,65,176,1.68168505167
6225,10048,11238,0,86,109,65,64,3.41622441368
6226,10048,10016,1,86,162,65,110,2.97465943513
6227,10048,11218,0,86,26,65,19,5.03544568771
6228,10048,10301,1,86,45,65,32,7.02079081678
6229,10048,10452,0,86,54,65,34,9.93170317257
6230,10048,10314,0,86,51,65,30,10.0987533095
6231,10048,10461,0,86,50,65,20,12.8405764899
6232,10048,11101,1,86,193,65,96,4.47551304258
6233,10048,10029,0,86,50,65,38,6.50211632183
6234,10048,10467,0,86,33,65,22,13.3539275159
6235,10048,11208,0,86,43,65,13,7.82964607463
6236,10048,10024,1,86,101,65,71,5.44922193408
6237,10048,10005,0,86,65,65,41,0.461300121716
6238,10048,10030,0,86,39,65,26,8.15955611708
6239,10048,10002,1,86,258,65,186,1.37010644994
6240,10048,11385,0,86,56,65,31,6.30148213219
6241,10048,11220,0,86,38,65,23,4.87838566219
6242,10048,11215,0,86,123,65,95,3.37991690361
6243,10048,10038,0,86,174,65,85,0.482169030177
6244,10048,11217,0,86,92,65,71,2.74871875301
6245,10048,10462,0,86,104,65,58,12.0637568561
6246,10048,10040,0,86,80,65,27,11.0293054564
6247,10048,10457,0,86,28,65,16,11.0400307453
6248,10048,10017,1,86,277,65,161,3.47066737199
6249,10048,11433,0,86,18,65,12,11.8601700628
6250,10048,10308,0,86,8,65,8,13.273150854
6251,10048,10468,0,86,52,65,30,12.2316734464
6252,10048,10111,0,86,15,65,13,3.72390620007
6253,10048,10309,0,86,23,65,15,16.4232126108
6254,10048,10034,0,86,68,65,33,11.774919215
6255,10048,10028,0,86,89,65,53,5.40791181541
6256,10048,10035,0,86,65,65,32,7.47502581331
6257,10048,11228,0,86,10,65,8,6.52231919007
6258,10048,11105,0,86,25,65,19,6.9650676711
6259,10048,11355,0,86,26,65,18,10.4468425927
6260,10048,11209,0,86,49,65,28,6.1949578564
6261,10048,11213,0,86,35,65,20,4.97068837158
6262,10048,11369,0,86,12,65,8,8.22385260116
6263,10048,10031,0,86,64,65,45,8.54953592645
6264,10048,11221,0,86,120,65,61,4.73487936326
6265,10048,11212,0,86,12,65,10,6.23603383949
6266,10048,11233,0,86,74,65,34,5.48581022141
6267,10048,11368,0,86,62,65,41,8.43171964628
6268,10048,11205,0,86,37,65,31,2.7581138964
6269,10048,10069,1,86,14,65,8,4.52089418878
6270,10048,11203,0,86,39,65,8,6.0196318193
6271,10048,10459,0,86,16,65,8,10.0072566654
6272,10048,11219,0,86,6,65,4,5.55885697303
6273,10048,11434,0,86,32,65,16,12.8414916861
6274,10048,11230,0,86,11,65,5,6.64470275371
6275,10048,11373,0,86,53,65,27,7.23844150723
6276,10048,11362,0,86,8,65,5,15.010338589
6277,10048,10305,0,86,11,65,8,8.47013195228
6278,10048,11104,0,86,8,65,6,5.33928464695
6279,10048,10004,2,86,168,65,99,1.7584178299
6280,10048,10275,0,86,13,65,7,5.0833037048
6281,10048,10118,0,86,4,65,3,2.88475455891
6282,10048,10026,0,86,57,65,43,6.95333970446
6283,10048,11235,0,86,19,65,14,9.43387875419
6284,10048,10469,0,86,44,65,12,13.8387430395
6285,10048,10281,1,86,31,65,24,0.225940906024
6286,10048,11223,0,86,10,65,7,8.13818678668
6287,10048,11379,0,86,33,65,13,6.98943753621
6288,10048,10465,0,86,37,65,16,12.8792045649
6289,10048,10455,0,86,20,65,11,9.00401936114
6290,10048,10466,0,86,16,65,11,15.0801891733
6291,10048,11239,0,86,4,65,2,8.352447545
6292,10048,11207,0,86,86,65,31,6.82031433466
6293,10048,11367,0,86,35,65,17,10.0826638731
6294,10048,11106,0,86,21,65,19,5.46382680988
6295,10048,10471,0,86,19,65,15,14.2178145392
6296,10048,11234,0,86,50,65,15,8.02136444764
6297,10048,10167,0,86,11,65,4,3.54253024618
6298,10048,10453,0,86,21,65,16,11.0522164758
6299,10048,10451,0,86,20,65,12,8.80058440073
6300,10048,10033,0,86,86,65,31,10.2660239019
6301,10048,11354,0,86,38,65,25,10.5600008997
6302,10048,10463,0,86,36,65,16,12.8911799119
6303,10048,10169,0,86,4,65,4,3.48753522846
6304,10048,10456,0,86,21,65,12,9.7692409181
6305,10048,11420,0,86,8,65,7,10.7327337776
6306,10048,10153,0,86,6,65,5,4.12584837387
6307,10048,10307,0,86,6,65,3,18.603760988
6308,10048,10306,0,86,17,65,8,11.3021909202
6309,10048,10165,0,86,2,65,2,3.28461074083
6310,10048,10303,0,86,11,65,7,9.73244908045
6311,10048,11224,0,86,22,65,13,9.41166839286
6312,10048,10304,0,86,8,65,5,8.26775739025
6313,10048,10458,0,86,34,65,31,12.3308444495
6314,10048,11414,0,86,13,65,7,9.62757158055
6315,10048,11204,0,86,9,65,8,6.58783900816
6316,10048,11372,0,86,16,65,11,7.21094987126
6317,10048,11357,0,86,9,65,6,11.7675961368
6318,10048,10044,0,86,9,65,8,4.78684765397
6319,10048,11229,0,86,27,65,14,8.63535605813
6320,10048,11236,0,86,15,65,9,7.54719818675
6321,10048,10302,0,86,5,65,5,8.61699097294
6322,10048,11422,0,86,11,65,8,14.9524906058
6323,10048,10312,0,86,4,65,2,14.5010078463
6324,10048,10310,0,86,27,65,6,7.73727361764
6325,10048,11429,0,86,8,65,6,14.3488410329
6326,10048,10152,0,86,2,65,2,3.8370635399
6327,10048,11214,0,86,10,65,6,7.84959667914
6328,10048,11435,0,86,41,65,23,10.6609955923
6329,10048,10039,0,86,8,65,7,8.80531689403
6330,10048,10121,0,86,1,65,1,2.80347223371
6331,10048,11413,0,86,14,65,7,14.0034187387
6332,10048,10473,0,86,14,65,9,10.8927330739
6333,10048,10454,0,86,19,65,10,8.20563688784
6334,10048,11416,0,86,5,65,5,8.73504425297
6335,10048,10280,0,86,5,65,3,0.4311576887
6336,10048,11694,0,86,5,65,4,12.7594504018
6337,10048,11358,0,86,6,65,4,11.827115526
6338,10048,11421,0,86,4,65,4,8.21812480389
6339,10048,11412,0,86,4,65,4,13.3142135737
6340,10048,10174,0,86,2,65,2,3.35404742663
6341,10048,11417,0,86,3,65,3,9.15207885474
6342,10048,11427,0,86,5,65,4,13.9281781327
6343,10048,11411,0,86,4,65,2,14.5777855557
6344,10048,11374,0,86,10,65,9,7.99644975186
6345,10048,10096,0,86,2,65,2,5.0833037048
6346,10048,10006,1,86,19,65,18,0.294817362529
6347,10048,10037,0,86,15,65,10,8.05013240768
6348,10048,11370,0,86,8,65,4,7.29274183237
6349,10048,10475,0,86,15,65,11,15.0969419018
6350,10048,11225,0,86,17,65,13,4.53242818298
6351,10048,10282,0,86,10,65,9,0.367695876071
6352,10048,11426,0,86,12,65,5,15.3500316871
6353,10048,11378,0,86,18,65,7,5.81143271469
6354,10048,10107,0,86,1,65,1,4.05772165496
6355,10048,11251,0,86,4,65,3,5.81731712111
6356,10048,11436,0,86,6,65,3,11.6119576544
6357,10048,11360,0,86,10,65,5,13.066258036
6358,10048,11356,0,86,2,65,2,10.1943894384
6359,10048,10474,0,86,8,65,7,9.56602739064
6360,10048,11697,0,86,1,65,1,11.8069729883
6361,10048,10172,0,86,2,65,2,3.59279410057
6362,10048,11691,0,86,4,65,3,15.3644751938
6363,10048,10470,0,86,6,65,4,15.2447476759
6364,10048,11366,0,86,7,65,5,11.4468629769
6365,10048,10041,0,86,2,65,2,0.634467664332
6366,10048,10278,0,86,1,65,1,0.503725949973
6367,10048,10106,0,86,4,65,1,4.03054061749
6368,10048,11428,0,86,2,65,2,14.2387077464
6369,10048,10286,0,86,1,65,1,0.149313719303
6370,10048,10279,0,86,1,65,1,0.205612886721
6371,10048,10103,1,86,1,65,1,3.82310611436
6372,10048,10196,0,86,1,65,1,5.0833037048
6373,10048,10154,0,86,1,65,1,3.78833940732
6374,10048,10119,0,86,2,65,2,2.86004650328
6375,10048,10464,0,86,5,65,4,15.3983025508
6376,10048,10166,0,86,2,65,2,3.48987082273
6377,10048,10203,0,86,1,65,1,5.0833037048
6378,10048,11359,0,86,2,65,2,13.557501184
6379,10048,10177,0,86,1,65,1,3.53786676775
6380,10048,11040,0,86,1,65,1,17.6259806774
6381,10048,11364,0,86,2,65,2,13.4592473336
6382,10048,11692,0,86,2,65,2,14.0409806941
6383,10048,11423,0,86,1,65,1,12.8137077418
6384,10048,11415,0,86,2,65,2,9.59148671547
6385,10048,10175,0,86,2,65,1,3.37561800954
6386,10128,10012,3,51,445,40,357,4.60729835531
6387,10128,11222,2,51,110,40,71,3.84426070497
6388,10128,11231,2,51,65,40,44,7.62226128395
6389,10128,10019,7,51,637,40,440,2.15824360956
6390,10128,11102,3,51,35,40,30,1.53723499288
6391,10128,10003,2,51,493,40,400,3.9738400692
6392,10128,10020,2,51,143,40,116,2.2407392862
6393,10128,10018,5,51,339,40,256,2.91584948294
6394,10128,10001,5,51,670,40,468,3.2373265523
6395,10128,11365,3,51,21,40,9,8.81769750701
6396,10128,10007,5,51,1780,40,1042,5.50946220116
6397,10128,10022,6,51,228,40,164,1.81139781964
6398,10128,10013,1,51,745,40,406,5.11275021113
6399,10128,10472,2,51,23,40,8,5.44656952016
6400,10128,11226,3,51,195,40,123,9.43219264931
6401,10128,10027,3,51,141,40,83,2.13695754837
6402,10128,11210,4,51,34,40,20,10.62582198
6403,10128,11693,0,51,6,40,6,14.487972619
6404,10128,11432,2,51,49,40,36,9.47976791647
6405,10128,11103,2,51,35,40,26,2.44843098326
6406,10128,11237,2,51,64,40,53,5.650254878
6407,10128,10010,4,51,218,40,181,3.39276416632
6408,10128,10014,3,51,397,40,286,4.34783452023
6409,10128,10009,0,51,135,40,91,4.06158916993
6410,10128,10036,4,51,826,40,656,2.59707671873
6411,10128,11216,3,51,60,40,49,7.0043841618
6412,10128,11418,0,51,15,40,11,8.40623727772
6413,10128,11109,0,51,5,40,5,9.9285834256
6414,10128,11371,2,51,71,40,65,4.00758589684
6415,10128,10460,3,51,42,40,22,5.48509495462
6416,10128,10048,0,51,86,40,65,5.80933105769
6417,10128,10128,40,51,51,40,40,0.0
6418,10128,11375,4,51,44,40,27,6.93087957467
6419,10128,10023,5,51,210,40,134,1.74896355405
6420,10128,11211,3,51,352,40,256,4.82096371331
6421,10128,10011,5,51,437,40,352,3.84262774909
6422,10128,10025,4,51,143,40,65,1.47545233201
6423,10128,10032,3,51,65,40,28,4.08329714057
6424,10128,11232,3,51,125,40,24,9.16951210283
6425,10128,11377,3,51,46,40,33,3.63788664533
6426,10128,11361,2,51,19,40,11,9.34700783536
6427,10128,11206,0,51,90,40,63,5.50301413901
6428,10128,11430,2,51,187,40,143,12.1722700574
6429,10128,10021,3,51,62,40,45,1.06906878335
6430,10128,11201,6,51,234,40,176,6.31158193684
6431,10128,11238,1,51,109,40,64,7.04998224223
6432,10128,10016,5,51,162,40,110,2.84773438632
6433,10128,11218,3,51,26,40,19,9.57145911662
6434,10128,10301,2,51,45,40,32,12.8226086274
6435,10128,10452,3,51,54,40,34,4.18950994402
6436,10128,10314,5,51,51,40,30,15.8540478135
6437,10128,10461,1,51,50,40,20,7.2341224469
6438,10128,11101,4,51,193,40,96,2.59124142547
6439,10128,10029,4,51,50,40,38,0.711678659697
6440,10128,10467,4,51,33,40,22,7.54462114593
6441,10128,11208,0,51,43,40,13,8.57513133303
6442,10128,10024,2,51,101,40,71,1.4343060935
6443,10128,10005,3,51,65,40,41,6.06113346595
6444,10128,10030,1,51,39,40,26,2.52772986174
6445,10128,10002,2,51,258,40,186,4.87005302253
6446,10128,11385,1,51,56,40,31,6.22121035954
6447,10128,11220,2,51,38,40,23,10.2813895419
6448,10128,11215,4,51,123,40,95,8.1064498434
6449,10128,10038,4,51,174,40,85,5.71351735144
6450,10128,11217,2,51,92,40,71,7.03573232913
6451,10128,10462,4,51,104,40,58,6.35998022597
6452,10128,10040,2,51,80,40,27,5.42262411132
6453,10128,10457,3,51,28,40,16,5.23394366802
6454,10128,10017,3,51,277,40,161,2.35209574992
6455,10128,11433,2,51,18,40,12,10.388575295
6456,10128,10308,0,51,8,40,8,19.0822625202
6457,10128,10468,2,51,52,40,30,6.46417488755
6458,10128,10111,0,51,15,40,13,2.1224410077
6459,10128,10309,3,51,23,40,15,22.2082605954
6460,10128,10034,2,51,68,40,33,6.12833280114
6461,10128,10028,7,51,89,40,53,0.40316396372
6462,10128,10035,4,51,65,40,32,1.66656203709
6463,10128,11228,1,51,10,40,8,11.7871544301
6464,10128,11105,1,51,25,40,19,2.2702833392
6465,10128,11355,2,51,26,40,18,7.2269231328
6466,10128,11209,4,51,49,40,28,11.7072694435
6467,10128,11213,0,51,35,40,20,7.70109585436
6468,10128,11369,2,51,12,40,8,4.39152818873
6469,10128,10031,1,51,64,40,45,3.05848210476
6470,10128,11221,0,51,120,40,61,6.38154398695
6471,10128,11212,0,51,12,40,10,8.48643844942
6472,10128,11233,0,51,74,40,34,7.43222323731
6473,10128,11368,3,51,62,40,41,5.39119341224
6474,10128,11205,1,51,37,40,31,6.10047719488
6475,10128,10069,0,51,14,40,8,2.1500066311
6476,10128,11203,0,51,39,40,8,9.21107261999
6477,10128,10459,1,51,16,40,8,4.2421490506
6478,10128,11219,0,51,6,40,4,10.5899509706
6479,10128,11434,3,51,32,40,16,11.8962645371
6480,10128,11230,0,51,11,40,5,10.9886387494
6481,10128,11373,3,51,53,40,27,4.94026591151
6482,10128,11362,1,51,8,40,5,11.495306084
6483,10128,10305,0,51,11,40,8,14.2156659165
6484,10128,11104,1,51,8,40,6,3.08856920807
6485,10128,10004,4,51,168,40,99,7.43264499843
6486,10128,10275,0,51,13,40,7,1.40749434742
6487,10128,10118,1,51,4,40,3,2.95550667075
6488,10128,10026,0,51,57,40,43,1.46387545469
6489,10128,11235,2,51,19,40,14,13.6686580655
6490,10128,10469,0,51,44,40,12,8.06246923612
6491,10128,10281,1,51,31,40,24,5.7458935364
6492,10128,11223,0,51,10,40,7,12.7313204368
6493,10128,11379,3,51,33,40,13,5.88160634284
6494,10128,10465,4,51,37,40,16,7.59512342228
6495,10128,10455,1,51,20,40,11,3.22570482591
6496,10128,10466,0,51,16,40,11,9.27244862275
6497,10128,11239,1,51,4,40,2,10.1044492957
6498,10128,11207,2,51,86,40,31,8.20815194657
6499,10128,11367,2,51,35,40,17,7.70011510489
6500,10128,11106,0,51,21,40,19,1.69329813735
6501,10128,10471,2,51,19,40,15,8.56672137332
6502,10128,11234,2,51,50,40,15,11.3712797896
6503,10128,10167,0,51,11,40,4,2.26703037067
6504,10128,10453,1,51,21,40,16,5.30156998433
6505,10128,10451,3,51,20,40,12,2.99758222294
6506,10128,10033,4,51,86,40,31,4.68463071546
6507,10128,11354,2,51,38,40,25,6.64942275203
6508,10128,10463,5,51,36,40,16,7.20446917493
6509,10128,10169,1,51,4,40,4,2.32300621239
6510,10128,10456,2,51,21,40,12,3.95996388097
6511,10128,11420,0,51,8,40,7,10.3563571513
6512,10128,10153,1,51,6,40,5,1.71350863585
6513,10128,10307,0,51,6,40,3,24.3800496551
6514,10128,10306,1,51,17,40,8,17.0995599958
6515,10128,10165,0,51,2,40,2,2.52824262589
6516,10128,10303,2,51,11,40,7,15.3160145526
6517,10128,11224,0,51,22,40,13,14.3318324507
6518,10128,10304,0,51,8,40,5,14.0671523403
6519,10128,10458,3,51,34,40,31,6.53059502068
6520,10128,11414,2,51,13,40,7,10.2237755415
6521,10128,11204,1,51,9,40,8,11.3875926235
6522,10128,11372,2,51,16,40,11,4.10007089681
6523,10128,11357,0,51,9,40,6,7.40648891274
6524,10128,10044,0,51,9,40,8,1.36224265125
6525,10128,11229,3,51,27,40,14,12.6116652223
6526,10128,11236,1,51,15,40,9,10.0590067293
6527,10128,10302,3,51,5,40,5,14.2969064636
6528,10128,11422,1,51,11,40,8,13.9829751739
6529,10128,10312,0,51,4,40,2,20.306160266
6530,10128,10310,0,51,27,40,6,13.4901172917
6531,10128,11429,1,51,8,40,6,12.1840577032
6532,10128,10152,0,51,2,40,2,1.9732846965
6533,10128,11214,1,51,10,40,6,12.8468890767
6534,10128,11435,3,51,41,40,23,9.28855681368
6535,10128,10039,2,51,8,40,7,3.13439457062
6536,10128,10121,0,51,1,40,1,3.11344862673
6537,10128,11413,2,51,14,40,7,12.9835992771
6538,10128,10473,2,51,14,40,9,5.4208418638
6539,10128,10454,2,51,19,40,10,2.44116431616
6540,10128,11416,2,51,5,40,5,8.59560930996
6541,10128,10280,0,51,5,40,3,6.2362115225
6542,10128,11694,0,51,5,40,4,15.1743212967
6543,10128,11358,0,51,6,40,4,8.22620075422
6544,10128,11421,1,51,4,40,4,7.92607019591
6545,10128,11412,0,51,4,40,4,11.5999826832
6546,10128,10174,0,51,2,40,2,2.45809814428
6547,10128,11417,1,51,3,40,3,9.19823308639
6548,10128,11427,2,51,5,40,4,11.2557246314
6549,10128,11411,0,51,4,40,2,12.8099777252
6550,10128,11374,3,51,10,40,9,6.12316111564
6551,10128,10096,0,51,2,40,2,1.40749434742
6552,10128,10006,1,51,19,40,18,6.0834124484
6553,10128,10037,2,51,15,40,10,2.29753564599
6554,10128,11370,1,51,8,40,4,3.40014750765
6555,10128,10475,3,51,15,40,11,9.34709725931
6556,10128,11225,1,51,17,40,13,8.21512595378
6557,10128,10282,0,51,10,40,9,5.58562072303
6558,10128,11426,2,51,12,40,5,12.5103877229
6559,10128,11378,3,51,18,40,7,4.70804304455
6560,10128,10107,0,51,1,40,1,2.00409857486
6561,10128,11251,0,51,4,40,3,9.44335550603
6562,10128,11436,2,51,6,40,3,10.9645586464
6563,10128,11360,2,51,10,40,5,8.93523171915
6564,10128,11356,0,51,2,40,2,5.60337089448
6565,10128,10474,1,51,8,40,7,3.94058639324
6566,10128,11697,0,51,1,40,1,15.4539814308
6567,10128,10172,0,51,2,40,2,2.21683716331
6568,10128,11691,0,51,4,40,3,16.0589222708
6569,10128,10470,1,51,6,40,4,9.44507810103
6570,10128,11366,0,51,7,40,5,9.01495979428
6571,10128,10041,0,51,2,40,2,6.27863403264
6572,10128,10278,0,51,1,40,1,5.36183743859
6573,10128,10106,0,51,4,40,1,1.95056094223
6574,10128,11428,0,51,2,40,2,11.7759404642
6575,10128,10286,0,51,1,40,1,5.67596383868
6576,10128,10279,0,51,1,40,1,5.64628500316
6577,10128,10103,0,51,1,40,1,2.0422349265
6578,10128,10196,0,51,1,40,1,1.40749434742
6579,10128,10154,0,51,1,40,1,2.02181238047
6580,10128,10119,1,51,2,40,2,3.09320557288
6581,10128,10464,0,51,5,40,4,9.92076647687
6582,10128,10166,0,51,2,40,2,2.32125719787
6583,10128,10203,0,51,1,40,1,1.40749434742
6584,10128,11359,0,51,2,40,2,9.14035810828
6585,10128,10177,0,51,1,40,1,2.27461727785
6586,10128,11040,0,51,1,40,1,14.4934315463
6587,10128,11364,0,51,2,40,2,10.2825382579
6588,10128,11692,0,51,2,40,2,15.3633086456
6589,10128,11423,0,51,1,40,1,10.6372221529
6590,10128,11415,0,51,2,40,2,8.17767590339
6591,10128,10175,0,51,2,40,1,2.44985792541
6592,11375,10012,4,44,445,27,357,8.01562385241
6593,11375,11222,1,44,110,27,71,5.25273113391
6594,11375,11231,2,44,65,27,44,8.71955185966
6595,11375,10019,5,44,637,27,440,7.97080555204
6596,11375,11102,3,44,35,27,30,5.41895129358
6597,11375,10003,5,44,493,27,400,7.57972557565
6598,11375,10020,2,44,143,27,116,7.5296462254
6599,11375,10018,7,44,339,27,256,8.10325437746
6600,11375,10001,10,44,670,27,468,8.18039301654
6601,11375,11365,2,44,21,27,9,3.09436360949
6602,11375,10007,10,44,1780,27,1042,8.48262342762
6603,11375,10022,6,44,228,27,164,6.90754827662
6604,11375,10013,1,44,745,27,406,8.3704953375
6605,11375,10472,2,44,23,27,8,7.67400619764
6606,11375,11226,5,44,195,27,123,7.75843331658
6607,11375,10027,3,44,141,27,83,8.55672750516
6608,11375,11210,5,44,34,27,20,8.2614467699
6609,11375,11693,0,44,6,27,6,8.63603583217
6610,11375,11432,4,44,49,27,36,2.79555105272
6611,11375,11103,3,44,35,27,26,4.49920423866
6612,11375,11237,2,44,64,27,53,4.06779669914
6613,11375,10010,4,44,218,27,181,7.26388791575
6614,11375,10014,3,44,397,27,286,8.42976188706
6615,11375,10009,2,44,135,27,91,6.9872922665
6616,11375,10036,6,44,826,27,656,8.0402668267
6617,11375,11216,3,44,60,27,49,6.04976614895
6618,11375,11418,0,44,15,27,11,1.65024502279
6619,11375,11109,0,44,5,27,5,4.94877862013
6620,11375,11371,2,44,71,27,65,3.87375495121
6621,11375,10460,3,44,42,27,22,8.50422144041
6622,11375,10048,0,44,86,27,65,8.75849645461
6623,11375,10128,4,44,51,27,40,6.93087957467
6624,11375,11375,27,44,44,27,27,0.0
6625,11375,10023,4,44,210,27,134,8.14926181148
6626,11375,11211,3,44,352,27,256,5.72365703055
6627,11375,10011,5,44,437,27,352,8.22173443216
6628,11375,10025,3,44,143,27,65,8.3734076713
6629,11375,10032,4,44,65,27,28,9.6925096601
6630,11375,11232,3,44,125,27,24,9.45456294806
6631,11375,11377,3,44,46,27,33,3.40994471409
6632,11375,11361,3,44,19,27,11,4.78508834075
6633,11375,11206,0,44,90,27,63,5.24852116007
6634,11375,11430,3,44,187,27,143,5.50272592252
6635,11375,10021,3,44,62,27,45,6.8635320099
6636,11375,11201,9,44,234,27,176,7.72108727769
6637,11375,11238,2,44,109,27,64,6.73486268641
6638,11375,10016,6,44,162,27,110,7.13929525699
6639,11375,11218,3,44,26,27,19,8.61478329288
6640,11375,10301,2,44,45,27,32,14.4200252675
6641,11375,10452,2,44,54,27,34,9.09087222948
6642,11375,10314,8,44,51,27,30,17.5906306053
6643,11375,10461,1,44,50,27,20,8.45421247163
6644,11375,11101,4,44,193,27,96,5.18531618095
6645,11375,10029,3,44,50,27,38,7.17848228023
6646,11375,10467,3,44,33,27,22,10.5424457322
6647,11375,11208,0,44,43,27,13,3.58755881129
6648,11375,10024,1,44,101,27,71,8.25196108988
6649,11375,10005,3,44,65,27,41,8.60422471588
6650,11375,10030,1,44,39,27,26,8.46378196177
6651,11375,10002,2,44,258,27,186,7.41597658969
6652,11375,11385,1,44,56,27,31,2.74777526448
6653,11375,11220,2,44,38,27,23,10.4624292581
6654,11375,11215,4,44,123,27,95,8.20258079656
6655,11375,10038,5,44,174,27,85,8.32044908721
6656,11375,11217,6,44,92,27,71,7.42266257598
6657,11375,10462,8,44,104,27,58,8.42020466694
6658,11375,10040,2,44,80,27,27,10.4744894576
6659,11375,10457,2,44,28,27,16,9.13843458499
6660,11375,10017,4,44,277,27,161,6.98849119059
6661,11375,11433,2,44,18,27,12,3.48871204829
6662,11375,10308,0,44,8,27,8,19.8390807173
6663,11375,10468,2,44,52,27,30,10.4936336864
6664,11375,10111,0,44,15,27,13,7.42132497734
6665,11375,10309,3,44,23,27,15,23.3673964097
6666,11375,10034,2,44,68,27,33,10.8714431404
6667,11375,10028,3,44,89,27,53,6.88104753634
6668,11375,10035,2,44,65,27,32,7.2878532337
6669,11375,11228,1,44,10,27,8,11.243780858
6670,11375,11105,0,44,25,27,19,4.96633808825
6671,11375,11355,2,44,26,27,18,2.43022791282
6672,11375,11209,5,44,49,27,28,11.7544866484
6673,11375,11213,0,44,35,27,20,5.78340099226
6674,11375,11369,2,44,12,27,8,3.1947145653
6675,11375,10031,1,44,64,27,45,9.07412131913
6676,11375,11221,0,44,120,27,61,4.68813409861
6677,11375,11212,0,44,12,27,10,5.36296732391
6678,11375,11233,0,44,74,27,34,4.86318561883
6679,11375,11368,3,44,62,27,41,1.94838931393
6680,11375,11205,2,44,37,27,31,6.53095173634
6681,11375,10069,0,44,14,27,8,8.4863767397
6682,11375,11203,0,44,39,27,8,6.73157100784
6683,11375,10459,1,44,16,27,8,7.65424181804
6684,11375,11219,0,44,6,27,4,9.97139884851
6685,11375,11434,2,44,32,27,16,4.9665824766
6686,11375,11230,0,44,11,27,5,9.16659233201
6687,11375,11373,3,44,53,27,27,2.00264276865
6688,11375,11362,2,44,8,27,5,6.49790131188
6689,11375,10305,0,44,11,27,8,14.6754161725
6690,11375,11104,1,44,8,27,6,4.18683438476
6691,11375,10004,3,44,168,27,99,10.3627555227
6692,11375,10275,0,44,13,27,7,8.0487476444
6693,11375,10118,1,44,4,27,3,7.63909681081
6694,11375,10026,0,44,57,27,43,8.05631879356
6695,11375,11235,1,44,19,27,14,10.9132318527
6696,11375,10469,0,44,44,27,12,10.220245838
6697,11375,10281,1,44,31,27,24,8.88933089911
6698,11375,11223,0,44,10,27,7,10.7465451002
6699,11375,11379,4,44,33,27,13,1.78245311572
6700,11375,10465,3,44,37,27,16,7.40882117112
6701,11375,10455,0,44,20,27,11,7.31679966586
6702,11375,10466,0,44,16,27,11,11.759377148
6703,11375,11239,0,44,4,27,2,5.44349329686
6704,11375,11207,2,44,86,27,31,4.26720165797
6705,11375,11367,2,44,35,27,17,1.3955158084
6706,11375,11106,0,44,21,27,19,5.32895475553
6707,11375,10471,2,44,19,27,15,12.8021252984
6708,11375,11234,2,44,50,27,15,8.08470804185
6709,11375,10167,1,44,11,27,4,7.17948673905
6710,11375,10453,1,44,21,27,16,9.78104219754
6711,11375,10451,3,44,20,27,12,7.93392134122
6712,11375,10033,4,44,86,27,31,10.0074500044
6713,11375,11354,3,44,38,27,25,3.45129905174
6714,11375,10463,4,44,36,27,16,11.5408555659
6715,11375,10169,1,44,4,27,4,7.22556147238
6716,11375,10456,2,44,21,27,12,8.21877511141
6717,11375,11420,0,44,8,27,7,3.66248432919
6718,11375,10153,0,44,6,27,5,7.29496801256
6719,11375,10307,0,44,6,27,3,25.5459771803
6720,11375,10306,2,44,17,27,8,17.6969519904
6721,11375,10165,0,44,2,27,2,7.32189683968
6722,11375,10303,2,44,11,27,7,17.7790494994
6723,11375,11224,0,44,22,27,13,12.5479447922
6724,11375,10304,0,44,8,27,5,14.9975334895
6725,11375,10458,4,44,34,27,31,10.1641903998
6726,11375,11414,2,44,13,27,7,4.30424951751
6727,11375,11204,1,44,9,27,8,10.1194642518
6728,11375,11372,2,44,16,27,11,2.87410306913
6729,11375,11357,0,44,9,27,6,4.81052963978
6730,11375,10044,0,44,9,27,8,6.13810509677
6731,11375,11229,3,44,27,27,14,9.75396323475
6732,11375,11236,1,44,15,27,9,6.30056588836
6733,11375,10302,2,44,5,27,5,16.5014875701
6734,11375,11422,0,44,11,27,8,7.05747751639
6735,11375,10312,0,44,4,27,2,21.2521029794
6736,11375,10310,0,44,27,27,6,15.4256061715
6737,11375,11429,1,44,8,27,6,5.66474259752
6738,11375,10152,0,44,2,27,2,7.13584091482
6739,11375,11214,1,44,10,27,6,11.5195960399
6740,11375,11435,2,44,41,27,23,2.35789625627
6741,11375,10039,2,44,8,27,7,8.72185602203
6742,11375,10121,0,44,1,27,1,7.92553300504
6743,11375,11413,2,44,14,27,7,6.05624053321
6744,11375,10473,2,44,14,27,9,6.79573035789
6745,11375,10454,2,44,19,27,10,6.95832814044
6746,11375,11416,2,44,5,27,5,2.57997396124
6747,11375,10280,0,44,5,27,3,9.07463516904
6748,11375,11694,0,44,5,27,4,9.93958686317
6749,11375,11358,0,44,6,27,4,3.79699445935
6750,11375,11421,1,44,4,27,4,2.14897493847
6751,11375,11412,0,44,4,27,4,4.81131129381
6752,11375,10174,0,44,2,27,2,7.12023235353
6753,11375,11417,1,44,3,27,3,3.10566134288
6754,11375,11427,2,44,5,27,4,5.17200516752
6755,11375,11411,0,44,4,27,2,6.07305993831
6756,11375,11374,4,44,10,27,9,0.848133997734
6757,11375,10096,0,44,2,27,2,8.0487476444
6758,11375,10006,1,44,19,27,18,8.84278166026
6759,11375,10037,2,44,15,27,10,7.96940566368
6760,11375,11370,1,44,8,27,4,3.75442584424
6761,11375,10475,3,44,15,27,11,10.9540316374
6762,11375,11225,1,44,17,27,13,6.98264921641
6763,11375,10282,0,44,10,27,9,8.8499201356
6764,11375,11426,2,44,12,27,5,6.59781136979
6765,11375,11378,2,44,18,27,7,2.9967005048
6766,11375,10107,0,44,1,27,1,7.85203935155
6767,11375,11251,0,44,4,27,3,7.36574304541
6768,11375,11436,2,44,6,27,3,4.10544507936
6769,11375,11360,2,44,10,27,5,5.3821591945
6770,11375,11356,0,44,2,27,2,4.48157405076
6771,11375,10474,1,44,8,27,7,6.7592134174
6772,11375,11697,0,44,1,27,1,11.5518259101
6773,11375,10172,0,44,2,27,2,7.17023242778
6774,11375,11691,0,44,4,27,3,9.46931559623
6775,11375,10470,1,44,6,27,4,12.4516318222
6776,11375,11366,1,44,7,27,5,2.69472522551
6777,11375,10041,0,44,2,27,2,8.70925053102
6778,11375,10278,0,44,1,27,1,8.30866634535
6779,11375,10106,0,44,4,27,1,7.70916193715
6780,11375,11428,0,44,2,27,2,5.48896484819
6781,11375,10286,0,44,1,27,1,8.73008686873
6782,11375,10279,0,44,1,27,1,8.56029432193
6783,11375,10103,0,44,1,27,1,7.46860999145
6784,11375,10196,0,44,1,27,1,8.0487476444
6785,11375,10154,0,44,1,27,1,7.14162737898
6786,11375,10119,1,44,2,27,2,7.9972650137
6787,11375,10464,0,44,5,27,4,9.87743328054
6788,11375,10166,0,44,2,27,2,7.23725748798
6789,11375,10203,0,44,1,27,1,8.0487476444
6790,11375,11359,0,44,2,27,2,6.16478127545
6791,11375,10177,0,44,1,27,1,7.24695227943
6792,11375,11040,0,44,1,27,1,8.89402484899
6793,11375,11364,0,44,2,27,2,4.85634211286
6794,11375,11692,0,44,2,27,2,9.19012890953
6795,11375,11423,0,44,1,27,1,4.09603477391
6796,11375,11415,0,44,2,27,2,1.26431413684
6797,11375,10175,0,44,2,27,1,7.40721741906
6798,10023,10012,6,210,445,134,357,3.55393100767
6799,10023,11222,2,210,110,134,71,3.95346611038
6800,10023,11231,2,210,65,134,44,6.79296349939
6801,10023,10019,9,210,637,134,440,0.730972985442
6802,10023,11102,2,210,35,134,30,3.07260643148
6803,10023,10003,4,210,493,134,400,3.02710614298
6804,10023,10020,2,210,143,134,116,1.21062713468
6805,10023,10018,4,210,339,134,256,1.55048159307
6806,10023,10001,6,210,670,134,468,1.89119170597
6807,10023,11365,3,210,21,134,9,10.3316960364
6808,10023,10007,9,210,1780,134,1042,4.42180257316
6809,10023,10022,8,210,228,134,164,1.43299701042
6810,10023,10013,4,210,745,134,406,4.00173011439
6811,10023,10472,2,210,23,134,8,7.07291478821
6812,10023,11226,4,210,195,134,123,9.14170835998
6813,10023,10027,4,210,141,134,83,2.91564089235
6814,10023,11210,4,210,34,134,20,10.4091327989
6815,10023,11693,0,210,6,134,6,15.0386447161
6816,10023,11432,2,210,49,134,36,10.8302044449
6817,10023,11103,2,210,35,134,26,3.88127656876
6818,10023,11237,2,210,64,134,53,6.00840000674
6819,10023,10010,4,210,218,134,181,2.5587607426
6820,10023,10014,4,210,397,134,286,3.08925155876
6821,10023,10009,0,210,135,134,91,3.38875593127
6822,10023,10036,8,210,826,134,656,1.20765748027
6823,10023,11216,3,210,60,134,49,6.84896335554
6824,10023,11418,0,210,15,134,11,9.48713146863
6825,10023,11109,0,210,5,134,5,10.4253627532
6826,10023,11371,2,210,71,134,65,5.65962135139
6827,10023,10460,3,210,42,134,22,6.99287604313
6828,10023,10048,1,210,86,134,65,4.67914090035
6829,10023,10128,5,210,51,134,40,1.74896355405
6830,10023,11375,4,210,44,134,27,8.14926181148
6831,10023,10023,134,210,210,134,134,0.0
6832,10023,11211,4,210,352,134,256,4.66451869512
6833,10023,10011,7,210,437,134,352,2.5851181091
6834,10023,10025,5,210,143,134,65,1.72840092576
6835,10023,10032,4,210,65,134,28,4.95514632529
6836,10023,11232,3,210,125,134,24,8.39834413063
6837,10023,11377,2,210,46,134,33,4.74065220701
6838,10023,11361,2,210,19,134,11,10.9968354931
6839,10023,11206,1,210,90,134,63,5.50443677006
6840,10023,11430,4,210,187,134,143,13.102474753
6841,10023,10021,3,210,62,134,45,1.28901815189
6842,10023,11201,7,210,234,134,176,5.58584988959
6843,10023,11238,2,210,109,134,64,6.70609669175
6844,10023,10016,5,210,162,134,110,2.08286027627
6845,10023,11218,3,210,26,134,19,9.08426293794
6846,10023,10301,2,210,45,134,32,11.5515845232
6847,10023,10452,3,210,54,134,34,5.36207836945
6848,10023,10314,5,210,51,134,30,14.486644925
6849,10023,10461,1,210,50,134,20,8.87591912322
6850,10023,11101,4,210,193,134,96,3.12744715319
6851,10023,10029,4,210,50,134,38,2.2200145742
6852,10023,10467,4,210,33,134,22,8.91162158045
6853,10023,11208,0,210,43,134,13,9.19288859895
6854,10023,10024,6,210,101,134,71,0.771518329645
6855,10023,10005,3,210,65,134,41,5.02071435639
6856,10023,10030,2,210,39,134,26,3.56030853965
6857,10023,10002,4,210,258,134,186,4.08104326179
6858,10023,11385,1,210,56,134,31,6.90698706516
6859,10023,11220,2,210,38,134,23,9.45117089125
6860,10023,11215,4,210,123,134,95,7.4944259879
6861,10023,10038,6,210,174,134,85,4.71149644785
6862,10023,11217,2,210,92,134,71,6.49220119525
6863,10023,10462,4,210,104,134,58,7.95054052961
6864,10023,10040,3,210,80,134,27,6.37176385933
6865,10023,10457,3,210,28,134,16,6.57795803828
6866,10023,10017,6,210,277,134,161,1.74202686702
6867,10023,11433,2,210,18,134,12,11.6379580907
6868,10023,10308,0,210,8,134,8,17.8475888983
6869,10023,10468,2,210,52,134,30,7.66046803554
6870,10023,10111,0,210,15,134,13,1.19402831616
6871,10023,10309,3,210,23,134,15,20.863550784
6872,10023,10034,3,210,68,134,33,7.12500439782
6873,10023,10028,4,210,89,134,53,1.50881896389
6874,10023,10035,3,210,65,134,32,3.15700665163
6875,10023,11228,1,210,10,134,8,11.043595148
6876,10023,11105,1,210,25,134,19,3.91917002729
6877,10023,11355,3,210,26,134,18,8.76982898338
6878,10023,11209,4,210,49,134,28,10.8263483207
6879,10023,11213,0,210,35,134,20,7.68598739122
6880,10023,11369,2,210,12,134,8,5.96390230634
6881,10023,10031,3,210,64,134,45,3.89126531139
6882,10023,11221,1,210,120,134,61,6.5635564533
6883,10023,11212,0,210,12,134,10,8.66710607305
6884,10023,11233,0,210,74,134,34,7.62892330051
6885,10023,11368,2,210,62,134,41,6.830142764
6886,10023,11205,1,210,37,134,31,5.724951837
6887,10023,10069,0,210,14,134,8,0.403576641891
6888,10023,11203,0,210,39,134,8,9.14786149521
6889,10023,10459,1,210,16,134,8,5.80105602316
6890,10023,11219,0,210,6,134,4,9.9372528451
6891,10023,11434,3,210,32,134,16,13.0566721361
6892,10023,11230,0,210,11,134,5,10.6095296851
6893,10023,11373,3,210,53,134,27,6.1540071137
6894,10023,11362,1,210,8,134,5,13.1450007936
6895,10023,10305,0,210,11,134,8,13.1430613226
6896,10023,11104,1,210,8,134,6,4.00250534976
6897,10023,10004,4,210,168,134,99,6.12452508452
6898,10023,10275,0,210,13,134,7,0.437532527592
6899,10023,10118,1,210,4,134,3,1.87965043873
6900,10023,10026,0,210,57,134,43,2.36349986697
6901,10023,11235,2,210,19,134,14,13.3792404563
6902,10023,10469,0,210,44,134,12,9.55139696598
6903,10023,10281,2,210,31,134,24,4.56313647856
6904,10023,11223,0,210,10,134,7,12.2919000858
6905,10023,11379,3,210,33,134,13,6.83673198013
6906,10023,10465,4,210,37,134,16,9.32112725613
6907,10023,10455,1,210,20,134,11,4.78961385019
6908,10023,10466,0,210,16,134,11,10.653019965
6909,10023,11239,1,210,4,134,2,10.5072281366
6910,10023,11207,2,210,86,134,31,8.62309375662
6911,10023,11367,2,210,35,134,17,9.08108653099
6912,10023,11106,0,210,21,134,19,2.86537326389
6913,10023,10471,2,210,19,134,15,9.55885359316
6914,10023,11234,2,210,50,134,15,11.3363921555
6915,10023,10167,0,210,11,134,4,1.52289885832
6916,10023,10453,1,210,21,134,16,6.47399198668
6917,10023,10451,3,210,20,134,12,4.37554383334
6918,10023,10033,5,210,86,134,31,5.60761421868
6919,10023,11354,2,210,38,134,25,8.30170941375
6920,10023,10463,5,210,36,134,16,8.25134166268
6921,10023,10169,1,210,4,134,4,1.53485829135
6922,10023,10456,2,210,21,134,12,5.37044047056
6923,10023,11420,0,210,8,134,7,11.342179607
6924,10023,10153,0,210,6,134,5,1.0058292994
6925,10023,10307,0,210,6,134,3,23.0161540169
6926,10023,10306,1,210,17,134,8,15.9291116335
6927,10023,10165,0,210,2,134,2,1.65152696034
6928,10023,10303,2,210,11,134,7,13.830777696
6929,10023,11224,0,210,22,134,13,13.7744361892
6930,10023,10304,0,210,8,134,5,12.8983228403
6931,10023,10458,3,210,34,134,31,7.82501192376
6932,10023,11414,2,210,13,134,7,10.9519745475
6933,10023,11204,1,210,9,134,8,10.8444696327
6934,10023,11372,2,210,16,134,11,5.47037613292
6935,10023,11357,0,210,9,134,6,9.12553503056
6936,10023,10044,0,210,9,134,8,2.01126098941
6937,10023,11229,3,210,27,134,14,12.3972497368
6938,10023,11236,1,210,15,134,9,10.2381443313
6939,10023,10302,3,210,5,134,5,12.873277217
6940,10023,11422,1,210,11,134,8,15.1831641702
6941,10023,10312,0,210,4,134,2,19.0197973144
6942,10023,10310,0,210,27,134,6,12.1338530878
6943,10023,11429,1,210,8,134,6,13.6119884459
6944,10023,10152,0,210,2,134,2,1.32913463212
6945,10023,11214,1,210,10,134,6,12.2404214368
6946,10023,11435,3,210,41,134,23,10.4862252206
6947,10023,10039,3,210,8,134,7,4.20685892157
6948,10023,10121,0,210,1,134,1,1.88633368496
6949,10023,11413,2,210,14,134,7,14.1802972455
6950,10023,10473,2,210,14,134,9,7.12693042308
6951,10023,10454,2,210,19,134,10,4.05418084743
6952,10023,11416,2,210,5,134,5,9.45587517565
6953,10023,10280,0,210,5,134,3,5.07860376775
6954,10023,11694,0,210,5,134,4,15.5074787794
6955,10023,11358,0,210,6,134,4,9.85498473859
6956,10023,11421,1,210,4,134,4,8.79427723338
6957,10023,11412,0,210,4,134,4,12.9267049096
6958,10023,10174,0,210,2,134,2,1.73422113846
6959,10023,11417,1,210,3,134,3,10.0350269536
6960,10023,11427,2,210,5,134,4,12.7676539096
6961,10023,11411,0,210,4,134,2,14.1663169972
6962,10023,11374,3,210,10,134,9,7.30834137
6963,10023,10096,0,210,2,134,2,0.437532527592
6964,10023,10006,1,210,19,134,18,4.97162383544
6965,10023,10037,2,210,15,134,10,3.55170278639
6966,10023,11370,1,210,8,134,4,4.92713158346
6967,10023,10475,3,210,15,134,11,10.8651007776
6968,10023,11225,1,210,17,134,13,7.94633848202
6969,10023,10282,0,210,10,134,9,4.38846419506
6970,10023,11426,2,210,12,134,5,14.0652983759
6971,10023,11378,3,210,18,134,7,5.52828530298
6972,10023,10107,0,210,1,134,1,0.66728925256
6973,10023,11251,0,210,4,134,3,9.25482882546
6974,10023,11436,2,210,6,134,3,12.0337226024
6975,10023,11360,2,210,10,134,5,10.6417823905
6976,10023,11356,0,210,2,134,2,7.32932559791
6977,10023,10474,1,210,8,134,7,5.61551001568
6978,10023,11697,0,210,1,134,1,15.3978049015
6979,10023,10172,0,210,2,134,2,1.48822618428
6980,10023,11691,0,210,4,134,3,16.8847784305
6981,10023,10470,2,210,6,134,4,10.7147436106
6982,10023,11366,0,210,7,134,5,10.4419705592
6983,10023,10041,0,210,2,134,2,5.23993051428
6984,10023,10278,0,210,1,134,1,4.31088394477
6985,10023,10106,0,210,4,134,1,0.759707511968
6986,10023,11428,0,210,2,134,2,13.2557701972
6987,10023,10286,0,210,1,134,1,4.53301981818
6988,10023,10279,0,210,1,134,1,4.55433957264
6989,10023,10103,0,210,1,134,1,1.08007660761
6990,10023,10196,0,210,1,134,1,0.437532527592
6991,10023,10154,0,210,1,134,1,1.35917485285
6992,10023,10119,1,210,2,134,2,1.82185939964
6993,10023,10464,0,210,5,134,4,11.5938975155
6994,10023,10166,0,210,2,134,2,1.52411583339
6995,10023,10203,0,210,1,134,1,0.437532527592
6996,10023,11359,0,210,2,134,2,10.8734285692
6997,10023,10177,0,210,1,134,1,1.47534765294
6998,10023,11040,0,210,1,134,1,16.1089522587
6999,10023,11364,0,210,2,134,2,11.8698887971
7000,10023,11692,0,210,2,134,2,16.0121517035
7001,10023,11423,0,210,1,134,1,12.0439291991
7002,10023,11415,0,210,2,134,2,9.34761781449
7003,10023,10175,0,210,2,134,1,1.51243822966
7004,11211,10012,7,352,445,256,357,2.50383180559
7005,11211,11222,6,352,110,256,71,1.08137043885
7006,11211,11231,3,352,65,256,44,3.42100542556
7007,11211,10019,8,352,637,256,440,4.04911458265
7008,11211,11102,2,352,35,256,30,4.37105038847
7009,11211,10003,6,352,493,256,400,2.31878517968
7010,11211,10020,2,352,143,256,116,3.49104659682
7011,11211,10018,4,352,339,256,256,3.60836055091
7012,11211,10001,7,352,670,256,468,3.46900871996
7013,11211,11365,2,352,21,256,9,8.713598609
7014,11211,10007,11,352,1780,256,1042,2.78568414978
7015,11211,10022,4,352,228,256,164,3.30959997677
7016,11211,10013,5,352,745,256,406,2.74173286504
7017,11211,10472,2,352,23,256,8,9.32338106071
7018,11211,11226,7,352,195,256,123,4.61214416608
7019,11211,10027,5,352,141,256,83,6.94006413868
7020,11211,11210,4,352,34,256,20,5.82425372822
7021,11211,11693,0,352,6,256,6,10.6330453975
7022,11211,11432,1,352,49,256,36,8.45609888361
7023,11211,11103,3,352,35,256,26,4.18381791252
7024,11211,11237,4,352,64,256,53,1.90124301441
7025,11211,10010,6,352,218,256,181,2.36225634448
7026,11211,10014,9,352,397,256,286,3.10164575758
7027,11211,10009,3,352,135,256,91,1.64580112114
7028,11211,10036,9,352,826,256,656,3.77645602239
7029,11211,11216,4,352,60,256,49,2.2096247769
7030,11211,11418,1,352,15,256,11,6.40311014405
7031,11211,11109,0,352,5,256,5,6.06504029806
7032,11211,11371,2,352,71,256,65,5.86508989809
7033,11211,10460,2,352,42,256,22,9.70019375606
7034,11211,10048,2,352,86,256,65,3.04534837182
7035,11211,10128,3,352,51,256,40,4.82096371331
7036,11211,11375,3,352,44,256,27,5.72365703055
7037,11211,10023,4,352,210,256,134,4.66451869512
7038,11211,11211,256,352,352,256,256,0.0
7039,11211,10011,6,352,437,256,352,3.12663371259
7040,11211,10025,2,352,143,256,65,6.00672781508
7041,11211,10032,3,352,65,256,28,8.89860159862
7042,11211,11232,2,352,125,256,24,4.70612401442
7043,11211,11377,3,352,46,256,33,3.39678262944
7044,11211,11361,2,352,19,256,11,10.1009213601
7045,11211,11206,3,352,90,256,63,0.899770420116
7046,11211,11430,2,352,187,256,143,9.35201438041
7047,11211,10021,3,352,62,256,45,3.90042492383
7048,11211,11201,6,352,234,256,176,2.16425507177
7049,11211,11238,2,352,109,256,64,2.24695815383
7050,11211,10016,5,352,162,256,110,2.65174906943
7051,11211,11218,2,352,26,256,19,4.7973950102
7052,11211,10301,2,352,45,256,32,9.21144860484
7053,11211,10452,2,352,54,256,34,8.8986266315
7054,11211,10314,3,352,51,256,30,12.402950418
7055,11211,10461,1,352,50,256,20,10.8889858394
7056,11211,11101,5,352,193,256,96,2.42917788873
7057,11211,10029,3,352,50,256,38,5.50362969787
7058,11211,10467,2,352,33,256,22,11.9156895821
7059,11211,11208,0,352,43,256,13,5.08463732269
7060,11211,10024,1,352,101,256,71,5.26469702235
7061,11211,10005,4,352,65,256,41,2.88233500269
7062,11211,10030,1,352,39,256,26,7.3402542015
7063,11211,10002,5,352,258,256,186,1.75207354309
7064,11211,11385,2,352,56,256,31,3.28465707626
7065,11211,11220,2,352,38,256,23,5.84774778327
7066,11211,11215,3,352,123,256,95,3.48871935503
7067,11211,10038,3,352,174,256,85,2.59813399174
7068,11211,11217,2,352,92,256,71,2.41166221818
7069,11211,10462,5,352,104,256,58,10.2831946291
7070,11211,10040,2,352,80,256,27,10.206501836
7071,11211,10457,2,352,28,256,16,9.73948828429
7072,11211,10017,7,352,277,256,161,2.92251936085
7073,11211,11433,2,352,18,256,12,8.83128762524
7074,11211,10308,0,352,8,256,8,15.1639308933
7075,11211,10468,2,352,52,256,30,11.0802598062
7076,11211,10111,0,352,15,256,13,3.478741304
7077,11211,10309,2,352,23,256,15,18.5312975169
7078,11211,10034,3,352,68,256,33,10.883763533
7079,11211,10028,5,352,89,256,53,4.46358215025
7080,11211,10035,2,352,65,256,32,6.32506732988
7081,11211,11228,1,352,10,256,8,7.18627535701
7082,11211,11105,0,352,25,256,19,4.95098465952
7083,11211,11355,2,352,26,256,18,7.53407609678
7084,11211,11209,3,352,49,256,28,7.29279006997
7085,11211,11213,0,352,35,256,20,3.02191236905
7086,11211,11369,2,352,12,256,8,5.62110141448
7087,11211,10031,2,352,64,256,45,7.87923959372
7088,11211,11221,4,352,120,256,61,2.05370039094
7089,11211,11212,0,352,12,256,10,4.06086730567
7090,11211,11233,1,352,74,256,34,3.06542552216
7091,11211,11368,2,352,62,256,41,5.58335998455
7092,11211,11205,1,352,37,256,31,1.36248469052
7093,11211,10069,0,352,14,256,8,4.76927842228
7094,11211,11203,0,352,39,256,8,4.48996279423
7095,11211,10459,1,352,16,256,8,8.45031833929
7096,11211,11219,0,352,6,256,4,5.92221702403
7097,11211,11434,2,352,32,256,16,9.8756272931
7098,11211,11230,0,352,11,256,5,6.1701871105
7099,11211,11373,2,352,53,256,27,4.33057100059
7100,11211,11362,1,352,8,256,5,12.0581913465
7101,11211,10305,0,352,11,256,8,10.0569237454
7102,11211,11104,0,352,8,256,6,2.84950946216
7103,11211,10004,3,352,168,256,99,4.64925762884
7104,11211,10275,0,352,13,256,7,4.88798840774
7105,11211,10118,1,352,4,256,3,3.05650663795
7106,11211,10026,1,352,57,256,43,6.26294260489
7107,11211,11235,1,352,19,256,14,8.85458896808
7108,11211,10469,0,352,44,256,12,12.1712698022
7109,11211,10281,1,352,31,256,24,3.19128944931
7110,11211,11223,0,352,10,256,7,7.9194102789
7111,11211,11379,2,352,33,256,13,3.94824617529
7112,11211,10465,2,352,37,256,16,10.6279466108
7113,11211,10455,0,352,20,256,11,7.54598619494
7114,11211,10466,0,352,16,256,11,13.5628000205
7115,11211,11239,0,352,4,256,2,6.03724649783
7116,11211,11207,4,352,86,256,31,4.24606633654
7117,11211,11367,3,352,35,256,17,7.06559001729
7118,11211,11106,0,352,21,256,19,3.64668807337
7119,11211,10471,3,352,19,256,15,13.2925286989
7120,11211,11234,0,352,50,256,15,6.67804761174
7121,11211,10167,0,352,11,256,4,3.1446579373
7122,11211,10453,1,352,21,256,16,9.97230589876
7123,11211,10451,2,352,20,256,12,7.61442805043
7124,11211,10033,3,352,86,256,31,9.48515743609
7125,11211,11354,2,352,38,256,25,7.80554974146
7126,11211,10463,3,352,36,256,16,11.9165062758
7127,11211,10169,1,352,4,256,4,3.13958677747
7128,11211,10456,2,352,21,256,12,8.46070530833
7129,11211,11420,0,352,8,256,7,7.8209275666
7130,11211,10153,0,352,6,256,5,3.69277844115
7131,11211,10307,0,352,6,256,3,20.7292237972
7132,11211,10306,2,352,17,256,8,13.0719226286
7133,11211,10165,0,352,2,256,2,3.06438541051
7134,11211,10303,2,352,11,256,7,12.3319380808
7135,11211,11224,0,352,22,256,13,9.55470723427
7136,11211,10304,0,352,8,256,5,10.1250275835
7137,11211,10458,3,352,34,256,31,11.0410416973
7138,11211,11414,2,352,13,256,7,6.91846560335
7139,11211,11204,0,352,9,256,8,6.62349802346
7140,11211,11372,1,352,16,256,11,4.51370605358
7141,11211,11357,0,352,9,256,6,9.10346154844
7142,11211,10044,0,352,9,256,8,3.46627456873
7143,11211,11229,2,352,27,256,14,7.81605164488
7144,11211,11236,1,352,15,256,9,5.60925550312
7145,11211,10302,2,352,5,256,5,11.1142117469
7146,11211,11422,0,352,11,256,8,12.0070243821
7147,11211,10312,0,352,4,256,2,16.4974454683
7148,11211,10310,0,352,27,256,6,10.1098519864
7149,11211,11429,1,352,8,256,6,11.3038995511
7150,11211,10152,0,352,2,256,2,3.34561963444
7151,11211,11214,1,352,10,256,6,8.10762765684
7152,11211,11435,2,352,41,256,23,7.62831196242
7153,11211,10039,3,352,8,256,7,7.92397633312
7154,11211,10121,0,352,1,256,1,3.25773195647
7155,11211,11413,2,352,14,256,7,11.0409458574
7156,11211,10473,2,352,14,256,9,8.88522617659
7157,11211,10454,2,352,19,256,10,6.77759035505
7158,11211,11416,2,352,5,256,5,5.8103558393
7159,11211,10280,0,352,5,256,3,3.35103959852
7160,11211,11694,0,352,5,256,4,10.9182794919
7161,11211,11358,0,352,6,256,4,8.94829653152
7162,11211,11421,1,352,4,256,4,5.24920321883
7163,11211,11412,0,352,4,256,4,10.2803373176
7164,11211,10174,0,352,2,256,2,2.94212498295
7165,11211,11417,0,352,3,256,3,6.2803258229
7166,11211,11427,2,352,5,256,4,10.895656207
7167,11211,11411,0,352,4,256,2,11.5469054781
7168,11211,11374,2,352,10,256,9,4.98162171315
7169,11211,10096,0,352,2,256,2,4.88798840774
7170,11211,10006,1,352,19,256,18,3.11922977366
7171,11211,10037,2,352,15,256,10,7.05393006806
7172,11211,11370,0,352,8,256,4,4.85216178584
7173,11211,10475,2,352,15,256,11,13.3249331706
7174,11211,11225,1,352,17,256,13,3.39503109346
7175,11211,10282,0,352,10,256,9,3.17288201585
7176,11211,11426,2,352,12,256,5,12.3207230872
7177,11211,11378,2,352,18,256,7,2.83089794256
7178,11211,10107,0,352,1,256,1,4.03606805775
7179,11211,11251,0,352,4,256,3,4.64790685571
7180,11211,11436,2,352,6,256,3,8.67149568561
7181,11211,11360,2,352,10,256,5,10.2859905046
7182,11211,11356,0,352,2,256,2,7.70225998316
7183,11211,10474,1,352,8,256,7,7.80642644047
7184,11211,11697,0,352,1,256,1,10.7506378985
7185,11211,10172,0,352,2,256,2,3.17712450771
7186,11211,11691,0,352,4,256,3,12.8229774476
7187,11211,10470,1,352,6,256,4,13.9037615022
7188,11211,11366,0,352,7,256,5,8.41669924
7189,11211,10041,0,352,2,256,2,2.99683848052
7190,11211,10278,0,352,1,256,1,2.62043274638
7191,11211,10106,0,352,4,256,1,3.91641224813
7192,11211,11428,0,352,2,256,2,11.1963640433
7193,11211,10286,0,352,1,256,1,3.02921466945
7194,11211,10279,0,352,1,256,1,2.8518441209
7195,11211,10103,1,352,1,256,1,3.58918387494
7196,11211,10196,0,352,1,256,1,4.88798840774
7197,11211,10154,0,352,1,256,1,3.31092659375
7198,11211,10119,1,352,2,256,2,3.3545588954
7199,11211,10464,0,352,5,256,4,13.2332712505
7200,11211,10166,0,352,2,256,2,3.15122022903
7201,11211,10203,0,352,1,256,1,4.88798840774
7202,11211,11359,0,352,2,256,2,10.854594553
7203,11211,10177,0,352,1,256,1,3.19690303436
7204,11211,11040,0,352,1,256,1,14.6081516338
7205,11211,11364,0,352,2,256,2,10.4769544187
7206,11211,11692,0,352,2,256,2,11.7070888171
7207,11211,11423,0,352,1,256,1,9.76868053125
7208,11211,11415,0,352,2,256,2,6.54913857776
7209,11211,10175,0,352,2,256,1,3.20600022664
7210,10011,10012,14,437,445,352,357,1.04281950404
7211,10011,11222,1,437,110,352,71,3.03687846308
7212,10011,11231,3,437,65,352,44,4.29464620477
7213,10011,10019,16,437,637,352,440,1.86704468638
7214,10011,11102,2,437,35,352,30,4.47862322372
7215,10011,10003,13,437,493,352,400,0.81473489612
7216,10011,10020,6,437,143,352,116,1.60388376603
7217,10011,10018,11,437,339,352,256,1.03470120546
7218,10011,10001,24,437,670,352,468,0.697328699589
7219,10011,11365,2,437,21,352,9,10.9191577388
7220,10011,10007,11,437,1780,352,1042,1.84969609786
7221,10011,10022,7,437,228,352,164,2.12268588658
7222,10011,10013,6,437,745,352,406,1.42961465112
7223,10011,10472,2,437,23,352,8,9.25976146915
7224,10011,11226,6,437,195,352,123,7.01011341473
7225,10011,10027,4,437,141,352,83,5.48178276789
7226,10011,11210,4,437,34,352,20,8.3122260552
7227,10011,11693,0,437,6,352,6,13.7323655296
7228,10011,11432,1,437,49,352,36,11.0170354755
7229,10011,11103,4,437,35,352,26,4.92031737421
7230,10011,11237,2,437,64,352,53,4.94715924612
7231,10011,10010,9,437,218,352,181,0.958276234929
7232,10011,10014,20,437,397,352,286,0.51293941366
7233,10011,10009,0,437,135,352,91,1.48108696771
7234,10011,10036,9,437,826,352,656,1.37874402894
7235,10011,11216,3,437,60,352,49,4.9913784334
7236,10011,11418,0,437,15,352,11,9.21916067862
7237,10011,11109,0,437,5,352,5,9.18669533143
7238,10011,11371,2,437,71,352,65,6.90166782907
7239,10011,10460,2,437,42,352,22,9.32750920364
7240,10011,10048,4,437,86,352,65,2.09539339161
7241,10011,10128,5,437,51,352,40,3.84262774909
7242,10011,11375,5,437,44,352,27,8.22173443215
7243,10011,10023,7,437,210,352,134,2.5851181091
7244,10011,11211,6,437,352,352,256,3.12663371259
7245,10011,10011,352,437,437,352,352,0.0
7246,10011,10025,3,437,143,352,65,4.30776684483
7247,10011,10032,3,437,65,352,28,7.53277569696
7248,10011,11232,4,437,125,352,24,5.90578159579
7249,10011,11377,2,437,46,352,33,5.05831674455
7250,10011,11361,3,437,19,352,11,11.967874621
7251,10011,11206,2,437,90,352,63,4.01843596753
7252,10011,11430,4,437,187,352,143,12.4210823113
7253,10011,10021,5,437,62,352,45,2.81242503811
7254,10011,11201,9,437,234,352,176,3.20809093789
7255,10011,11238,2,437,109,352,64,4.63972351107
7256,10011,10016,8,437,162,352,110,1.23500739452
7257,10011,11218,3,437,26,352,19,6.775907833
7258,10011,10301,2,437,45,352,32,9.01649744003
7259,10011,10452,2,437,54,352,34,7.88159599233
7260,10011,10314,5,437,51,352,30,12.0164201452
7261,10011,10461,1,437,50,352,20,11.0255151215
7262,10011,11101,4,437,193,352,96,3.21789481039
7263,10011,10029,3,437,50,352,38,4.50718927175
7264,10011,10467,3,437,33,352,22,11.3588919899
7265,10011,11208,0,437,43,352,13,8.19529871596
7266,10011,10024,2,437,101,352,71,3.35605869353
7267,10011,10005,3,437,65,352,41,2.45510519891
7268,10011,10030,2,437,39,352,26,6.0950460411
7269,10011,10002,3,437,258,352,186,1.79177243865
7270,10011,11385,1,437,56,352,31,6.21033909116
7271,10011,11220,3,437,38,352,23,6.91974755501
7272,10011,11215,5,437,123,352,95,5.12892629056
7273,10011,10038,6,437,174,352,85,2.17011668592
7274,10011,11217,4,437,92,352,71,4.23084899382
7275,10011,10462,5,437,104,352,58,10.1879338296
7276,10011,10040,2,437,80,352,27,8.94679185802
7277,10011,10457,3,437,28,352,16,9.03152948925
7278,10011,10017,7,437,277,352,161,1.64972309278
7279,10011,11433,3,437,18,352,12,11.5849566108
7280,10011,10308,0,437,8,352,8,15.3012933303
7281,10011,10468,3,437,52,352,30,10.1848064196
7282,10011,10111,1,437,15,352,13,1.72022244238
7283,10011,10309,3,437,23,352,15,18.378537529
7284,10011,10034,2,437,68,352,33,9.69598824345
7285,10011,10028,3,437,89,352,53,3.45266746202
7286,10011,10035,2,437,65,352,32,5.48828062453
7287,10011,11228,1,437,10,352,8,8.53982815855
7288,10011,11105,0,437,25,352,19,5.35547754434
7289,10011,11355,2,437,26,352,18,9.50156318153
7290,10011,11209,5,437,49,352,28,8.26970523617
7291,10011,11213,0,437,35,352,20,5.93473614544
7292,10011,11369,2,437,12,352,8,6.96623648627
7293,10011,10031,3,437,64,352,45,6.46549801177
7294,10011,11221,0,437,120,352,61,5.17598848717
7295,10011,11212,1,437,12,352,10,7.09770242462
7296,10011,11233,0,437,74,352,34,6.15459171022
7297,10011,11368,3,437,62,352,41,7.45051574837
7298,10011,11205,1,437,37,352,31,3.71098878543
7299,10011,10069,0,437,14,352,8,2.43115780391
7300,10011,11203,0,437,39,352,8,7.25739968821
7301,10011,10459,1,437,16,352,8,8.08340923935
7302,10011,11219,0,437,6,352,4,7.49375838158
7303,10011,11434,2,437,32,352,16,12.7836319131
7304,10011,11230,0,437,11,352,5,8.35837304962
7305,10011,11373,2,437,53,352,27,6.41644126884
7306,10011,11362,1,437,8,352,5,14.0649726491
7307,10011,10305,0,437,11,352,8,10.5585595244
7308,10011,11104,1,437,8,352,6,4.2359967213
7309,10011,10004,4,437,168,352,99,3.6000520668
7310,10011,10275,0,437,13,352,7,2.99458692556
7311,10011,10118,1,437,4,352,3,0.903908308354
7312,10011,10026,0,437,57,352,43,4.88710469737
7313,10011,11235,2,437,19,352,14,11.1604337692
7314,10011,10469,0,437,44,352,12,11.9048697818
7315,10011,10281,3,437,31,352,24,1.97923165152
7316,10011,11223,0,437,10,352,7,9.96612165386
7317,10011,11379,3,437,33,352,13,6.57487816291
7318,10011,10465,3,437,37,352,16,11.2203763618
7319,10011,10455,0,437,20,352,11,7.06798774782
7320,10011,10466,0,437,16,352,11,13.0944236553
7321,10011,11239,0,437,4,352,2,9.13555169862
7322,10011,11207,2,437,86,352,31,7.37118242466
7323,10011,11367,3,437,35,352,17,9.41699592559
7324,10011,11106,0,437,21,352,19,3.88292762147
7325,10011,10471,2,437,19,352,15,12.1354416981
7326,10011,11234,1,437,50,352,15,9.40239884624
7327,10011,10167,0,437,11,352,4,1.63034587627
7328,10011,10453,1,437,21,352,16,9.00101571695
7329,10011,10451,3,437,20,352,12,6.794477912
7330,10011,10033,5,437,86,352,31,8.1828456699
7331,10011,11354,2,437,38,352,25,9.37745004825
7332,10011,10463,5,437,36,352,16,10.8170408368
7333,10011,10169,1,437,4,352,4,1.56706161994
7334,10011,10456,2,437,21,352,12,7.77765711613
7335,10011,11420,0,437,8,352,7,10.8170384533
7336,10011,10153,0,437,6,352,5,2.12914993222
7337,10011,10307,0,437,6,352,3,20.5456330986
7338,10011,10306,1,437,17,352,8,13.3606551014
7339,10011,10165,0,437,2,352,2,1.36110731564
7340,10011,10303,2,437,11,352,7,11.4853125183
7341,10011,11224,0,437,22,352,13,11.354034118
7342,10011,10304,0,437,8,352,5,10.3273079139
7343,10011,10458,4,437,34,352,31,10.3092954584
7344,10011,11414,2,437,13,352,7,10.0281272086
7345,10011,11204,1,437,9,352,8,8.46162881206
7346,10011,11372,2,437,16,352,11,6.10922141901
7347,10011,11357,0,437,9,352,6,10.4547350971
7348,10011,10044,0,437,9,352,8,3.04637828995
7349,10011,11229,5,437,27,352,14,10.2598827754
7350,10011,11236,1,437,15,352,9,8.58864494683
7351,10011,10302,2,437,5,352,5,10.45455523
7352,10011,11422,0,437,11,352,8,14.9316128859
7353,10011,10312,0,437,4,352,2,16.4982215404
7354,10011,10310,0,437,27,352,6,9.65360159028
7355,10011,11429,1,437,8,352,6,13.8848476178
7356,10011,10152,0,437,2,352,2,1.90177277513
7357,10011,11214,1,437,10,352,6,9.80175347172
7358,10011,11435,3,437,41,352,23,10.3803954037
7359,10011,10039,2,437,8,352,7,6.74268633956
7360,10011,10121,0,437,1,352,1,0.735553176001
7361,10011,11413,2,437,14,352,7,13.9456478289
7362,10011,10473,2,437,14,352,9,9.13486626355
7363,10011,10454,2,437,19,352,10,6.27954109411
7364,10011,11416,2,437,5,352,5,8.81695543648
7365,10011,10280,0,437,5,352,3,2.49383366697
7366,10011,11694,0,437,5,352,4,13.908160363
7367,10011,11358,0,437,6,352,4,10.7893406809
7368,10011,11421,1,437,4,352,4,8.21152371658
7369,10011,11412,0,437,4,352,4,12.9905765969
7370,10011,10174,1,437,2,352,2,1.50173857487
7371,10011,11417,1,437,3,352,3,9.32540100251
7372,10011,11427,2,437,5,352,4,13.2721092759
7373,10011,11411,0,437,4,352,2,14.2617664855
7374,10011,11374,3,437,10,352,9,7.39122167979
7375,10011,10096,0,437,2,352,2,2.99458692556
7376,10011,10006,2,437,19,352,18,2.38884216348
7377,10011,10037,2,437,15,352,10,6.01628517802
7378,10011,11370,1,437,8,352,4,5.94824820675
7379,10011,10475,3,437,15,352,11,13.1885699842
7380,10011,11225,1,437,17,352,13,5.88631700153
7381,10011,10282,0,437,10,352,9,1.80579451044
7382,10011,11426,2,437,12,352,5,14.6583956644
7383,10011,11378,2,437,18,352,7,5.24458554743
7384,10011,10107,0,437,1,352,1,1.97707643035
7385,10011,11251,0,437,4,352,3,7.22298227557
7386,10011,11436,2,437,6,352,3,11.6271943002
7387,10011,11360,2,437,10,352,5,11.8619257112
7388,10011,11356,0,437,2,352,2,8.76310149617
7389,10011,10474,1,437,8,352,7,7.7256933517
7390,10011,11697,0,437,1,352,1,13.3675819555
7391,10011,10172,0,437,2,352,2,1.67643817868
7392,10011,11691,0,437,4,352,3,15.9469160661
7393,10011,10470,1,437,6,352,4,13.2177719941
7394,10011,11366,0,437,7,352,5,10.8143368219
7395,10011,10041,0,437,2,352,2,2.67178933188
7396,10011,10278,0,437,1,352,1,1.75668344121
7397,10011,10106,0,437,4,352,1,1.96526172939
7398,10011,11428,0,437,2,352,2,13.6647077977
7399,10011,10286,0,437,1,352,1,1.94858918909
7400,10011,10279,0,437,1,352,1,1.97897105479
7401,10011,10103,1,437,1,352,1,1.80327830026
7402,10011,10196,0,437,1,352,1,2.99458692556
7403,10011,10154,0,437,1,352,1,1.85656173743
7404,10011,10119,2,437,2,352,2,0.77612265721
7405,10011,10464,0,437,5,352,4,13.6601493366
7406,10011,10166,0,437,2,352,2,1.56481675367
7407,10011,10203,0,437,1,352,1,2.99458692556
7408,10011,11359,0,437,2,352,2,12.2534479421
7409,10011,10177,0,437,1,352,1,1.60261280744
7410,10011,11040,0,437,1,352,1,16.8563112678
7411,10011,11364,0,437,2,352,2,12.6110395045
7412,10011,11692,0,437,2,352,2,14.82477844
7413,10011,11423,0,437,1,352,1,12.3114222379
7414,10011,11415,0,437,2,352,2,9.24936872828
7415,10011,10175,0,437,2,352,1,1.40729478741
7416,10025,10012,2,143,445,65,357,5.25087395144
7417,10025,11222,1,143,110,65,71,5.12019793584
7418,10025,11231,0,143,65,65,44,8.4551083001
7419,10025,10019,5,143,637,65,440,2.44138226944
7420,10025,11102,1,143,35,65,30,2.95462175169
7421,10025,10003,4,143,493,65,400,4.68806938887
7422,10025,10020,3,143,143,65,116,2.82141489888
7423,10025,10018,2,143,339,65,256,3.27482774171
7424,10025,10001,3,143,670,65,468,3.61710136828
7425,10025,11365,1,143,21,65,9,10.1063842941
7426,10025,10007,6,143,1780,65,1042,6.1322240831
7427,10025,10022,3,143,228,65,164,2.72503825913
7428,10025,10013,1,143,745,65,406,5.71366976551
7429,10025,10472,0,143,23,65,8,5.66967517325
7430,10025,11226,3,143,195,65,123,10.5949395433
7431,10025,10027,5,143,141,65,83,1.19512800901
7432,10025,11210,2,143,34,65,20,11.8283667866
7433,10025,11693,0,143,6,65,6,15.9399996173
7434,10025,11432,3,143,49,65,36,10.8662646354
7435,10025,11103,0,143,35,65,26,3.87474180174
7436,10025,11237,0,143,64,65,53,7.03538387618
7437,10025,10010,3,143,218,65,181,4.16893830121
7438,10025,10014,1,143,397,65,286,4.81478730341
7439,10025,10009,0,143,135,65,91,4.9582996212
7440,10025,10036,5,143,826,65,656,2.92918736558
7441,10025,11216,1,143,60,65,49,8.21593518241
7442,10025,11418,0,143,15,65,11,9.87008321509
7443,10025,11109,0,143,5,65,5,11.3652093524
7444,10025,11371,0,143,71,65,65,5.20848650219
7445,10025,10460,1,143,42,65,22,5.45336274396
7446,10025,10048,0,143,86,65,65,6.39733847145
7447,10025,10128,4,143,51,65,40,1.475452332
7448,10025,11375,3,143,44,65,27,8.3734076713
7449,10025,10023,5,143,210,65,134,1.72840092576
7450,10025,11211,2,143,352,65,256,6.00672781508
7451,10025,10011,3,143,437,65,352,4.30776684483
7452,10025,10025,65,143,143,65,65,0.0
7453,10025,10032,2,143,65,65,28,3.22692070792
7454,10025,11232,1,143,125,65,24,10.0493920989
7455,10025,11377,0,143,46,65,33,5.11166951156
7456,10025,11361,0,143,19,65,11,10.4732476646
7457,10025,11206,1,143,90,65,63,6.76569268561
7458,10025,11430,0,143,187,65,143,13.646059927
7459,10025,10021,1,143,62,65,45,2.11427513479
7460,10025,11201,4,143,234,65,176,7.20661667169
7461,10025,11238,1,143,109,65,64,8.17211157842
7462,10025,10016,4,143,162,65,110,3.64446290644
7463,10025,11218,1,143,26,65,19,10.63088344
7464,10025,10301,0,143,45,65,32,13.2764699421
7465,10025,10452,1,143,54,65,34,3.66990132455
7466,10025,10314,4,143,51,65,30,16.1937233089
7467,10025,10461,0,143,50,65,20,7.46830722402
7468,10025,11101,3,143,193,65,96,3.97202116586
7469,10025,10029,2,143,50,65,38,1.26596980094
7470,10025,10467,2,143,33,65,22,7.25854984289
7471,10025,11208,0,143,43,65,13,10.0293918807
7472,10025,10024,8,143,101,65,71,0.959496541197
7473,10025,10005,1,143,65,65,41,6.72565216808
7474,10025,10030,0,143,39,65,26,1.87132884823
7475,10025,10002,1,143,258,65,186,5.70782132168
7476,10025,11385,0,143,56,65,31,7.6786113718
7477,10025,11220,0,143,38,65,23,11.1226505873
7478,10025,11215,2,143,123,65,95,9.08541387768
7479,10025,10038,3,143,174,65,85,6.4066002789
7480,10025,11217,2,143,92,65,71,8.04891135618
7481,10025,10462,3,143,104,65,58,6.48255106217
7482,10025,10040,0,143,80,65,27,4.64336340064
7483,10025,10457,2,143,28,65,16,4.93499755156
7484,10025,10017,2,143,277,65,161,3.20538662251
7485,10025,11433,0,143,18,65,12,11.8108199323
7486,10025,10308,0,143,8,65,8,19.5735947923
7487,10025,10468,0,143,52,65,30,5.95565878741
7488,10025,10111,1,143,15,65,13,2.7563208537
7489,10025,10309,1,143,23,65,15,22.572514953
7490,10025,10034,1,143,68,65,33,5.39692194948
7491,10025,10028,2,143,89,65,53,1.66948447773
7492,10025,10035,1,143,65,65,32,1.82993366908
7493,10025,11228,0,143,10,65,8,12.6930711695
7494,10025,11105,1,143,25,65,19,3.54779312851
7495,10025,11355,0,143,26,65,18,8.5027471842
7496,10025,11209,2,143,49,65,28,12.5136810654
7497,10025,11213,0,143,35,65,20,8.9764186154
7498,10025,11369,0,143,12,65,8,5.67962974604
7499,10025,10031,0,143,64,65,45,2.16312753504
7500,10025,11221,0,143,120,65,61,7.71911061854
7501,10025,11212,0,143,12,65,10,9.83628604914
7502,10025,11233,0,143,74,65,34,8.7818209621
7503,10025,11368,0,143,62,65,41,6.76105547045
7504,10025,11205,1,143,37,65,31,7.19767043732
7505,10025,10069,0,143,14,65,8,1.97566105466
7506,10025,11203,0,143,39,65,8,10.4749830657
7507,10025,10459,0,143,16,65,8,4.34146737001
7508,10025,11219,0,143,6,65,4,11.5531659295
7509,10025,11434,1,143,32,65,16,13.339768774
7510,10025,11230,0,143,11,65,5,12.1121213124
7511,10025,11373,1,143,53,65,27,6.39403903711
7512,10025,11362,0,143,8,65,5,12.6085315359
7513,10025,10305,0,143,11,65,8,14.8658384093
7514,10025,11104,1,143,8,65,6,4.55578393626
7515,10025,10004,2,143,168,65,99,7.85048720538
7516,10025,10275,0,143,13,65,7,1.3140348625
7517,10025,10118,1,143,4,65,3,3.54906076026
7518,10025,10026,1,143,57,65,43,0.764102812605
7519,10025,11235,1,143,19,65,14,14.8445267793
7520,10025,10469,0,143,44,65,12,7.96761011745
7521,10025,10281,1,143,31,65,24,6.28698593937
7522,10025,11223,0,143,10,65,7,13.8269991778
7523,10025,11379,1,143,33,65,13,7.35703144349
7524,10025,10465,2,143,37,65,16,8.11546488416
7525,10025,10455,1,143,20,65,11,3.3785011066
7526,10025,10466,0,143,16,65,11,8.99767074711
7527,10025,11239,1,143,4,65,2,11.5215336728
7528,10025,11207,0,143,86,65,31,9.62240226073
7529,10025,11367,0,143,35,65,17,9.08091634893
7530,10025,11106,0,143,21,65,19,3.1675641307
7531,10025,10471,0,143,19,65,15,7.83065414156
7532,10025,11234,3,143,50,65,15,12.6542236735
7533,10025,10167,0,143,11,65,4,3.03259143822
7534,10025,10453,0,143,21,65,16,4.77048814657
7535,10025,10451,1,143,20,65,12,2.8132041267
7536,10025,10033,2,143,86,65,31,3.8792134284
7537,10025,11354,1,143,38,65,25,7.79822993778
7538,10025,10463,3,143,36,65,16,6.52428864399
7539,10025,10169,1,143,4,65,4,3.067304385
7540,10025,10456,0,143,21,65,12,3.79129293025
7541,10025,11420,0,143,8,65,7,11.827696401
7542,10025,10153,0,143,6,65,5,2.4104947308
7543,10025,10307,0,143,6,65,3,24.7195765201
7544,10025,10306,1,143,17,65,8,17.6575110219
7545,10025,10165,0,143,2,65,2,3.23426153254
7546,10025,10303,0,143,11,65,7,15.4960091842
7547,10025,11224,0,143,22,65,13,15.3625648031
7548,10025,10304,0,143,8,65,5,14.626615296
7549,10025,10458,1,143,34,65,31,6.14859436832
7550,10025,11414,0,143,13,65,7,11.6930600509
7551,10025,11204,1,143,9,65,8,12.4205940327
7552,10025,11372,1,143,16,65,11,5.51800402324
7553,10025,11357,0,143,9,65,6,8.38896304752
7554,10025,10044,0,143,9,65,8,2.69642352842
7555,10025,11229,1,143,27,65,14,13.8209390591
7556,10025,11236,0,143,15,65,9,11.4143425032
7557,10025,10302,1,143,5,65,5,14.5655495533
7558,10025,11422,1,143,11,65,8,15.4131779386
7559,10025,10312,0,143,4,65,2,20.740079065
7560,10025,10310,0,143,27,65,6,13.8455589002
7561,10025,11429,0,143,8,65,6,13.5195573794
7562,10025,10152,0,143,2,65,2,2.76107076264
7563,10025,11214,1,143,10,65,6,13.8447782353
7564,10025,11435,1,143,41,65,23,10.7283709587
7565,10025,10039,0,143,8,65,7,2.50818905769
7566,10025,10121,0,143,1,65,1,3.59496999051
7567,10025,11413,0,143,14,65,7,14.4162377789
7568,10025,10473,0,143,14,65,9,5.888531601
7569,10025,10454,0,143,19,65,10,2.76611126415
7570,10025,11416,0,143,5,65,5,10.0707254967
7571,10025,10280,0,143,5,65,3,6.80132117807
7572,10025,11694,0,143,5,65,4,16.5833058197
7573,10025,11358,0,143,6,65,4,9.39434666223
7574,10025,11421,0,143,4,65,4,9.40114214808
7575,10025,11412,0,143,4,65,4,12.9900712752
7576,10025,10174,0,143,2,65,2,3.25360039824
7577,10025,11417,1,143,3,65,3,10.6729661276
7578,10025,11427,0,143,5,65,4,12.5335056902
7579,10025,11411,0,143,4,65,2,14.183325737
7580,10025,11374,1,143,10,65,9,7.57645028314
7581,10025,10096,0,143,2,65,2,1.3140348625
7582,10025,10006,1,143,19,65,18,6.68836860728
7583,10025,10037,0,143,15,65,10,1.96494468108
7584,10025,11370,1,143,8,65,4,4.74963940737
7585,10025,10475,1,143,15,65,11,9.2960016604
7586,10025,11225,0,143,17,65,13,9.38234942084
7587,10025,10282,0,143,10,65,9,6.11314288569
7588,10025,11426,0,143,12,65,5,13.7431164984
7589,10025,11378,1,143,18,65,7,6.17531491152
7590,10025,10107,0,143,1,65,1,2.34218635304
7591,10025,11251,0,143,4,65,3,10.6542795677
7592,10025,11436,0,143,6,65,3,12.4263078943
7593,10025,11360,0,143,10,65,5,9.94174485527
7594,10025,11356,0,143,2,65,2,6.58829019861
7595,10025,10474,0,143,8,65,7,4.34416048947
7596,10025,11697,0,143,1,65,1,16.7370133478
7597,10025,10172,0,143,2,65,2,2.98637479774
7598,10025,11691,0,143,4,65,3,17.5343468587
7599,10025,10470,0,143,6,65,4,9.01807319663
7600,10025,11366,1,143,7,65,5,10.3637005819
7601,10025,10041,0,143,2,65,2,6.94560495961
7602,10025,10278,0,143,1,65,1,6.01371466456
7603,10025,10106,0,143,4,65,1,2.38432751821
7604,10025,11428,0,143,2,65,2,13.0772841059
7605,10025,10286,0,143,1,65,1,6.25233763983
7606,10025,10279,0,143,1,65,1,6.26619501069
7607,10025,10103,0,143,1,65,1,2.6434565938
7608,10025,10196,0,143,1,65,1,1.3140348625
7609,10025,10154,0,143,1,65,1,2.80594043873
7610,10025,10119,1,143,2,65,2,3.5374132795
7611,10025,10464,0,143,5,65,4,10.2180941118
7612,10025,10166,0,143,2,65,2,3.05984126934
7613,10025,10203,0,143,1,65,1,1.3140348625
7614,10025,11359,0,143,2,65,2,10.0453095462
7615,10025,10177,0,143,1,65,1,3.00723869678
7616,10025,11040,0,143,1,65,1,15.6469683573
7617,10025,11364,0,143,2,65,2,11.4900125484
7618,10025,11692,0,143,2,65,2,16.828581549
7619,10025,11423,0,143,1,65,1,11.9906299206
7620,10025,11415,0,143,2,65,2,9.62689541649
7621,10025,10175,0,143,2,65,1,3.11057752837
7622,10032,10012,3,65,445,28,357,8.45846081635
7623,10032,11222,1,65,110,28,71,7.89570857637
7624,10032,11231,2,65,65,28,44,11.6200592669
7625,10032,10019,3,65,637,28,440,5.66573134672
7626,10032,11102,3,65,35,28,30,4.87031509087
7627,10032,10003,2,65,493,28,400,7.87446199732
7628,10032,10020,1,65,143,28,116,6.01240269769
7629,10032,10018,3,65,339,28,256,6.50104335188
7630,10032,10001,4,65,670,28,468,6.84364016806
7631,10032,11365,2,65,21,28,9,10.5205686936
7632,10032,10007,4,65,1780,28,1042,9.34754096374
7633,10032,10022,3,65,228,28,164,5.7954345607
7634,10032,10013,2,65,745,28,406,8.93073086018
7635,10032,10472,2,65,23,28,8,3.8956561225
7636,10032,11226,3,65,195,28,123,13.5051538465
7637,10032,10027,5,65,141,28,83,2.05806540814
7638,10032,11210,3,65,34,28,20,14.6810804391
7639,10032,11693,0,65,6,28,6,17.9916568653
7640,10032,11432,2,65,49,28,36,11.6943211514
7641,10032,11103,2,65,35,28,26,5.59814015525
7642,10032,11237,2,65,64,28,53,9.54381297057
7643,10032,10010,3,65,218,28,181,7.32979181312
7644,10032,10014,4,65,397,28,286,8.04092527017
7645,10032,10009,0,65,135,28,91,8.07619416915
7646,10032,10036,4,65,826,28,656,6.15490845999
7647,10032,11216,3,65,60,28,49,11.0659098778
7648,10032,11418,0,65,15,28,11,11.327686082
7649,10032,11109,0,65,5,28,5,13.5803352582
7650,10032,11371,2,65,71,28,65,5.87837944741
7651,10032,10460,2,65,42,28,22,3.20617450212
7652,10032,10048,0,65,86,28,65,9.61818530815
7653,10032,10128,3,65,51,28,40,4.08329714057
7654,10032,11375,4,65,44,28,27,9.69250966011
7655,10032,10023,4,65,210,28,134,4.95514632529
7656,10032,11211,3,65,352,28,256,8.89860159862
7657,10032,10011,3,65,437,28,352,7.53277569696
7658,10032,10025,2,65,143,28,65,3.22692070792
7659,10032,10032,28,65,65,28,28,0.0
7660,10032,11232,2,65,125,28,24,13.1964239324
7661,10032,11377,2,65,46,28,33,7.03432792427
7662,10032,11361,2,65,19,28,11,10.2886061214
7663,10032,11206,0,65,90,28,63,9.54598983254
7664,10032,11430,2,65,187,28,143,15.1917615519
7665,10032,10021,3,65,62,28,45,5.08421496649
7666,10032,11201,3,65,234,28,176,10.3382400687
7667,10032,11238,1,65,109,28,64,11.1325987443
7668,10032,10016,4,65,162,28,110,6.78972839252
7669,10032,11218,2,65,26,28,19,13.6537134128
7670,10032,10301,2,65,45,28,32,16.4956675318
7671,10032,10452,2,65,54,28,34,1.01506310148
7672,10032,10314,4,65,51,28,30,19.3834874188
7673,10032,10461,1,65,50,28,20,5.41813845659
7674,10032,11101,4,65,193,28,96,6.58038650632
7675,10032,10029,4,65,50,28,38,3.39525245031
7676,10032,10467,2,65,33,28,22,4.36412083256
7677,10032,11208,0,65,43,28,13,12.1469360884
7678,10032,10024,3,65,101,28,71,4.18476103207
7679,10032,10005,3,65,65,28,41,9.9356343132
7680,10032,10030,1,65,39,28,26,1.55842168439
7681,10032,10002,1,65,258,28,186,8.85890443408
7682,10032,11385,1,65,56,28,31,9.83349999312
7683,10032,11220,2,65,38,28,23,14.28963816
7684,10032,11215,2,65,123,28,95,12.171354012
7685,10032,10038,3,65,174,28,85,9.60920629202
7686,10032,11217,1,65,92,28,71,11.1079769927
7687,10032,10462,4,65,104,28,58,4.34657338472
7688,10032,10040,3,65,80,28,27,1.41793266629
7689,10032,10457,2,65,28,28,16,2.28815955745
7690,10032,10017,4,65,277,28,161,6.31816624148
7691,10032,11433,2,65,18,28,12,12.8209445349
7692,10032,10308,0,65,8,28,8,22.7941268681
7693,10032,10468,2,65,52,28,30,2.87304799573
7694,10032,10111,0,65,15,28,13,5.93245072534
7695,10032,10309,2,65,23,28,15,25.7624779255
7696,10032,10034,3,65,68,28,33,2.1763181455
7697,10032,10028,3,65,89,28,53,4.45883473408
7698,10032,10035,3,65,65,28,32,2.67487794805
7699,10032,11228,1,65,10,28,8,15.8301507987
7700,10032,11105,0,65,25,28,19,4.87892897757
7701,10032,11355,2,65,26,28,18,8.98007643621
7702,10032,11209,3,65,49,28,28,15.6966371618
7703,10032,11213,0,65,35,28,20,11.7188264632
7704,10032,11369,2,65,12,28,8,6.53574014247
7705,10032,10031,3,65,64,28,45,1.06930799883
7706,10032,11221,0,65,120,28,61,10.3432849351
7707,10032,11212,0,65,12,28,10,12.4055929882
7708,10032,11233,0,65,74,28,34,11.3631111912
7709,10032,11368,2,65,62,28,41,7.79203157583
7710,10032,11205,1,65,37,28,31,10.183506266
7711,10032,10069,0,65,14,28,8,5.18037269518
7712,10032,11203,0,65,39,28,8,13.2302906524
7713,10032,10459,1,65,16,28,8,2.74010651181
7714,10032,11219,0,65,6,28,4,14.6534157004
7715,10032,11434,2,65,32,28,16,14.4695606141
7716,10032,11230,0,65,11,28,5,15.0685963949
7717,10032,11373,2,65,53,28,27,7.94963106643
7718,10032,11362,1,65,8,28,5,12.2705056301
7719,10032,10305,0,65,11,28,8,18.0882675899
7720,10032,11104,0,65,8,28,6,6.78498674805
7721,10032,10004,3,65,168,28,99,11.0726411119
7722,10032,10275,0,65,13,28,7,4.5382874706
7723,10032,10118,1,65,4,28,3,6.75120749282
7724,10032,10026,0,65,57,28,43,2.7003520848
7725,10032,11235,1,65,19,28,14,17.7313215305
7726,10032,10469,0,65,44,28,12,5.29863976174
7727,10032,10281,1,65,31,28,24,9.51182642655
7728,10032,11223,0,65,10,28,7,16.8137834566
7729,10032,11379,2,65,33,28,13,9.20142508288
7730,10032,10465,2,65,37,28,16,6.5814311508
7731,10032,10455,1,65,20,28,11,2.48001151843
7732,10032,10466,0,65,16,28,11,6.04538305745
7733,10032,11239,0,65,4,28,2,13.8368156355
7734,10032,11207,2,65,86,28,31,11.9774630966
7735,10032,11367,2,65,35,28,17,9.97378866519
7736,10032,11106,0,65,21,28,19,5.45438564567
7737,10032,10471,2,65,19,28,15,4.60373510233
7738,10032,11234,1,65,50,28,15,15.3628679057
7739,10032,10167,0,65,11,28,4,6.17584960441
7740,10032,10453,1,65,21,28,16,1.75992419716
7741,10032,10451,3,65,20,28,12,1.76299766078
7742,10032,10033,3,65,86,28,31,0.655437530719
7743,10032,11354,2,65,38,28,25,7.90838185198
7744,10032,10463,3,65,36,28,16,3.30964026043
7745,10032,10169,1,65,4,28,4,6.21894971868
7746,10032,10456,2,65,21,28,12,1.88805412372
7747,10032,11420,0,65,8,28,7,13.3471376223
7748,10032,10153,0,65,6,28,5,5.55479751638
7749,10032,10307,0,65,6,28,3,27.8993984475
7750,10032,10306,1,65,17,28,8,20.8840656442
7751,10032,10165,0,65,2,28,2,6.40231633681
7752,10032,10303,2,65,11,28,7,18.623413112
7753,10032,11224,0,65,22,28,13,18.4127763295
7754,10032,10304,0,65,8,28,5,17.8534688305
7755,10032,10458,4,65,34,28,31,3.20285251436
7756,10032,11414,2,65,13,28,7,13.6090331853
7757,10032,11204,0,65,9,28,8,15.4677922783
7758,10032,11372,1,65,16,28,11,6.93055874539
7759,10032,11357,0,65,9,28,6,7.9486095206
7760,10032,10044,0,65,9,28,8,5.43234118941
7761,10032,11229,2,65,27,28,14,16.6592452847
7762,10032,11236,1,65,15,28,9,13.9541396182
7763,10032,10302,2,65,5,28,5,17.7343225833
7764,10032,11422,0,65,11,28,8,16.3834331512
7765,10032,10312,0,65,4,28,2,23.94996457
7766,10032,10310,0,65,27,28,6,17.0439187654
7767,10032,11429,1,65,8,28,6,13.986652147
7768,10032,10152,0,65,2,28,2,5.88765210783
7769,10032,11214,1,65,10,28,6,16.9215983869
7770,10032,11435,2,65,41,28,23,11.9108812481
7771,10032,10039,2,65,8,28,7,1.02759368336
7772,10032,10121,0,65,1,28,1,6.81474789001
7773,10032,11413,2,65,14,28,7,15.4279825037
7774,10032,10473,2,65,14,28,9,4.59223898932
7775,10032,10454,2,65,19,28,10,2.73723145947
7776,10032,11416,2,65,5,28,5,11.8682708885
7777,10032,10280,0,65,5,28,3,10.0252349538
7778,10032,11694,0,65,5,28,4,18.8910115648
7779,10032,11358,0,65,6,28,4,9.42038177269
7780,10032,11421,1,65,4,28,4,11.2227171818
7781,10032,11412,0,65,4,28,4,13.7574989347
7782,10032,10174,0,65,2,28,2,6.39133299553
7783,10032,11417,0,65,3,28,3,12.47613758
7784,10032,11427,2,65,5,28,4,12.7845141426
7785,10032,11411,0,65,4,28,2,14.8211942746
7786,10032,11374,2,65,10,28,9,9.03733789915
7787,10032,10096,0,65,2,28,2,4.5382874706
7788,10032,10006,1,65,19,28,18,9.90788985495
7789,10032,10037,2,65,15,28,10,1.90485694713
7790,10032,11370,0,65,8,28,4,5.99014521029
7791,10032,10475,2,65,15,28,11,6.6205788075
7792,10032,11225,1,65,17,28,13,12.2888569987
7793,10032,10282,0,65,10,28,9,9.33854266347
7794,10032,11426,2,65,12,28,5,13.7728426155
7795,10032,11378,2,65,18,28,7,8.29886369906
7796,10032,10107,0,65,1,28,1,5.56051172982
7797,10032,11251,0,65,4,28,3,13.4972583752
7798,10032,11436,2,65,6,28,3,13.7724798357
7799,10032,11360,2,65,10,28,5,9.43387559699
7800,10032,11356,0,65,2,28,2,6.39167198133
7801,10032,10474,1,65,8,28,7,3.40632667978
7802,10032,11697,0,65,1,28,1,19.4321015771
7803,10032,10172,0,65,2,28,2,6.12689998479
7804,10032,11691,0,65,4,28,3,19.1570369465
7805,10032,10470,1,65,6,28,4,5.91871755571
7806,10032,11366,1,65,7,28,5,11.0243167768
7807,10032,10041,0,65,2,28,2,10.1558210744
7808,10032,10278,0,65,1,28,1,9.22346620322
7809,10032,10106,0,65,4,28,1,5.59110988677
7810,10032,11428,0,65,2,28,2,13.4059557536
7811,10032,10286,0,65,1,28,1,9.47409970397
7812,10032,10279,0,65,1,28,1,9.48241016535
7813,10032,10103,0,65,1,28,1,5.8244463463
7814,10032,10196,0,65,1,28,1,4.5382874706
7815,10032,10154,0,65,1,28,1,5.93545423749
7816,10032,10119,1,65,2,28,2,6.76023253364
7817,10032,10464,0,65,5,28,4,8.07034764305
7818,10032,10166,0,65,2,28,2,6.21322687336
7819,10032,10203,0,65,1,28,1,4.5382874706
7820,10032,11359,0,65,2,28,2,9.25216491684
7821,10032,10177,0,65,1,28,1,6.16120891309
7822,10032,11040,0,65,1,28,1,15.3352962842
7823,10032,11364,0,65,2,28,2,11.5212532299
7824,10032,11692,0,65,2,28,2,18.7319863204
7825,10032,11423,0,65,1,28,1,12.5991279944
7826,10032,11415,0,65,2,28,2,10.9371206921
7827,10032,10175,0,65,2,28,1,6.28887143878
7828,11232,10012,2,125,445,24,357,4.87305405142
7829,11232,11222,2,125,110,24,71,5.77666911032
7830,11232,11231,2,125,65,24,44,1.61152797879
7831,11232,10019,4,125,637,24,440,7.66903245603
7832,11232,11102,2,125,35,24,30,9.01826533437
7833,11232,10003,1,125,493,24,400,5.37231105942
7834,11232,10020,0,125,143,24,116,7.23072920781
7835,11232,10018,2,125,339,24,256,6.89765346014
7836,11232,10001,3,125,670,24,468,6.58566979039
7837,11232,11365,3,125,21,24,9,12.5432903749
7838,11232,10007,2,125,1780,24,1042,4.09292505675
7839,11232,10022,4,125,228,24,164,7.40244395541
7840,11232,10013,0,125,745,24,406,4.49821154883
7841,11232,10472,2,125,23,24,8,14.0172590456
7842,11232,11226,3,125,195,24,123,2.65537506908
7843,11232,10027,2,125,141,24,83,11.1498988771
7844,11232,11210,2,125,34,24,20,3.62431592087
7845,11232,11693,0,125,6,24,6,10.5048217816
7846,11232,11432,1,125,49,24,36,11.799335829
7847,11232,11103,3,125,35,24,26,8.88961951306
7848,11232,11237,2,125,64,24,53,5.52521129559
7849,11232,10010,2,125,218,24,181,5.88111874042
7850,11232,10014,2,125,397,24,286,5.46780885267
7851,11232,10009,0,125,135,24,91,5.1210368681
7852,11232,10036,2,125,826,24,656,7.21611025095
7853,11232,11216,2,125,60,24,49,3.40779154552
7854,11232,11418,0,125,15,24,11,9.44019400525
7855,11232,11109,0,125,5,24,5,7.01936124063
7856,11232,11371,2,125,71,24,65,10.5216130284
7857,11232,10460,3,125,42,24,22,14.3543403459
7858,11232,10048,0,125,86,24,65,3.92856242115
7859,11232,10128,3,125,51,24,40,9.16951210283
7860,11232,11375,3,125,44,24,27,9.45456294806
7861,11232,10023,3,125,210,24,134,8.39834413062
7862,11232,11211,2,125,352,24,256,4.70612401442
7863,11232,10011,4,125,437,24,352,5.90578159579
7864,11232,10025,1,125,143,24,65,10.0493920989
7865,11232,10032,2,125,65,24,28,13.1964239324
7866,11232,11232,24,125,125,24,24,0.0
7867,11232,11377,2,125,46,24,33,8.01246823945
7868,11232,11361,3,125,19,24,11,14.1943861146
7869,11232,11206,0,125,90,24,63,4.56598985505
7870,11232,11430,2,125,187,24,143,10.9661966299
7871,11232,10021,3,125,62,24,45,8.12514922779
7872,11232,11201,4,125,234,24,176,2.85990181
7873,11232,11238,0,125,109,24,64,2.7730270947
7874,11232,10016,2,125,162,24,110,6.41299509884
7875,11232,11218,2,125,26,24,19,1.66708976607
7876,11232,10301,3,125,45,24,32,5.00918500312
7877,11232,10452,3,125,54,24,34,13.3561402441
7878,11232,10314,4,125,51,24,30,8.14590722995
7879,11232,10461,1,125,50,24,20,15.5951088593
7880,11232,11101,3,125,193,24,96,7.08233513688
7881,11232,10029,3,125,50,24,38,9.88078108627
7882,11232,10467,3,125,33,24,22,16.547892111
7883,11232,11208,0,125,43,24,13,7.0239748144
7884,11232,10024,0,125,101,24,71,9.14458770674
7885,11232,10005,2,125,65,24,41,3.49466084427
7886,11232,10030,1,125,39,24,26,11.6684537347
7887,11232,10002,1,125,258,24,186,4.34314370331
7888,11232,11385,1,125,56,24,31,6.70989064662
7889,11232,11220,2,125,38,24,23,1.14214548888
7890,11232,11215,6,125,123,24,95,1.28375708225
7891,11232,10038,3,125,174,24,85,3.73975484587
7892,11232,11217,1,125,92,24,71,2.30141785942
7893,11232,10462,2,125,104,24,58,14.9782528631
7894,11232,10040,2,125,80,24,27,14.5747836197
7895,11232,10457,4,125,28,24,16,14.3144899749
7896,11232,10017,2,125,277,24,161,6.87848097046
7897,11232,11433,2,125,18,24,12,11.741592127
7898,11232,10308,0,125,8,24,8,10.5441455723
7899,11232,10468,3,125,52,24,30,15.6088945709
7900,11232,10111,0,125,15,24,13,7.29312916379
7901,11232,10309,2,125,23,24,15,13.996016103
7902,11232,10034,1,125,68,24,33,15.2930764541
7903,11232,10028,2,125,89,24,53,8.77393400643
7904,11232,10035,3,125,65,24,32,10.7944979456
7905,11232,11228,1,125,10,24,8,2.64546009437
7906,11232,11105,1,125,25,24,19,9.64909034607
7907,11232,11355,2,125,26,24,18,11.673156958
7908,11232,11209,3,125,49,24,28,2.58898966126
7909,11232,11213,0,125,35,24,20,3.81194473939
7910,11232,11369,2,125,12,24,8,10.2078604783
7911,11232,10031,1,125,64,24,45,12.1342715987
7912,11232,11221,0,125,120,24,61,4.77729613625
7913,11232,11212,0,125,12,24,10,4.80212150746
7914,11232,11233,0,125,74,24,34,4.73802024744
7915,11232,11368,2,125,62,24,41,9.9319498701
7916,11232,11205,0,125,37,24,31,3.36603179486
7917,11232,10069,0,125,14,24,8,8.31136453175
7918,11232,11203,0,125,39,24,8,3.76791898793
7919,11232,10459,1,125,16,24,8,13.0936686753
7920,11232,11219,1,125,6,24,4,1.64325389801
7921,11232,11434,3,125,32,24,16,12.2392420059
7922,11232,11230,0,125,11,24,5,3.07229182515
7923,11232,11373,3,125,53,24,27,8.65192815215
7924,11232,11362,1,125,8,24,5,15.9444783151
7925,11232,10305,0,125,11,24,8,5.38773922905
7926,11232,11104,0,125,8,24,6,7.54617063059
7927,11232,10004,3,125,168,24,99,3.58846753242
7928,11232,10275,0,125,13,24,7,8.75987434239
7929,11232,10118,0,125,4,24,3,6.52001935933
7930,11232,10026,0,125,57,24,43,10.4961381878
7931,11232,11235,2,125,19,24,14,5.70419072397
7932,11232,10469,0,125,44,24,12,16.8554365451
7933,11232,10281,0,125,31,24,24,4.12092933454
7934,11232,11223,0,125,10,24,7,4.29825464029
7935,11232,11379,2,125,33,24,13,7.78188897984
7936,11232,10465,3,125,37,24,16,15.2982463274
7937,11232,10455,1,125,20,24,11,12.1523681578
7938,11232,10466,0,125,16,24,11,18.2214013174
7939,11232,11239,1,125,4,24,2,6.60543387614
7940,11232,11207,2,125,86,24,31,5.87666673166
7941,11232,11367,2,125,35,24,17,10.8459185369
7942,11232,11106,0,125,21,24,19,8.28467125201
7943,11232,10471,2,125,19,24,15,17.7350731857
7944,11232,11234,1,125,50,24,15,5.03586557618
7945,11232,10167,0,125,11,24,4,7.0278719707
7946,11232,10453,1,125,21,24,16,14.4619045182
7947,11232,10451,2,125,20,24,12,12.1220828881
7948,11232,10033,4,125,86,24,31,13.8236519696
7949,11232,11354,2,125,38,24,25,12.2007412479
7950,11232,10463,3,125,36,24,16,16.3739577402
7951,11232,10169,0,125,4,24,4,6.98843689461
7952,11232,10456,2,125,21,24,12,13.0266437166
7953,11232,11420,0,125,8,24,7,10.0474271256
7954,11232,10153,0,125,6,24,5,7.65184698464
7955,11232,10307,0,125,6,24,3,16.1893701556
7956,11232,10306,0,125,17,24,8,8.42463367576
7957,11232,10165,0,125,2,24,2,6.81560494213
7958,11232,10303,2,125,11,24,7,8.50434300103
7959,11232,11224,0,125,22,24,13,5.48329613512
7960,11232,10304,0,125,8,24,5,5.57449974158
7961,11232,10458,3,125,34,24,31,15.6216536783
7962,11232,11414,2,125,13,24,7,8.46408772715
7963,11232,11204,0,125,9,24,8,2.7217064448
7964,11232,11372,1,125,16,24,11,9.07296430223
7965,11232,11357,0,125,9,24,6,13.5656098866
7966,11232,10044,0,125,9,24,8,7.90957814072
7967,11232,11229,3,125,27,24,14,5.10313061212
7968,11232,11236,1,125,15,24,9,5.38794383699
7969,11232,10302,3,125,5,24,5,7.18502856758
7970,11232,11422,1,125,11,24,8,14.1489566934
7971,11232,10312,0,125,4,24,2,11.9157476285
7972,11232,10310,1,125,27,24,6,6.06638756862
7973,11232,11429,1,125,8,24,6,14.4095452252
7974,11232,10152,0,125,2,24,2,7.31200846916
7975,11232,11214,1,125,10,24,6,3.92103722611
7976,11232,11435,3,125,41,24,23,10.6647592529
7977,11232,10039,2,125,8,24,7,12.2945293409
7978,11232,10121,0,125,1,24,1,6.5294648837
7979,11232,11413,2,125,14,24,7,13.3233121164
7980,11232,10473,2,125,14,24,9,13.5913044827
7981,11232,10454,2,125,19,24,10,11.3641923208
7982,11232,11416,2,125,5,24,5,8.31262017512
7983,11232,10280,0,125,5,24,3,3.65717029995
7984,11232,11694,0,125,5,24,4,9.89359756465
7985,11232,11358,0,125,6,24,4,13.1133580472
7986,11232,11421,1,125,4,24,4,8.04765355446
7987,11232,11412,0,125,4,24,4,13.1763549115
7988,11232,10174,0,125,2,24,2,6.80971099762
7989,11232,11417,0,125,3,24,3,8.49296432504
7990,11232,11427,2,125,5,24,4,14.3728876907
7991,11232,11411,0,125,4,24,2,14.3481321784
7992,11232,11374,2,125,10,24,9,8.92497694678
7993,11232,10096,0,125,2,24,2,8.75987434239
7994,11232,10006,0,125,19,24,18,3.64928687426
7995,11232,10037,2,125,15,24,10,11.4667833235
7996,11232,11370,0,125,8,24,4,9.52435151857
7997,11232,10475,2,125,15,24,11,18.024622108
7998,11232,11225,1,125,17,24,13,2.63285001778
7999,11232,10282,0,125,10,24,9,4.29014378911
8000,11232,11426,2,125,12,24,5,15.7866487678
8001,11232,11378,3,125,18,24,7,7.1311971558
8002,11232,10107,0,125,1,24,1,7.73853696725
8003,11232,11251,0,125,4,24,3,3.19304622841
8004,11232,11436,2,125,6,24,3,10.9717184279
8005,11232,11360,2,125,10,24,5,14.5884236747
8006,11232,11356,0,125,2,24,2,12.3090881474
8007,11232,10474,1,125,8,24,7,12.4887549172
8008,11232,11697,0,125,1,24,1,8.26957710647
8009,11232,10172,0,125,2,24,2,7.07595516279
8010,11232,11691,0,125,4,24,3,13.4175214285
8011,11232,10470,1,125,6,24,4,18.515490148
8012,11232,11366,0,125,7,24,5,12.021782746
8013,11232,10041,0,125,2,24,2,3.29615404624
8014,11232,10278,0,125,1,24,1,4.15670394048
8015,11232,10106,0,125,4,24,1,7.67624445414
8016,11232,11428,0,125,2,24,2,14.5118567224
8017,11232,10286,0,125,1,24,1,4.07375556012
8018,11232,10279,0,125,1,24,1,3.97970371976
8019,11232,10103,0,125,1,24,1,7.40597136171
8020,11232,10196,0,125,1,24,1,8.75987434239
8021,11232,10154,0,125,1,24,1,7.26473818599
8022,11232,10119,0,125,2,24,2,6.60581431511
8023,11232,10464,0,125,5,24,4,17.9139217683
8024,11232,10166,0,125,2,24,2,6.99509812523
8025,11232,10203,0,125,1,24,1,8.75987434239
8026,11232,11359,0,125,2,24,2,15.2459470763
8027,11232,10177,0,125,1,24,1,7.04759643936
8028,11232,11040,0,125,1,24,1,18.1166906203
8029,11232,11364,0,125,2,24,2,14.2907412852
8030,11232,11692,0,125,2,24,2,11.7836854724
8031,11232,11423,0,125,1,24,1,13.0431101981
8032,11232,11415,0,125,2,24,2,9.82978733552
8033,11232,10175,0,125,2,24,1,6.93896299695
8034,11377,10012,2,46,445,33,357,5.09911598288
8035,11377,11222,1,46,110,33,71,2.47489845097
8036,11377,11231,2,46,65,33,44,6.81470275494
8037,11377,10019,6,46,637,33,440,4.57406860055
8038,11377,11102,2,46,35,33,30,2.24539649697
8039,11377,10003,0,46,493,33,400,4.54827265801
8040,11377,10020,0,46,143,33,116,4.15824133011
8041,11377,10018,2,46,339,33,256,4.77709598225
8042,11377,10001,4,46,670,33,468,4.89814626283
8043,11377,11365,2,46,21,33,9,5.86747020036
8044,11377,10007,3,46,1780,33,1042,5.76602236879
8045,11377,10022,2,46,228,33,164,3.51600028051
8046,11377,10013,1,46,745,33,406,5.54319107865
8047,11377,10472,2,46,23,33,8,6.31819588973
8048,11377,11226,2,46,195,33,123,7.26338914881
8049,11377,10027,2,46,141,33,83,5.51485153795
8050,11377,11210,2,46,34,33,20,8.22755665611
8051,11377,11693,0,46,6,33,6,10.9926304858
8052,11377,11432,0,46,49,33,36,6.13128308401
8053,11377,11103,2,46,35,33,26,1.43660208817
8054,11377,11237,2,46,64,33,53,2.85549268981
8055,11377,10010,3,46,218,33,181,4.11696193789
8056,11377,10014,2,46,397,33,286,5.35944781852
8057,11377,10009,0,46,135,33,91,4.07776517326
8058,11377,10036,3,46,826,33,656,4.67804786251
8059,11377,11216,2,46,60,33,49,4.90241105703
8060,11377,11418,1,46,15,33,11,4.78864326359
8061,11377,11109,0,46,5,33,5,6.54650846396
8062,11377,11371,2,46,71,33,65,2.51498565716
8063,11377,10460,2,46,42,33,22,6.87835360976
8064,11377,10048,0,46,86,33,65,6.07877838973
8065,11377,10128,3,46,51,33,40,3.63788664533
8066,11377,11375,3,46,44,33,27,3.40994471409
8067,11377,10023,2,46,210,33,134,4.74065220701
8068,11377,11211,3,46,352,33,256,3.39678262944
8069,11377,10011,2,46,437,33,352,5.05831674455
8070,11377,10025,0,46,143,33,65,5.11166951156
8071,11377,10032,2,46,65,33,28,7.03432792427
8072,11377,11232,2,46,125,33,24,8.01246823945
8073,11377,11377,33,46,46,33,33,0.0
8074,11377,11361,3,46,19,33,11,6.95633101662
8075,11377,11206,0,46,90,33,63,3.46892530615
8076,11377,11430,2,46,187,33,143,8.53448094589
8077,11377,10021,2,46,62,33,45,3.45742059963
8078,11377,11201,2,46,234,33,176,5.55296491214
8079,11377,11238,0,46,109,33,64,5.31642076524
8080,11377,10016,2,46,162,33,110,3.88084265507
8081,11377,11218,2,46,26,33,19,7.77140496391
8082,11377,10301,2,46,45,33,32,12.6070394407
8083,11377,10452,3,46,54,33,34,6.6870471244
8084,11377,10314,2,46,51,33,30,15.7966846987
8085,11377,10461,1,46,50,33,20,7.71285219128
8086,11377,11101,5,46,193,33,96,1.86041014055
8087,11377,10029,2,46,50,33,38,4.01882338825
8088,11377,10467,3,46,33,33,22,9.10910839046
8089,11377,11208,0,46,43,33,13,5.11521313773
8090,11377,10024,0,46,101,33,71,4.88000069221
8091,11377,10005,2,46,65,33,41,6.06127251463
8092,11377,10030,1,46,39,33,26,5.59729629658
8093,11377,10002,0,46,258,33,186,4.71845418881
8094,11377,11385,2,46,56,33,31,2.80549006003
8095,11377,11220,2,46,38,33,23,9.14174475889
8096,11377,11215,2,46,123,33,95,6.74574183034
8097,11377,10038,2,46,174,33,85,5.72159127653
8098,11377,11217,0,46,92,33,71,5.71923782423
8099,11377,10462,2,46,104,33,58,7.24985324403
8100,11377,10040,2,46,80,33,27,8.0977563306
8101,11377,10457,2,46,28,33,16,7.17288602497
8102,11377,10017,3,46,277,33,161,3.65352999719
8103,11377,11433,2,46,18,33,12,6.89812060085
8104,11377,10308,0,46,8,33,8,18.5321536902
8105,11377,10468,3,46,52,33,30,8.57624618233
8106,11377,10111,0,46,15,33,13,4.0430484283
8107,11377,10309,2,46,23,33,15,21.9212248354
8108,11377,10034,2,46,68,33,33,8.65246486631
8109,11377,10028,2,46,89,33,53,3.52816113046
8110,11377,10035,3,46,65,33,32,4.39526807599
8111,11377,11228,1,46,10,33,8,10.3388865188
8112,11377,11105,0,46,25,33,19,2.20751238706
8113,11377,11355,2,46,26,33,18,4.45046783157
8114,11377,11209,2,46,49,33,28,10.5699267056
8115,11377,11213,0,46,35,33,20,5.22063924659
8116,11377,11369,2,46,12,33,8,2.22434518116
8117,11377,10031,1,46,64,33,45,6.2161044039
8118,11377,11221,0,46,120,33,61,3.75531532175
8119,11377,11212,0,46,12,33,10,5.58930926464
8120,11377,11233,0,46,74,33,34,4.61536873101
8121,11377,11368,4,46,62,33,41,2.39994882339
8122,11377,11205,0,46,37,33,31,4.65870096545
8123,11377,10069,0,46,14,33,8,5.07651322766
8124,11377,11203,0,46,39,33,8,6.65310779087
8125,11377,10459,1,46,16,33,8,5.72365967025
8126,11377,11219,0,46,6,33,4,9.03704179504
8127,11377,11434,2,46,32,33,16,8.32885933209
8128,11377,11230,0,46,11,33,5,8.86109834362
8129,11377,11373,3,46,53,33,27,1.42946219449
8130,11377,11362,1,46,8,33,5,9.02456256672
8131,11377,10305,0,46,11,33,8,13.3969935344
8132,11377,11104,0,46,8,33,6,0.82748448855
8133,11377,10004,2,46,168,33,99,7.81722732972
8134,11377,10275,0,46,13,33,7,4.65493538959
8135,11377,10118,0,46,4,33,3,4.36044746045
8136,11377,10026,1,46,57,33,43,4.92673400005
8137,11377,11235,1,46,19,33,14,11.2435671898
8138,11377,10469,0,46,44,33,12,9.16914480705
8139,11377,10281,0,46,31,33,24,6.1529726763
8140,11377,11223,0,46,10,33,7,10.6154653473
8141,11377,11379,3,46,33,33,13,2.2554189373
8142,11377,10465,2,46,37,33,16,7.29065296547
8143,11377,10455,0,46,20,33,11,5.02008740818
8144,11377,10466,0,46,16,33,11,10.6423942547
8145,11377,11239,0,46,4,33,2,6.81797700865
8146,11377,11207,2,46,86,33,31,4.99295281082
8147,11377,11367,2,46,35,33,17,4.43131304465
8148,11377,11106,0,46,21,33,19,1.96407744812
8149,11377,10471,2,46,19,33,15,10.8991237097
8150,11377,11234,0,46,50,33,15,8.62846990398
8151,11377,10167,0,46,11,33,4,3.8258927858
8152,11377,10453,1,46,21,33,16,7.61323489607
8153,11377,10451,2,46,20,33,12,5.39189809388
8154,11377,10033,3,46,86,33,31,7.48791760973
8155,11377,11354,4,46,38,33,25,4.48336299739
8156,11377,10463,2,46,36,33,16,9.53944260448
8157,11377,10169,0,46,4,33,4,3.87702025247
8158,11377,10456,2,46,21,33,12,5.99522099265
8159,11377,11420,0,46,8,33,7,6.72000853291
8160,11377,10153,0,46,6,33,5,3.89224746221
8161,11377,10307,0,46,6,33,3,24.1192100095
8162,11377,10306,0,46,17,33,8,16.4268594552
8163,11377,10165,0,46,2,33,2,3.99663294086
8164,11377,10303,2,46,11,33,7,15.6775397603
8165,11377,11224,0,46,22,33,13,12.369382496
8166,11377,10304,0,46,8,33,5,13.5054771649
8167,11377,10458,3,46,34,33,31,8.4065748647
8168,11377,11414,2,46,13,33,7,6.65259288673
8169,11377,11204,0,46,9,33,8,9.55025862289
8170,11377,11372,2,46,16,33,11,1.13706926779
8171,11377,11357,0,46,9,33,6,5.73072370227
8172,11377,10044,0,46,9,33,8,2.72946531123
8173,11377,11229,2,46,27,33,14,10.102581813
8174,11377,11236,1,46,15,33,9,7.06180700087
8175,11377,10302,2,46,5,33,5,14.481708049
8176,11377,11422,1,46,11,33,8,10.4470945363
8177,11377,10312,0,46,4,33,2,19.8778470385
8178,11377,10310,0,46,27,33,6,13.4941050664
8179,11377,11429,1,46,8,33,6,8.96128602079
8180,11377,10152,0,46,2,33,2,3.75311117754
8181,11377,11214,0,46,10,33,6,11.0496020484
8182,11377,11435,2,46,41,33,23,5.74706342889
8183,11377,10039,2,46,8,33,7,6.00870226261
8184,11377,10121,0,46,1,33,1,4.64795303643
8185,11377,11413,2,46,14,33,7,9.44425823936
8186,11377,10473,2,46,14,33,9,5.72514855805
8187,11377,10454,2,46,19,33,10,4.4031960168
8188,11377,11416,2,46,5,33,5,4.97760786899
8189,11377,10280,0,46,5,33,3,6.4653405237
8190,11377,11694,0,46,5,33,4,11.8588869613
8191,11377,11358,1,46,6,33,4,5.77876147945
8192,11377,11421,1,46,4,33,4,4.31024521966
8193,11377,11412,0,46,4,33,4,8.20482879398
8194,11377,10174,0,46,2,33,2,3.79517761444
8195,11377,11417,0,46,3,33,3,5.58467075595
8196,11377,11427,2,46,5,33,4,8.2474855632
8197,11377,11411,0,46,4,33,2,9.45571846936
8198,11377,11374,3,46,10,33,9,2.56769653115
8199,11377,10096,0,46,2,33,2,4.65493538959
8200,11377,10006,0,46,19,33,18,6.24132120671
8201,11377,10037,2,46,15,33,10,5.15390582087
8202,11377,11370,1,46,8,33,4,1.55430755936
8203,11377,10475,2,46,15,33,11,10.2223984242
8204,11377,11225,1,46,17,33,13,6.14147175204
8205,11377,10282,0,46,10,33,9,6.0681997472
8206,11377,11426,2,46,12,33,5,9.61667919604
8207,11377,11378,2,46,18,33,7,1.29657826424
8208,11377,10107,0,46,1,33,1,4.45066593059
8209,11377,11251,0,46,4,33,3,7.08584623115
8210,11377,11436,2,46,6,33,3,7.34811844645
8211,11377,11360,3,46,10,33,5,6.98840369806
8212,11377,11356,0,46,2,33,2,4.31087234304
8213,11377,10474,1,46,8,33,7,4.92774669354
8214,11377,11697,0,46,1,33,1,12.6096089229
8215,11377,10172,0,46,2,33,2,3.81101849254
8216,11377,11691,0,46,4,33,3,12.4303067042
8217,11377,10470,1,46,6,33,4,11.1174449659
8218,11377,11366,0,46,7,33,5,5.8237046257
8219,11377,10041,0,46,2,33,2,6.22140260318
8220,11377,10278,0,46,1,33,1,5.58238902413
8221,11377,10106,0,46,4,33,1,4.30906832655
8222,11377,11428,0,46,2,33,2,8.67473438042
8223,11377,10286,0,46,1,33,1,6.00997448879
8224,11377,10279,0,46,1,33,1,5.87322607904
8225,11377,10103,0,46,1,33,1,4.08189866775
8226,11377,10196,0,46,1,33,1,4.65493538959
8227,11377,10154,0,46,1,33,1,3.7630522873
8228,11377,10119,0,46,2,33,2,4.70900329148
8229,11377,10464,0,46,5,33,4,9.91162154579
8230,11377,10166,0,46,2,33,2,3.88798494785
8231,11377,10203,0,46,1,33,1,4.65493538959
8232,11377,11359,1,46,2,33,2,7.50339671447
8233,11377,10177,0,46,1,33,1,3.89154539474
8234,11377,11040,0,46,1,33,1,11.7989570752
8235,11377,11364,0,46,2,33,2,7.5529129181
8236,11377,11692,0,46,2,33,2,11.8017052925
8237,11377,11423,0,46,1,33,1,7.38317132504
8238,11377,11415,0,46,2,33,2,4.61153432899
8239,11377,10175,0,46,2,33,1,4.06621145771
8240,11361,10012,2,19,445,11,357,12.0543941099
8241,11361,11222,1,19,110,11,71,9.36172108951
8242,11361,11231,2,19,65,11,44,13.3399318568
8243,11361,10019,4,19,637,11,440,11.1071379642
8244,11361,11102,2,19,35,11,30,7.9258985967
8245,11361,10003,2,19,493,11,400,11.501664896
8246,11361,10020,1,19,143,11,116,10.8295908486
8247,11361,10018,2,19,339,11,256,11.5278029207
8248,11361,10001,4,19,670,11,468,11.7119827743
8249,11361,11365,2,19,21,11,9,1.92254720032
8250,11361,10007,3,19,1780,11,1042,12.6919135737
8251,11361,10022,3,19,228,11,164,10.151273996
8252,11361,10013,0,19,745,11,406,12.490641327
8253,11361,10472,2,19,23,11,8,6.78934708852
8254,11361,11226,3,19,195,11,123,12.5362197938
8255,11361,10027,2,19,141,11,83,10.0917744098
8256,11361,11210,2,19,34,11,20,12.9727497477
8257,11361,11693,0,19,6,11,6,11.7196272137
8258,11361,11432,0,19,49,11,36,3.53208648542
8259,11361,11103,3,19,35,11,26,7.18732245226
8260,11361,11237,2,19,64,11,53,8.70492591294
8261,11361,10010,3,19,218,11,181,11.0481421664
8262,11361,10014,2,19,397,11,286,12.3009436605
8263,11361,10009,0,19,135,11,91,11.0284576266
8264,11361,10036,3,19,826,11,656,11.3499186276
8265,11361,11216,2,19,60,11,49,10.7877965913
8266,11361,11418,0,19,15,11,11,5.4549611125
8267,11361,11109,0,19,5,11,5,9.24009828157
8268,11361,11371,2,19,71,11,65,5.34298780702
8269,11361,10460,2,19,42,11,22,7.74275321435
8270,11361,10048,0,19,86,11,65,12.9972712471
8271,11361,10128,2,19,51,11,40,9.34700783536
8272,11361,11375,3,19,44,11,27,4.78508834075
8273,11361,10023,2,19,210,11,134,10.9968354931
8274,11361,11211,2,19,352,11,256,10.1009213601
8275,11361,10011,3,19,437,11,352,11.967874621
8276,11361,10025,0,19,143,11,65,10.4732476646
8277,11361,10032,2,19,65,11,28,10.2886061214
8278,11361,11232,3,19,125,11,24,14.1943861146
8279,11361,11377,3,19,46,11,33,6.95633101662
8280,11361,11361,11,19,19,11,11,0.0
8281,11361,11206,0,19,90,11,63,9.81178049946
8282,11361,11430,2,19,187,11,143,7.85709733662
8283,11361,10021,2,19,62,11,45,9.79275462389
8284,11361,11201,3,19,234,11,176,12.2268157188
8285,11361,11238,0,19,109,11,64,11.4416787794
8286,11361,10016,2,19,162,11,110,10.7512423836
8287,11361,11218,2,19,26,11,19,13.3997435055
8288,11361,10301,2,19,45,11,32,19.1139865737
8289,11361,10452,2,19,54,11,34,9.36796513352
8290,11361,10314,3,19,51,11,30,22.3006764024
8291,11361,10461,1,19,50,11,20,6.4523054787
8292,11361,11101,2,19,193,11,96,8.75285083997
8293,11361,10029,2,19,50,11,38,9.22399792686
8294,11361,10467,2,19,33,11,22,9.03881975965
8295,11361,11208,0,19,43,11,13,8.11059330026
8296,11361,10024,0,19,101,11,71,10.7772950411
8297,11361,10005,2,19,65,11,41,12.9329665698
8298,11361,10030,1,19,39,11,26,9.66919064197
8299,11361,10002,0,19,258,11,186,11.6275961918
8300,11361,11385,1,19,56,11,31,7.49481915112
8301,11361,11220,2,19,38,11,23,15.2258753362
8302,11361,11215,3,19,123,11,95,12.9266201525
8303,11361,10038,3,19,174,11,85,12.6102689456
8304,11361,11217,1,19,92,11,71,12.0788686366
8305,11361,10462,2,19,104,11,58,7.03119749083
8306,11361,10040,2,19,80,11,27,10.4477996701
8307,11361,10457,2,19,28,11,16,8.71756289839
8308,11361,10017,2,19,277,11,161,10.4372847729
8309,11361,11433,2,19,18,11,12,4.65190139677
8310,11361,10308,0,19,8,11,8,24.6217655231
8311,11361,10468,2,19,52,11,30,9.72313123825
8312,11361,10111,0,19,15,11,13,10.6978873626
8313,11361,10309,2,19,23,11,15,28.1437531521
8314,11361,10034,1,19,68,11,33,10.5176407651
8315,11361,10028,2,19,89,11,53,9.49880302084
8316,11361,10035,2,19,65,11,32,8.8011309039
8317,11361,11228,1,19,10,11,8,16.0281701797
8318,11361,11105,0,19,25,11,19,7.0870441131
8319,11361,11355,3,19,26,11,18,2.56765726293
8320,11361,11209,3,19,49,11,28,16.5342350946
8321,11361,11213,0,19,35,11,20,10.5673146814
8322,11361,11369,2,19,12,11,8,5.06773794235
8323,11361,10031,1,19,64,11,45,10.1492956958
8324,11361,11221,0,19,120,11,61,9.41739564089
8325,11361,11212,0,19,12,11,10,10.1043364586
8326,11361,11233,0,19,74,11,34,9.64825622128
8327,11361,11368,3,19,62,11,41,4.56843543383
8328,11361,11205,0,19,37,11,31,11.1156634164
8329,11361,10069,0,19,14,11,8,11.3936604164
8330,11361,11203,0,19,39,11,8,11.481303824
8331,11361,10459,1,19,16,11,8,7.59127085717
8332,11361,11219,0,19,6,11,4,14.7563826004
8333,11361,11434,2,19,32,11,16,6.0924831439
8334,11361,11230,0,19,11,11,5,13.910865312
8335,11361,11373,3,19,53,11,27,5.77501111299
8336,11361,11362,1,19,8,11,5,2.14896008929
8337,11361,10305,0,19,11,11,8,19.4548773563
8338,11361,11104,0,19,8,11,6,7.75474842808
8339,11361,10004,2,19,168,11,99,14.7063928067
8340,11361,10275,0,19,13,11,7,10.7316417884
8341,11361,10118,0,19,4,11,3,11.1954755321
8342,11361,10026,0,19,57,11,43,9.86979083103
8343,11361,11235,1,19,19,11,14,15.4580481848
8344,11361,10469,0,19,44,11,12,8.23292931765
8345,11361,10281,0,19,31,11,24,13.0866271444
8346,11361,11223,0,19,10,11,7,15.4359006835
8347,11361,11379,2,19,33,11,13,6.41446789198
8348,11361,10465,2,19,37,11,16,4.88435965725
8349,11361,10455,0,19,20,11,11,7.8929176301
8350,11361,10466,0,19,16,11,11,9.61337296864
8351,11361,11239,0,19,4,11,2,9.80318716892
8352,11361,11207,2,19,86,11,31,8.9705545113
8353,11361,11367,2,19,35,11,17,3.45104366354
8354,11361,11106,0,19,21,11,19,8.2664573694
8355,11361,10471,2,19,19,11,15,11.6752491629
8356,11361,11234,0,19,50,11,15,12.6388372251
8357,11361,10167,0,19,11,11,4,10.5634591128
8358,11361,10453,1,19,21,11,16,9.53672199947
8359,11361,10451,2,19,20,11,12,8.70521171949
8360,11361,10033,3,19,86,11,31,10.3040787171
8361,11361,11354,3,19,38,11,25,2.69809956266
8362,11361,10463,2,19,36,11,16,10.7340620585
8363,11361,10169,0,19,4,11,4,10.6231687566
8364,11361,10456,2,19,21,11,12,8.42057321986
8365,11361,11420,0,19,8,11,7,6.56684882543
8366,11361,10153,0,19,6,11,5,10.4281398062
8367,11361,10307,0,19,6,11,3,30.325106103
8368,11361,10306,0,19,17,11,8,22.4798594392
8369,11361,10165,0,19,2,11,2,10.7812178328
8370,11361,10303,2,19,11,11,7,22.3915431474
8371,11361,11224,0,19,22,11,13,17.225137424
8372,11361,10304,0,19,8,11,5,19.7568873813
8373,11361,10458,3,19,34,11,31,9.2108965108
8374,11361,11414,2,19,13,11,7,8.10672750045
8375,11361,11204,0,19,9,11,8,14.8877302304
8376,11361,11372,1,19,16,11,11,5.86268501658
8377,11361,11357,1,19,9,11,6,2.36311553881
8378,11361,10044,0,19,9,11,8,9.19496911722
8379,11361,11229,2,19,27,11,14,14.3224562618
8380,11361,11236,1,19,15,11,9,10.8634648557
8381,11361,10302,2,19,5,11,5,21.1404096092
8382,11361,11422,0,19,11,11,8,7.23667678578
8383,11361,10312,0,19,4,11,2,26.0321745506
8384,11361,10310,0,19,27,11,6,20.089818262
8385,11361,11429,1,19,8,11,6,4.1731442713
8386,11361,10152,0,19,2,11,2,10.4096265954
8387,11361,11214,0,19,10,11,6,16.2657126694
8388,11361,11435,2,19,41,11,23,4.74575074013
8389,11361,10039,2,19,8,11,7,9.59835987777
8390,11361,10121,0,19,1,11,1,11.4751680831
8391,11361,11413,2,19,14,11,7,6.52777895691
8392,11361,10473,2,19,14,11,9,5.86997343472
8393,11361,10454,2,19,19,11,10,8.02927478185
8394,11361,11416,2,19,5,11,5,6.81587201869
8395,11361,10280,0,19,5,11,3,13.3654572115
8396,11361,11694,0,19,5,11,4,13.4449228841
8397,11361,11358,1,19,6,11,4,1.1790848154
8398,11361,11421,1,19,4,11,4,6.67117392906
8399,11361,11412,0,19,4,11,4,4.61606087914
8400,11361,10174,0,19,2,11,2,10.5890219317
8401,11361,11417,0,19,3,11,3,7.09964582236
8402,11361,11427,2,19,5,11,4,2.77299164093
8403,11361,11411,0,19,4,11,2,5.20646837563
8404,11361,11374,2,19,10,11,9,5.27227604809
8405,11361,10096,0,19,2,11,2,10.7316417884
8406,11361,10006,0,19,19,11,18,13.1366159084
8407,11361,10037,2,19,15,11,10,9.18713455787
8408,11361,11370,0,19,8,11,4,6.1175358658
8409,11361,10475,2,19,15,11,11,8.40442673582
8410,11361,11225,1,19,17,11,13,11.7630835733
8411,11361,10282,0,19,10,11,9,13.0107434834
8412,11361,11426,2,19,12,11,5,3.49951101202
8413,11361,11378,2,19,18,11,7,7.27715389561
8414,11361,10107,0,19,1,11,1,10.9573186274
8415,11361,11251,0,19,4,11,3,12.1294120485
8416,11361,11436,2,19,6,11,3,6.26038871224
8417,11361,11360,3,19,10,11,5,1.23024369991
8418,11361,11356,0,19,2,11,2,3.96839985881
8419,11361,10474,1,19,8,11,7,6.887267165
8420,11361,11697,0,19,1,11,1,15.7014969191
8421,11361,10172,0,19,2,11,2,10.5359771071
8422,11361,11691,0,19,4,11,3,11.2831720374
8423,11361,10470,1,19,6,11,4,10.5193107544
8424,11361,11366,0,19,7,11,5,2.7854268054
8425,11361,10041,0,19,2,11,2,13.0724796383
8426,11361,10278,0,19,1,11,1,12.5092130585
8427,11361,10106,0,19,4,11,1,10.8359109723
8428,11361,11428,0,19,2,11,2,3.43809468832
8429,11361,10286,0,19,1,11,1,12.9387134567
8430,11361,10279,0,19,1,11,1,12.7920057693
8431,11361,10103,0,19,1,11,1,10.700679151
8432,11361,10196,0,19,1,11,1,10.7316417884
8433,11361,10154,0,19,1,11,1,10.43414207
8434,11361,10119,0,19,2,11,2,11.5210841296
8435,11361,10464,0,19,5,11,4,6.52356075176
8436,11361,10166,0,19,2,11,2,10.6319873268
8437,11361,10203,0,19,1,11,1,10.7316417884
8438,11361,11359,2,19,2,11,2,2.04789888602
8439,11361,10177,0,19,1,11,1,10.6213998118
8440,11361,11040,0,19,1,11,1,5.17611271433
8441,11361,11364,0,19,2,11,2,1.35202312687
8442,11361,11692,0,19,2,11,2,11.8022232695
8443,11361,11423,0,19,1,11,1,3.38846884287
8444,11361,11415,0,19,2,11,2,4.86406939138
8445,11361,10175,0,19,2,11,1,10.8187760682
8446,11206,10012,1,90,445,63,357,3.33671686767
8447,11206,11222,0,90,110,63,71,1.65899337891
8448,11206,11231,1,90,65,63,44,3.52974365014
8449,11206,10019,1,90,637,63,440,4.91385712476
8450,11206,11102,0,90,35,63,30,4.85248491264
8451,11206,10003,2,90,493,63,400,3.20682533556
8452,11206,10020,0,90,143,63,116,4.35293105636
8453,11206,10018,1,90,339,63,256,4.50274093772
8454,11206,10001,1,90,670,63,468,4.36837520029
8455,11206,11365,0,90,21,63,9,8.31018004879
8456,11206,10007,3,90,1780,63,1042,3.48467330712
8457,11206,10022,1,90,228,63,164,4.1152373846
8458,11206,10013,1,90,745,63,406,3.51078207306
8459,11206,10472,0,90,23,63,8,9.66089764979
8460,11206,11226,0,90,195,63,123,3.99511371472
8461,11206,10027,0,90,141,63,83,7.63865473742
8462,11206,11210,0,90,34,63,20,5.13573668142
8463,11206,11693,0,90,6,63,6,9.73327519092
8464,11206,11432,0,90,49,63,36,7.8994954366
8465,11206,11103,0,90,35,63,26,4.50698695744
8466,11206,11237,0,90,64,63,53,1.20718079524
8467,11206,10010,0,90,218,63,181,3.26077585523
8468,11206,10014,3,90,397,63,286,3.96677660166
8469,11206,10009,0,90,135,63,91,2.53783048584
8470,11206,10036,1,90,826,63,656,4.66103716619
8471,11206,11216,1,90,60,63,49,1.54053482243
8472,11206,11418,0,90,15,63,11,5.74242205108
8473,11206,11109,0,90,5,63,5,5.16878553534
8474,11206,11371,0,90,71,63,65,5.98386808968
8475,11206,10460,0,90,42,63,22,10.1106792777
8476,11206,10048,1,90,86,63,65,3.7050972609
8477,11206,10128,0,90,51,63,40,5.50301413901
8478,11206,11375,0,90,44,63,27,5.24852116007
8479,11206,10023,1,90,210,63,134,5.50443677006
8480,11206,11211,3,90,352,63,256,0.899770420117
8481,11206,10011,2,90,437,63,352,4.01843596753
8482,11206,10025,1,90,143,63,65,6.76569268561
8483,11206,10032,0,90,65,63,28,9.54598983254
8484,11206,11232,0,90,125,63,24,4.56598985505
8485,11206,11377,0,90,46,63,33,3.46892530615
8486,11206,11361,0,90,19,63,11,9.81178049946
8487,11206,11206,63,90,90,63,63,0.0
8488,11206,11430,0,90,187,63,143,8.52040839211
8489,11206,10021,0,90,62,63,45,4.65147055368
8490,11206,11201,0,90,234,63,176,2.47419463609
8491,11206,11238,0,90,109,63,64,1.84842621219
8492,11206,10016,1,90,162,63,110,3.5309931765
8493,11206,11218,0,90,26,63,19,4.35003867193
8494,11206,10301,0,90,45,63,32,9.32872979647
8495,11206,10452,0,90,54,63,34,9.47327542992
8496,11206,10314,0,90,51,63,30,12.524155431
8497,11206,10461,0,90,50,63,20,11.1464957172
8498,11206,11101,1,90,193,63,96,2.97335441634
8499,11206,10029,0,90,50,63,38,6.15950125003
8500,11206,10467,0,90,33,63,22,12.3424046583
8501,11206,11208,1,90,43,63,13,4.22709923058
8502,11206,10024,0,90,101,63,71,6.07047832463
8503,11206,10005,0,90,65,63,41,3.4593390435
8504,11206,10030,1,90,39,63,26,7.99080209389
8505,11206,10002,0,90,258,63,186,2.52875636469
8506,11206,11385,0,90,56,63,31,2.62771508526
8507,11206,11220,0,90,38,63,23,5.68491175249
8508,11206,11215,1,90,123,63,95,3.28857656913
8509,11206,10038,0,90,174,63,85,3.23090406603
8510,11206,11217,0,90,92,63,71,2.30727166588
8511,11206,10462,0,90,104,63,58,10.6126498577
8512,11206,10040,0,90,80,63,27,10.8152666451
8513,11206,10457,0,90,28,63,16,10.2308713789
8514,11206,10017,0,90,277,63,161,3.76832014615
8515,11206,11433,0,90,18,63,12,8.17816034317
8516,11206,10308,0,90,8,63,8,15.107771605
8517,11206,10468,0,90,52,63,30,11.5978303625
8518,11206,10111,0,90,15,63,13,4.33111783967
8519,11206,10309,0,90,23,63,15,18.537231413
8520,11206,10034,0,90,68,63,33,11.4695109383
8521,11206,10028,0,90,89,63,53,5.16944278115
8522,11206,10035,0,90,65,63,32,6.92070615867
8523,11206,11228,0,90,10,63,8,6.87720222329
8524,11206,11105,0,90,25,63,19,5.31374397016
8525,11206,11355,0,90,26,63,18,7.25121608881
8526,11206,11209,0,90,49,63,28,7.1055582772
8527,11206,11213,0,90,35,63,20,2.21072779193
8528,11206,11369,0,90,12,63,8,5.64457534971
8529,11206,10031,0,90,64,63,45,8.55183540575
8530,11206,11221,1,90,120,63,61,1.15755490214
8531,11206,11212,0,90,12,63,10,3.17735086456
8532,11206,11233,0,90,74,63,34,2.16868748717
8533,11206,11368,0,90,62,63,41,5.4051494363
8534,11206,11205,0,90,37,63,31,1.30388490824
8535,11206,10069,0,90,14,63,8,5.63113395665
8536,11206,11203,0,90,39,63,8,3.71319681411
8537,11206,10459,0,90,16,63,8,8.88302594358
8538,11206,11219,0,90,6,63,4,5.58011169032
8539,11206,11434,0,90,32,63,16,9.1372286006
8540,11206,11230,0,90,11,63,5,5.58971827606
8541,11206,11373,0,90,53,63,27,4.12364534354
8542,11206,11362,0,90,8,63,5,11.6948687294
8543,11206,10305,0,90,11,63,8,9.95321081268
8544,11206,11104,0,90,8,63,6,3.11246390809
8545,11206,10004,0,90,168,63,99,5.16670579076
8546,11206,10275,0,90,13,63,7,5.70168171647
8547,11206,10118,0,90,4,63,3,3.94932694962
8548,11206,10026,2,90,57,63,43,6.96284673513
8549,11206,11235,0,90,19,63,14,8.18879145933
8550,11206,10469,0,90,44,63,12,12.5210485223
8551,11206,10281,0,90,31,63,24,3.87865218233
8552,11206,11223,0,90,10,63,7,7.35461738632
8553,11206,11379,0,90,33,63,13,3.4718878353
8554,11206,10465,0,90,37,63,16,10.7581172582
8555,11206,10455,0,90,20,63,11,8.02687337938
8556,11206,10466,0,90,16,63,11,13.9512486386
8557,11206,11239,0,90,4,63,2,5.1375921204
8558,11206,11207,0,90,86,63,31,3.35319373427
8559,11206,11367,0,90,35,63,17,6.62809110116
8560,11206,11106,0,90,21,63,19,4.16029948316
8561,11206,10471,0,90,19,63,15,13.8501876335
8562,11206,11234,0,90,50,63,15,5.88858111591
8563,11206,10167,0,90,11,63,4,3.99555294942
8564,11206,10453,0,90,21,63,16,10.5209147327
8565,11206,10451,0,90,20,63,12,8.17127851897
8566,11206,10033,0,90,86,63,31,10.111682294
8567,11206,11354,1,90,38,63,25,7.66884653772
8568,11206,10463,0,90,36,63,16,12.4723571173
8569,11206,10169,0,90,4,63,4,3.99565569781
8570,11206,10456,0,90,21,63,12,8.96859958661
8571,11206,11420,0,90,8,63,7,7.04147973858
8572,11206,10153,0,90,6,63,5,4.5158890625
8573,11206,10307,0,90,6,63,3,20.73362013
8574,11206,10306,0,90,17,63,8,12.9905790727
8575,11206,10165,0,90,2,63,2,3.93464717022
8576,11206,10303,0,90,11,63,7,12.5827619546
8577,11206,11224,0,90,22,63,13,9.04931794288
8578,11206,10304,0,90,8,63,5,10.1093193991
8579,11206,10458,0,90,34,63,31,11.5204610848
8580,11206,11414,0,90,13,63,7,6.05790177396
8581,11206,11204,0,90,9,63,8,6.16084821757
8582,11206,11372,0,90,16,63,11,4.50830762385
8583,11206,11357,0,90,9,63,6,9.01681297952
8584,11206,10044,0,90,9,63,8,4.1413246485
8585,11206,11229,0,90,27,63,14,7.11406458026
8586,11206,11236,0,90,15,63,9,4.73826611918
8587,11206,10302,0,90,5,63,5,11.3286846077
8588,11206,11422,0,90,11,63,8,11.2528647914
8589,11206,10312,0,90,4,63,2,16.4712049655
8590,11206,10310,0,90,27,63,6,10.2835109786
8591,11206,11429,0,90,8,63,6,10.7137365602
8592,11206,10152,0,90,2,63,2,4.17680181735
8593,11206,11214,0,90,10,63,6,7.66062928101
8594,11206,11435,0,90,41,63,23,6.98725656803
8595,11206,10039,0,90,8,63,7,8.55021162747
8596,11206,10121,0,90,1,63,1,4.15545722307
8597,11206,11413,0,90,14,63,7,10.2998636888
8598,11206,10473,0,90,14,63,9,9.14625771763
8599,11206,10454,0,90,19,63,10,7.28502762178
8600,11206,11416,0,90,5,63,5,5.03689712114
8601,11206,10280,0,90,5,63,3,3.94999733578
8602,11206,11694,0,90,5,63,4,10.0352489713
8603,11206,11358,0,90,6,63,4,8.68666020525
8604,11206,11421,0,90,4,63,4,4.51307507375
8605,11206,11412,0,90,4,63,4,9.63795364502
8606,11206,10174,0,90,2,63,2,3.80098859455
8607,11206,11417,0,90,3,63,3,5.4757329647
8608,11206,11427,0,90,5,63,4,10.3959387801
8609,11206,11411,0,90,4,63,2,10.8953654764
8610,11206,11374,0,90,10,63,9,4.57805649894
8611,11206,10096,0,90,2,63,2,5.70168171647
8612,11206,10006,0,90,19,63,18,3.72394601183
8613,11206,10037,0,90,15,63,10,7.66997209147
8614,11206,11370,0,90,8,63,4,5.007751409
8615,11206,10475,0,90,15,63,11,13.6284836627
8616,11206,11225,0,90,17,63,13,2.79706734928
8617,11206,10282,0,90,10,63,9,3.88875646184
8618,11206,11426,0,90,12,63,5,11.8261706047
8619,11206,11378,0,90,18,63,7,2.58851599
8620,11206,10107,0,90,1,63,1,4.89147206192
8621,11206,11251,0,90,4,63,3,3.95190064941
8622,11206,11436,0,90,6,63,3,7.91217530602
8623,11206,11360,0,90,10,63,5,10.1008463178
8624,11206,11356,0,90,2,63,2,7.74633749285
8625,11206,10474,0,90,8,63,7,8.18215371353
8626,11206,11697,0,90,1,63,1,9.97187395954
8627,11206,10172,0,90,2,63,2,4.0246946953
8628,11206,11691,0,90,4,63,3,11.9419851178
8629,11206,10470,0,90,6,63,4,14.3442748572
8630,11206,11366,0,90,7,63,5,7.93493098693
8631,11206,10041,0,90,2,63,2,3.52974936701
8632,11206,10278,0,90,1,63,1,3.33681697922
8633,11206,10106,0,90,4,63,1,4.76667372527
8634,11206,11428,0,90,2,63,2,10.6555738235
8635,11206,10286,0,90,1,63,1,3.71551228116
8636,11206,10279,0,90,1,63,1,3.52768117691
8637,11206,10103,1,90,1,63,1,4.43861099423
8638,11206,10196,0,90,1,63,1,5.70168171647
8639,11206,10154,0,90,1,63,1,4.14540642941
8640,11206,10119,0,90,2,63,2,4.25214438339
8641,11206,10464,0,90,5,63,4,13.3801284038
8642,11206,10166,0,90,2,63,2,4.00767961015
8643,11206,10203,0,90,1,63,1,5.70168171647
8644,11206,11359,0,90,2,63,2,10.7233321821
8645,11206,10177,0,90,1,63,1,4.05118899649
8646,11206,11040,0,90,1,63,1,14.1354585836
8647,11206,11364,0,90,2,63,2,10.079874046
8648,11206,11692,0,90,2,63,2,10.8094363287
8649,11206,11423,0,90,1,63,1,9.20693639202
8650,11206,11415,0,90,2,63,2,5.95002480503
8651,11206,10175,0,90,2,63,1,4.07501513692
8652,11430,10012,2,187,445,143,357,11.8498084767
8653,11430,11222,1,187,110,143,71,9.45260808698
8654,11430,11231,2,187,65,143,44,11.0434010939
8655,11430,10019,8,187,637,143,440,12.7531842254
8656,11430,11102,2,187,35,143,30,10.737101714
8657,11430,10003,2,187,493,143,400,11.6398678898
8658,11430,10020,2,187,143,143,116,12.2321362599
8659,11430,10018,6,187,339,143,256,12.6435522048
8660,11430,10001,7,187,670,143,468,12.6130537884
8661,11430,11365,2,187,21,143,9,6.10709109182
8662,11430,10007,9,187,1780,143,1042,11.9633751492
8663,11430,10022,7,187,228,143,164,11.7171972991
8664,11430,10013,1,187,745,143,406,12.0261532093
8665,11430,10472,2,187,23,143,8,12.9873023837
8666,11430,11226,2,187,195,143,123,8.40951068389
8667,11430,10027,2,187,141,143,83,13.9684826037
8668,11430,11210,2,187,34,143,20,8.02911855489
8669,11430,11693,0,187,6,143,6,3.90704644337
8670,11430,11432,0,187,49,143,36,4.3921003216
8671,11430,11103,2,187,35,143,26,9.83989272268
8672,11430,11237,4,187,64,143,53,7.47691203663
8673,11430,10010,3,187,218,143,181,11.5373634076
8674,11430,10014,3,187,397,143,286,12.4498562327
8675,11430,10009,0,187,135,143,91,10.9670966758
8676,11430,10036,4,187,826,143,656,12.6845398004
8677,11430,11216,2,187,60,143,49,8.27730021306
8678,11430,11418,0,187,15,143,11,3.86465994219
8679,11430,11109,0,187,5,143,5,3.94772353736
8680,11430,11371,2,187,71,143,65,9.36688177686
8681,11430,10460,2,187,42,143,22,13.8715342333
8682,11430,10048,1,187,86,143,65,12.1452526933
8683,11430,10128,2,187,51,143,40,12.1722700574
8684,11430,11375,3,187,44,143,27,5.50272592252
8685,11430,10023,4,187,210,143,134,13.102474753
8686,11430,11211,2,187,352,143,256,9.35201438041
8687,11430,10011,4,187,437,143,352,12.4210823113
8688,11430,10025,0,187,143,143,65,13.646059927
8689,11430,10032,2,187,65,143,28,15.1917615519
8690,11430,11232,2,187,125,143,24,10.9661966299
8691,11430,11377,2,187,46,143,33,8.53448094589
8692,11430,11361,2,187,19,143,11,7.85709733662
8693,11430,11206,0,187,90,143,63,8.52040839211
8694,11430,11430,143,187,187,143,143,0.0
8695,11430,10021,2,187,62,143,45,11.8763226946
8696,11430,11201,3,187,234,143,176,10.6197893019
8697,11430,11238,1,187,109,143,64,9.00449462669
8698,11430,10016,3,187,162,143,110,11.6123522993
8699,11430,11218,2,187,26,143,19,9.48385856445
8700,11430,10301,2,187,45,143,32,15.7507335075
8701,11430,10452,2,187,54,143,34,14.5904836134
8702,11430,10314,2,187,51,143,30,18.6229086796
8703,11430,10461,1,187,50,143,20,13.4621914568
8704,11430,11101,3,187,193,143,96,9.97622058574
8705,11430,10029,2,187,50,143,38,12.5231426769
8706,11430,10467,2,187,33,143,22,15.7821452968
8707,11430,11208,0,187,43,143,13,4.31565531954
8708,11430,10024,0,187,101,143,71,13.364687616
8709,11430,10005,2,187,65,143,41,11.8221595575
8710,11430,10030,1,187,39,143,26,13.9288231137
8711,11430,10002,1,187,258,143,186,11.048791659
8712,11430,11385,1,187,56,143,31,6.26191203078
8713,11430,11220,2,187,38,143,23,11.5833827414
8714,11430,11215,2,187,123,143,95,10.0489880023
8715,11430,10038,2,187,174,143,85,11.6630880667
8716,11430,11217,0,187,92,143,71,9.81582748938
8717,11430,10462,2,187,104,143,58,13.6310098953
8718,11430,10040,2,187,80,143,27,15.9676137901
8719,11430,10457,2,187,28,143,16,14.5779456368
8720,11430,10017,4,187,277,143,161,11.6290296851
8721,11430,11433,2,187,18,143,12,3.2054076391
8722,11430,10308,0,187,8,143,8,19.9002460127
8723,11430,10468,2,187,52,143,30,15.9010588872
8724,11430,10111,0,187,15,143,13,12.1529172686
8725,11430,10309,2,187,23,143,15,23.4826601085
8726,11430,10034,1,187,68,143,33,16.3414068415
8727,11430,10028,2,187,89,143,53,12.0455394188
8728,11430,10035,2,187,65,143,32,12.7375415357
8729,11430,11228,1,187,10,143,8,11.5805142969
8730,11430,11105,0,187,25,143,19,10.4063548754
8731,11430,11355,2,187,26,143,18,6.94023964171
8732,11430,11209,2,187,49,143,28,12.4342550672
8733,11430,11213,0,187,35,143,20,7.43445132093
8734,11430,11369,2,187,12,143,8,8.69065112296
8735,11430,10031,1,187,64,143,45,14.5444591037
8736,11430,11221,0,187,120,143,61,7.41924545578
8737,11430,11212,0,187,12,143,10,6.23263247992
8738,11430,11233,0,187,74,143,34,6.71053248513
8739,11430,11368,2,187,62,143,41,7.4339852575
8740,11430,11205,0,187,37,143,31,9.40758779625
8741,11430,10069,0,187,14,143,8,13.3787206837
8742,11430,11203,0,187,39,143,8,7.22017062744
8743,11430,10459,1,187,16,143,8,13.1115386737
8744,11430,11219,0,187,6,143,4,10.618331358
8745,11430,11434,2,187,32,143,16,2.06982689319
8746,11430,11230,0,187,11,143,5,9.06370536621
8747,11430,11373,2,187,53,143,27,7.31901600219
8748,11430,11362,1,187,8,143,5,8.21562738899
8749,11430,10305,0,187,11,143,8,15.1109595654
8750,11430,11104,0,187,8,143,6,9.14940958837
8751,11430,10004,3,187,168,143,99,13.3286069374
8752,11430,10275,0,187,13,143,7,13.0986166961
8753,11430,10118,0,187,4,143,3,12.1067140499
8754,11430,10026,0,187,57,143,43,13.4235240989
8755,11430,11235,1,187,19,143,14,9.33827365441
8756,11430,10469,0,187,44,143,12,15.2934742335
8757,11430,10281,0,187,31,143,24,12.3395885071
8758,11430,11223,0,187,10,143,7,9.96429226545
8759,11430,11379,2,187,33,143,13,6.30140654848
8760,11430,10465,2,187,37,143,16,12.1440696783
8761,11430,10455,0,187,20,143,11,12.8170081548
8762,11430,10466,0,187,16,143,11,16.807723361
8763,11430,11239,0,187,4,143,2,4.40130845021
8764,11430,11207,2,187,86,143,31,5.36654977451
8765,11430,11367,2,187,35,143,17,5.5562276731
8766,11430,11106,0,187,21,143,19,10.4898254991
8767,11430,10471,2,187,19,143,15,18.1735856538
8768,11430,11234,0,187,50,143,15,6.97737011428
8769,11430,10167,0,187,11,143,4,11.8521304696
8770,11430,10453,1,187,21,143,16,15.2510839124
8771,11430,10451,2,187,20,143,12,13.4351575013
8772,11430,10033,2,187,86,143,31,15.5098339387
8773,11430,11354,2,187,38,143,25,8.24894967571
8774,11430,10463,2,187,36,143,16,16.9569178319
8775,11430,10169,0,187,4,143,4,11.8818677868
8776,11430,10456,2,187,21,143,12,13.7087893641
8777,11430,11420,1,187,8,143,7,1.84598037562
8778,11430,10153,0,187,6,143,5,12.1420767201
8779,11430,10307,0,187,6,143,3,25.5409712671
8780,11430,10306,0,187,17,143,8,17.8429874396
8781,11430,10165,0,187,2,143,2,11.9148283423
8782,11430,10303,2,187,11,143,7,19.3305000062
8783,11430,11224,0,187,22,143,13,11.5020581448
8784,11430,10304,0,187,8,143,5,15.7459468578
8785,11430,10458,2,187,34,143,31,15.5311692132
8786,11430,11414,2,187,13,143,7,2.55371853938
8787,11430,11204,0,187,9,143,8,10.1742749765
8788,11430,11372,1,187,16,143,11,8.30281278413
8789,11430,11357,0,187,9,143,6,9.2690952439
8790,11430,10044,0,187,9,143,8,11.1502356053
8791,11430,11229,2,187,27,143,14,8.42828341646
8792,11430,11236,1,187,15,143,9,5.71540197563
8793,11430,10302,2,187,5,143,5,17.9986493939
8794,11430,11422,0,187,11,143,8,3.28716592381
8795,11430,10312,0,187,4,143,2,21.3464078111
8796,11430,10310,1,187,27,143,6,16.8591482634
8797,11430,11429,1,187,8,143,6,5.00436339504
8798,11430,10152,1,187,2,143,2,11.8992059549
8799,11430,11214,0,187,10,143,6,11.1216152604
8800,11430,11435,6,187,41,143,23,3.49929760672
8801,11430,10039,2,187,8,143,7,14.2134655016
8802,11430,10121,0,187,1,143,1,12.3678085674
8803,11430,11413,2,187,14,143,7,2.69101601097
8804,11430,10473,2,187,14,143,9,12.0582496083
8805,11430,10454,2,187,19,143,10,12.455482391
8806,11430,11416,2,187,5,143,5,3.65452636198
8807,11430,10280,0,187,5,143,3,12.312797221
8808,11430,11694,0,187,5,143,4,5.78250547939
8809,11430,11358,0,187,6,143,4,7.59048193742
8810,11430,11421,1,187,4,143,4,4.30960041035
8811,11430,11412,0,187,4,143,4,3.7396302298
8812,11430,10174,0,187,2,143,2,11.7281033381
8813,11430,11417,0,187,3,143,3,3.10365904367
8814,11430,11427,2,187,5,143,4,5.92229026502
8815,11430,11411,0,187,4,143,2,4.32721761889
8816,11430,11374,2,187,10,143,9,6.17354870438
8817,11430,10096,0,187,2,143,2,13.0986166961
8818,11430,10006,1,187,19,143,18,12.1047571881
8819,11430,10037,2,187,15,143,10,13.4416330057
8820,11430,11370,0,187,8,143,4,9.22291654826
8821,11430,10475,2,187,15,143,11,15.8100436991
8822,11430,11225,1,187,17,143,13,8.42082944917
8823,11430,10282,0,187,10,143,9,12.372579036
8824,11430,11426,2,187,12,143,5,6.86617908542
8825,11430,11378,2,187,18,143,7,7.5753559436
8826,11430,10107,0,187,1,143,1,12.6666566397
8827,11430,11251,0,187,4,143,3,7.85884183466
8828,11430,11436,3,187,6,143,3,1.63152081107
8829,11430,11360,2,187,10,143,5,8.99856834712
8830,11430,11356,0,187,2,143,2,9.6462355921
8831,11430,10474,1,187,8,143,7,12.2182041721
8832,11430,11697,0,187,1,143,1,8.62163487884
8833,11430,10172,0,187,2,143,2,11.8586699992
8834,11430,11691,0,187,4,143,3,3.96658998311
8835,11430,10470,1,187,6,143,4,17.5924381717
8836,11430,11366,0,187,7,143,5,5.21790181649
8837,11430,10041,0,187,2,143,2,11.832948811
8838,11430,10278,0,187,1,143,1,11.8296297444
8839,11430,10106,0,187,4,143,1,12.5218129023
8840,11430,11428,0,187,2,143,2,5.58015318702
8841,11430,10286,0,187,1,143,1,12.1792698674
8842,11430,10279,0,187,1,143,1,11.9873663337
8843,11430,10103,0,187,1,143,1,12.2288277786
8844,11430,10196,0,187,1,143,1,13.0986166961
8845,11430,10154,1,187,1,143,1,11.8903076486
8846,11430,10119,0,187,2,143,2,12.4567721435
8847,11430,10464,0,187,5,143,4,14.2531878277
8848,11430,10166,0,187,2,143,2,11.8946444666
8849,11430,10203,0,187,1,143,1,13.0986166961
8850,11430,11359,0,187,2,143,2,9.86672808839
8851,11430,10177,0,187,1,143,1,11.919906711
8852,11430,11040,0,187,1,143,1,8.84367805833
8853,11430,11364,0,187,2,143,2,6.89804845223
8854,11430,11692,0,187,2,143,2,3.97308685065
8855,11430,11423,0,187,1,143,1,4.62831902813
8856,11430,11415,0,187,2,143,2,4.28230930135
8857,11430,10175,0,187,2,143,1,12.0317909333
8858,10021,10012,3,62,445,45,357,3.54087603375
8859,10021,11222,1,62,110,45,71,3.00906045418
8860,10021,11231,2,62,65,45,44,6.56689349127
8861,10021,10019,4,62,637,45,440,1.33258587755
8862,10021,11102,3,62,35,45,30,1.89003826376
8863,10021,10003,1,62,493,45,400,2.90520159629
8864,10021,10020,1,62,143,45,116,1.23732056289
8865,10021,10018,5,62,339,45,256,1.95650556074
8866,10021,10001,5,62,670,45,468,2.25204429993
8867,10021,11365,2,62,21,45,9,9.06491060735
8868,10021,10007,5,62,1780,45,1042,4.44246456442
8869,10021,10022,4,62,228,45,164,0.742347460114
8870,10021,10013,2,62,745,45,406,4.04824506794
8871,10021,10472,2,62,23,45,8,6.44746310697
8872,10021,11226,2,62,195,45,123,8.50251049397
8873,10021,10027,3,62,141,45,83,3.06644474436
8874,10021,11210,3,62,34,45,20,9.72465848489
8875,10021,11693,0,62,6,45,6,13.9490805398
8876,10021,11432,1,62,49,45,36,9.54144480705
8877,10021,11103,2,62,35,45,26,2.62614620707
8878,10021,11237,2,62,64,45,53,4.96791394135
8879,10021,10010,3,62,218,45,181,2.323711032
8880,10021,10014,5,62,397,45,286,3.30938124563
8881,10021,10009,0,62,135,45,91,3.00720026231
8882,10021,10036,3,62,826,45,656,1.6770508357
8883,10021,11216,4,62,60,45,49,6.10745718363
8884,10021,11418,0,62,15,45,11,8.22099211536
8885,10021,11109,0,62,5,45,5,9.34844994581
8886,10021,11371,2,62,71,45,65,4.48509564109
8887,10021,10460,2,62,42,45,22,6.53321500175
8888,10021,10048,0,62,86,45,65,4.74416503625
8889,10021,10128,3,62,51,45,40,1.06906878335
8890,10021,11375,3,62,44,45,27,6.8635320099
8891,10021,10023,3,62,210,45,134,1.28901815189
8892,10021,11211,3,62,352,45,256,3.90042492383
8893,10021,10011,5,62,437,45,352,2.81242503811
8894,10021,10025,1,62,143,45,65,2.11427513479
8895,10021,10032,3,62,65,45,28,5.08421496649
8896,10021,11232,3,62,125,45,24,8.12514922779
8897,10021,11377,2,62,46,45,33,3.45742059963
8898,10021,11361,2,62,19,45,11,9.79275462389
8899,10021,11206,0,62,90,45,63,4.65147055368
8900,10021,11430,2,62,187,45,143,11.8763226946
8901,10021,10021,45,62,62,45,45,0.0
8902,10021,11201,3,62,234,45,176,5.26528882595
8903,10021,11238,1,62,109,45,64,6.09220260557
8904,10021,10016,5,62,162,45,110,1.77873102728
8905,10021,11218,2,62,26,45,19,8.58582683041
8906,10021,10301,2,62,45,45,32,11.7612204582
8907,10021,10452,2,62,54,45,34,5.24798623871
8908,10021,10314,3,62,51,45,30,14.8047357747
8909,10021,10461,1,62,50,45,20,8.21694873209
8910,10021,11101,3,62,193,45,96,1.94797271811
8911,10021,10029,3,62,50,45,38,1.77476905904
8912,10021,10467,2,62,33,45,22,8.61061164628
8913,10021,11208,0,62,43,45,13,8.061332141
8914,10021,10024,1,62,101,45,71,1.51621484724
8915,10021,10005,3,62,65,45,41,4.99215926949
8916,10021,10030,1,62,39,45,26,3.54472475674
8917,10021,10002,2,62,258,45,186,3.80934193551
8918,10021,11385,1,62,56,45,31,5.73793569467
8919,10021,11220,2,62,38,45,23,9.23066402062
8920,10021,11215,2,62,123,45,95,7.08724908455
8921,10021,10038,3,62,174,45,85,4.64446387952
8922,10021,11217,1,62,92,45,71,6.02644222504
8923,10021,10462,3,62,104,45,58,7.37613060629
8924,10021,10040,2,62,80,45,27,6.45074995509
8925,10021,10457,2,62,28,45,16,6.30264745354
8926,10021,10017,3,62,277,45,161,1.28305477399
8927,10021,11433,2,62,18,45,12,10.3521563771
8928,10021,10308,0,62,8,45,8,18.0159648542
8929,10021,10468,2,62,52,45,30,7.52967785714
8930,10021,10111,0,62,15,45,13,1.10703239475
8931,10021,10309,2,62,23,45,15,21.1527980727
8932,10021,10034,2,62,68,45,33,7.16824575714
8933,10021,10028,3,62,89,45,53,0.665955898764
8934,10021,10035,2,62,65,45,32,2.73509348292
8935,10021,11228,1,62,10,45,8,10.7515564959
8936,10021,11105,0,62,25,45,19,2.77696173279
8937,10021,11355,2,62,26,45,18,7.5149739675
8938,10021,11209,3,62,49,45,28,10.6519527154
8939,10021,11213,0,62,35,45,20,6.86219731358
8940,10021,11369,2,62,12,45,8,4.73420964431
8941,10021,10031,1,62,64,45,45,4.03368887818
8942,10021,11221,0,62,120,45,61,5.61843354504
8943,10021,11212,0,62,12,45,10,7.73711993609
8944,10021,11233,0,62,74,45,34,6.68422645118
8945,10021,11368,2,62,62,45,41,5.5538942248
8946,10021,11205,1,62,37,45,31,5.12669641131
8947,10021,10069,0,62,14,45,8,1.64988929073
8948,10021,11203,0,62,39,45,8,8.36098089736
8949,10021,10459,1,62,16,45,8,5.28082317165
8950,10021,11219,1,62,6,45,4,9.56920746893
8951,10021,11434,2,62,32,45,16,11.7815742865
8952,10021,11230,0,62,11,45,5,10.0366970367
8953,10021,11373,2,62,53,45,27,4.86637831427
8954,10021,11362,1,62,8,45,5,11.936879886
8955,10021,10305,0,62,11,45,8,13.1473892746
8956,10021,11104,0,62,8,45,6,2.73974606181
8957,10021,10004,3,62,168,45,99,6.38374752841
8958,10021,10275,0,62,13,45,7,1.22244104706
8959,10021,10118,1,62,4,45,3,1.91299449127
8960,10021,10026,1,62,57,45,43,2.39498134573
8961,10021,11235,1,62,19,45,14,12.7503054362
8962,10021,10469,0,62,44,45,12,9.10933690911
8963,10021,10281,1,62,31,45,24,4.68545574854
8964,10021,11223,0,62,10,45,7,11.7659543086
8965,10021,11379,2,62,33,45,13,5.58842462523
8966,10021,10465,2,62,37,45,16,8.47431662483
8967,10021,10455,0,62,20,45,11,4.26969277084
8968,10021,10466,0,62,16,45,11,10.3360273408
8969,10021,11239,0,62,4,45,2,9.47312882978
8970,10021,11207,2,62,86,45,31,7.57547420085
8971,10021,11367,2,62,35,45,17,7.79436240979
8972,10021,11106,0,62,21,45,19,1.58340563612
8973,10021,10471,2,62,19,45,15,9.61170593739
8974,10021,11234,0,62,50,45,15,10.5399619049
8975,10021,10167,0,62,11,45,4,1.20582362966
8976,10021,10453,1,62,21,45,16,6.36328314524
8977,10021,10451,2,62,20,45,12,4.06664792625
8978,10021,10033,2,62,86,45,31,5.70281686821
8979,10021,11354,2,62,38,45,25,7.10813149066
8980,10021,10463,3,62,36,45,16,8.2551177674
8981,10021,10169,1,62,4,45,4,1.26423555854
8982,10021,10456,2,62,21,45,12,5.02694431711
8983,10021,11420,0,62,8,45,7,10.0991518993
8984,10021,10153,0,62,6,45,5,0.71825157765
8985,10021,10307,0,62,6,45,3,23.3271652198
8986,10021,10306,1,62,17,45,8,16.0308491473
8987,10021,10165,0,62,2,45,2,1.47176262291
8988,10021,10303,2,62,11,45,7,14.2977184634
8989,10021,11224,0,62,22,45,13,13.3382364846
8990,10021,10304,0,62,8,45,5,12.9986904663
8991,10021,10458,3,62,34,45,31,7.59966374664
8992,10021,11414,2,62,13,45,7,9.78507278553
8993,10021,11204,0,62,9,45,8,10.3926772268
8994,10021,11372,1,62,16,45,11,4.18825979515
8995,10021,11357,0,62,9,45,6,8.00960657201
8996,10021,10044,0,62,9,45,8,0.732104260571
8997,10021,11229,2,62,27,45,14,11.7164443184
8998,10021,11236,1,62,15,45,9,9.31581972422
8999,10021,10302,2,62,5,45,5,13.2610947299
9000,10021,11422,0,62,11,45,8,13.9038351447
9001,10021,10312,0,62,4,45,2,19.2438208108
9002,10021,10310,0,62,27,45,6,12.440355357
9003,10021,11429,1,62,8,45,6,12.3271795884
9004,10021,10152,0,62,2,45,2,0.916571770203
9005,10021,11214,1,62,10,45,6,11.8398297518
9006,10021,11435,2,62,41,45,23,9.2044689603
9007,10021,10039,2,62,8,45,7,4.1695401836
9008,10021,10121,0,62,1,45,1,2.09771033685
9009,10021,11413,2,62,14,45,7,12.9009540703
9010,10021,10473,2,62,14,45,9,6.34763500948
9011,10021,10454,2,62,19,45,10,3.47555347541
9012,10021,11416,2,62,5,45,5,8.24211769994
9013,10021,10280,0,62,5,45,3,5.17205238023
9014,10021,11694,0,62,5,45,4,14.5184246048
9015,10021,11358,0,62,6,45,4,8.63875303266
9016,10021,11421,1,62,4,45,4,7.57613641855
9017,10021,11412,0,62,4,45,4,11.6377587133
9018,10021,10174,0,62,2,45,2,1.39060792002
9019,10021,11417,0,62,3,45,3,8.82991733371
9020,10021,11427,2,62,5,45,4,11.4976667806
9021,10021,11411,0,62,4,45,2,12.8773853586
9022,10021,11374,2,62,10,45,9,6.02430911571
9023,10021,10096,0,62,2,45,2,1.22244104706
9024,10021,10006,1,62,19,45,18,5.01659612216
9025,10021,10037,2,62,15,45,10,3.35405091342
9026,10021,11370,0,62,8,45,4,3.68770578602
9027,10021,10475,2,62,15,45,11,10.3839899301
9028,10021,11225,1,62,17,45,13,7.28710926985
9029,10021,10282,0,62,10,45,9,4.5274315742
9030,10021,11426,2,62,12,45,5,12.8068658484
9031,10021,11378,2,62,18,45,7,4.30535094826
9032,10021,10107,0,62,1,45,1,1.17680680775
9033,10021,11251,0,62,4,45,3,8.54784455303
9034,10021,11436,2,62,6,45,3,10.7733969956
9035,10021,11360,2,62,10,45,5,9.49919918673
9036,10021,11356,0,62,2,45,2,6.23806528882
9037,10021,10474,1,62,8,45,7,4.91617800806
9038,10021,11697,0,62,1,45,1,14.6227575764
9039,10021,10172,0,62,2,45,2,1.15612513138
9040,10021,11691,0,62,4,45,3,15.6941835794
9041,10021,10470,1,62,6,45,4,10.5141395007
9042,10021,11366,0,62,7,45,5,9.15865326208
9043,10021,10041,0,62,2,45,2,5.20959254063
9044,10021,10278,0,62,1,45,1,4.29362313442
9045,10021,10106,1,62,4,45,1,1.07129985129
9046,10021,11428,0,62,2,45,2,11.9785058742
9047,10021,10286,0,62,1,45,1,4.61209509061
9048,10021,10279,0,62,1,45,1,4.57923517189
9049,10021,10103,0,62,1,45,1,1.04954545801
9050,10021,10196,0,62,1,45,1,1.22244104706
9051,10021,10154,0,62,1,45,1,0.964062254989
9052,10021,10119,1,62,2,45,2,2.09076630745
9053,10021,10464,0,62,5,45,4,10.8692794778
9054,10021,10166,0,62,2,45,2,1.26362212286
9055,10021,10203,0,62,1,45,1,1.22244104706
9056,10021,11359,0,62,2,45,2,9.78350994404
9057,10021,10177,0,62,1,45,1,1.21956605916
9058,10021,11040,0,62,1,45,1,14.875385449
9059,10021,11364,0,62,2,45,2,10.6268504145
9060,10021,11692,0,62,2,45,2,14.8839940223
9061,10021,11423,0,62,1,45,1,10.7577354925
9062,10021,11415,0,62,2,45,2,8.0679186206
9063,10021,10175,0,62,2,45,1,1.40621004267
9064,11201,10012,12,234,445,176,357,2.17182039568
9065,11201,11222,2,234,110,176,71,3.12928969858
9066,11201,11231,4,234,65,176,44,1.33964257698
9067,11201,10019,10,234,637,176,440,4.86311785569
9068,11201,11102,2,234,35,176,30,6.24065667048
9069,11201,10003,5,234,493,176,400,2.56851339868
9070,11201,10020,2,234,143,176,116,4.39793754666
9071,11201,10018,7,234,339,176,256,4.13354677107
9072,11201,10001,16,234,670,176,468,3.84658409997
9073,11201,11365,3,234,21,176,9,10.7724297998
9074,11201,10007,20,234,1780,176,1042,1.64678967249
9075,11201,10022,9,234,228,176,164,4.54325913523
9076,11201,10013,4,234,745,176,406,1.94670959945
9077,11201,10472,2,234,23,176,8,11.268716466
9078,11201,11226,7,234,195,176,123,3.87589611821
9079,11201,10027,4,234,141,176,83,8.29454160201
9080,11201,11210,5,234,34,176,20,5.17949960052
9081,11201,11693,0,234,6,176,6,11.1891822917
9082,11201,11432,4,234,49,176,36,10.3653848931
9083,11201,11103,3,234,35,176,26,6.21644111121
9084,11201,11237,3,234,64,176,53,3.67339919583
9085,11201,10010,8,234,218,176,181,3.04030724921
9086,11201,10014,3,234,397,176,286,2.85152772858
9087,11201,10009,1,234,135,176,91,2.26204780257
9088,11201,10036,10,234,826,176,656,4.4320708716
9089,11201,11216,4,234,60,176,49,2.37795010864
9090,11201,11418,0,234,15,176,11,8.16532255633
9091,11201,11109,0,234,5,176,5,6.91378014455
9092,11201,11371,2,234,71,176,65,7.99162129637
9093,11201,10460,5,234,42,176,22,11.5565216653
9094,11201,10048,1,234,86,176,65,1.68168505167
9095,11201,10128,6,234,51,176,40,6.31158193684
9096,11201,11375,9,234,44,176,27,7.72108727769
9097,11201,10023,7,234,210,176,134,5.58584988959
9098,11201,11211,6,234,352,176,256,2.16425507177
9099,11201,10011,9,234,437,176,352,3.20809093789
9100,11201,10025,4,234,143,176,65,7.20661667169
9101,11201,10032,3,234,65,176,28,10.3382400687
9102,11201,11232,4,234,125,176,24,2.85990181
9103,11201,11377,2,234,46,176,33,5.55296491214
9104,11201,11361,3,234,19,176,11,12.2268157188
9105,11201,11206,0,234,90,176,63,2.47419463609
9106,11201,11430,3,234,187,176,143,10.6197893019
9107,11201,10021,3,234,62,176,45,5.26528882595
9108,11201,11201,176,234,234,176,176,0.0
9109,11201,11238,2,234,109,176,64,1.74038836652
9110,11201,10016,6,234,162,176,110,3.56314664422
9111,11201,11218,3,234,26,176,19,3.56795353382
9112,11201,10301,3,234,45,176,32,7.05613136611
9113,11201,10452,3,234,54,176,34,10.4998964797
9114,11201,10314,8,234,51,176,30,10.2438476393
9115,11201,10461,1,234,50,176,20,12.9006567621
9116,11201,11101,4,234,193,176,96,4.33820398833
9117,11201,10029,5,234,50,176,38,7.02311596311
9118,11201,10467,4,234,33,176,22,13.7314011291
9119,11201,11208,0,234,43,176,13,6.32001512883
9120,11201,10024,3,234,101,176,71,6.31757065568
9121,11201,10005,4,234,65,176,41,1.26420971231
9122,11201,10030,1,234,39,176,26,8.80861949393
9123,11201,10002,4,234,258,176,186,1.50500365339
9124,11201,11385,1,234,56,176,31,5.08156177936
9125,11201,11220,2,234,38,176,23,3.97117697213
9126,11201,11215,5,234,123,176,95,1.9253818913
9127,11201,10038,8,234,174,176,85,1.25390763562
9128,11201,11217,11,234,92,176,71,1.0851924599
9129,11201,10462,7,234,104,176,58,12.2297109062
9130,11201,10040,2,234,80,176,27,11.7149614793
9131,11201,10457,4,234,28,176,16,11.478049714
9132,11201,10017,8,234,277,176,161,4.02179453115
9133,11201,11433,2,234,18,176,12,10.5949496785
9134,11201,10308,0,234,8,176,8,13.080466392
9135,11201,10468,2,234,52,176,30,12.7596582779
9136,11201,10111,0,234,15,176,13,4.45246789387
9137,11201,10309,3,234,23,176,15,16.4064311038
9138,11201,10034,2,234,68,176,33,12.4333646582
9139,11201,10028,4,234,89,176,53,5.91507077631
9140,11201,10035,4,234,65,176,32,7.94358060672
9141,11201,11228,1,234,10,176,8,5.49304725353
9142,11201,11105,1,234,25,176,19,6.93199787239
9143,11201,11355,3,234,26,176,18,9.65951372726
9144,11201,11209,5,234,49,176,28,5.40431500003
9145,11201,11213,2,234,35,176,20,3.31851424697
9146,11201,11369,2,234,12,176,8,7.77623859024
9147,11201,10031,2,234,64,176,45,9.27742827907
9148,11201,11221,2,234,120,176,61,3.30490194124
9149,11201,11212,1,234,12,176,10,4.58983285726
9150,11201,11233,0,234,74,176,34,3.91305776389
9151,11201,11368,4,234,62,176,41,7.73692286971
9152,11201,11205,3,234,37,176,31,1.25110527489
9153,11201,10069,0,234,14,176,8,5.53389036299
9154,11201,11203,0,234,39,176,8,4.34046634479
9155,11201,10459,1,234,16,176,8,10.2914236312
9156,11201,11219,0,234,6,176,4,4.35242239293
9157,11201,11434,3,234,32,176,16,11.452131877
9158,11201,11230,0,234,11,176,5,5.15568210063
9159,11201,11373,4,234,53,176,27,6.47334694413
9160,11201,11362,2,234,8,176,5,14.146621829
9161,11201,10305,0,234,11,176,8,8.03320026628
9162,11201,11104,1,234,8,176,6,4.95464997396
9163,11201,10004,6,234,168,176,99,2.75016580578
9164,11201,10275,0,234,13,176,7,5.9302191401
9165,11201,10118,2,234,4,176,3,3.70877337974
9166,11201,10026,0,234,57,176,43,7.63828486699
9167,11201,11235,2,234,19,176,14,7.95931793327
9168,11201,10469,0,234,44,176,12,14.0836160194
9169,11201,10281,1,234,31,176,24,1.9057939994
9170,11201,11223,0,234,10,176,7,6.76084464592
9171,11201,11379,3,234,33,176,13,5.94171890317
9172,11201,10465,4,234,37,176,16,12.729101052
9173,11201,10455,1,234,20,176,11,9.33282154773
9174,11201,10466,0,234,16,176,11,15.4202085553
9175,11201,11239,1,234,4,176,2,6.70551097643
9176,11201,11207,2,234,86,176,31,5.25840740905
9177,11201,11367,2,234,35,176,17,9.09656772054
9178,11201,11106,0,234,21,176,19,5.50829508358
9179,11201,10471,2,234,19,176,15,14.8758363189
9180,11201,11234,2,234,50,176,15,6.37170042331
9181,11201,10167,0,234,11,176,4,4.17717957859
9182,11201,10453,1,234,21,176,16,11.607971667
9183,11201,10451,3,234,20,176,12,9.27411382271
9184,11201,10033,5,234,86,176,31,10.9642466614
9185,11201,11354,3,234,38,176,25,9.96786879958
9186,11201,10463,5,234,36,176,16,13.5158642397
9187,11201,10169,1,234,4,176,4,4.14007706355
9188,11201,10456,2,234,21,176,12,10.1900293765
9189,11201,11420,0,234,8,176,7,9.29989905791
9190,11201,10153,0,234,6,176,5,4.80134341389
9191,11201,10307,0,234,6,176,3,18.6034470622
9192,11201,10306,1,234,17,176,8,11.0131215093
9193,11201,10165,0,234,2,176,2,3.97385592532
9194,11201,10303,2,234,11,176,7,10.1773062176
9195,11201,11224,0,234,22,176,13,8.19143546541
9196,11201,10304,0,234,8,176,5,8.02917748813
9197,11201,10458,4,234,34,176,31,12.7849167894
9198,11201,11414,2,234,13,176,7,8.07884680332
9199,11201,11204,1,234,9,176,8,5.27265360466
9200,11201,11372,2,234,16,176,11,6.67565924899
9201,11201,11357,0,234,9,176,6,11.267487483
9202,11201,10044,0,234,9,176,8,5.06843552708
9203,11201,11229,3,234,27,176,14,7.0881379377
9204,11201,11236,2,234,15,176,9,5.8679912809
9205,11201,10302,3,234,5,176,5,8.95206136273
9206,11201,11422,1,234,11,176,8,13.5294984514
9207,11201,10312,0,234,4,176,2,14.3922464281
9208,11201,10310,0,234,27,176,6,7.94577069817
9209,11201,11429,1,234,8,176,6,13.163798503
9210,11201,10152,0,234,2,176,2,4.45810261416
9211,11201,11214,1,234,10,176,6,6.65458323552
9212,11201,11435,3,234,41,176,23,9.41741085835
9213,11201,10039,2,234,8,176,7,9.43474641015
9214,11201,10121,0,234,1,176,1,3.75347334632
9215,11201,11413,2,234,14,176,7,12.6040780296
9216,11201,10473,2,234,14,176,9,10.9055623423
9217,11201,10454,2,234,19,176,10,8.53928461535
9218,11201,11416,2,234,5,176,5,7.33550754116
9219,11201,10280,0,234,5,176,3,1.72706667274
9220,11201,11694,0,234,5,176,4,11.0814589076
9221,11201,11358,0,234,6,176,4,11.0838706543
9222,11201,11421,1,234,4,176,4,6.8759678623
9223,11201,11412,0,234,4,176,4,12.05842331
9224,11201,10174,0,234,2,176,2,3.95761660411
9225,11201,11417,1,234,3,176,3,7.70171790992
9226,11201,11427,2,234,5,176,4,12.8695485684
9227,11201,11411,0,234,4,176,2,13.3054058255
9228,11201,11374,3,234,10,176,9,7.03418575746
9229,11201,10096,0,234,2,176,2,5.9302191401
9230,11201,10006,1,234,19,176,18,1.54699510011
9231,11201,10037,2,234,15,176,10,8.60910995522
9232,11201,11370,1,234,8,176,4,6.97156497769
9233,11201,10475,3,234,15,176,11,15.2821321289
9234,11201,11225,1,234,17,176,13,2.86053708759
9235,11201,10282,0,234,10,176,9,2.01034621537
9236,11201,11426,2,234,12,176,5,14.2998959171
9237,11201,11378,3,234,18,176,7,4.95120045111
9238,11201,10107,0,234,1,176,1,4.92031723791
9239,11201,11251,0,234,4,176,3,4.16479854748
9240,11201,11436,2,234,6,176,3,10.2006205167
9241,11201,11360,2,234,10,176,5,12.4432789934
9242,11201,11356,0,234,2,176,2,9.84684005397
9243,11201,10474,2,234,8,176,7,9.72571136088
9244,11201,11697,0,234,1,176,1,10.2315555863
9245,11201,10172,0,234,2,176,2,4.22460239766
9246,11201,11691,0,234,4,176,3,13.7343640574
9247,11201,10470,1,234,6,176,4,15.6865988424
9248,11201,11366,0,234,7,176,5,10.4090066583
9249,11201,10041,0,234,2,176,2,1.22678040896
9250,11201,10278,0,234,1,176,1,1.61207952471
9251,11201,10106,0,234,4,176,1,4.84842422721
9252,11201,11428,0,234,2,176,2,13.1229537541
9253,11201,10286,0,234,1,176,1,1.77355239537
9254,11201,10279,0,234,1,176,1,1.59782852802
9255,11201,10103,0,234,1,176,1,4.56670081485
9256,11201,10196,0,234,1,176,1,5.9302191401
9257,11201,10154,0,234,1,176,1,4.41127546905
9258,11201,10119,1,234,2,176,2,3.83749741061
9259,11201,10464,0,234,5,176,4,15.3183390326
9260,11201,10166,0,234,2,176,2,4.14726054596
9261,11201,10203,0,234,1,176,1,5.9302191401
9262,11201,11359,0,234,2,176,2,13.0182593228
9263,11201,10177,0,234,1,176,1,4.19985913021
9264,11201,11040,0,234,1,176,1,16.6096450113
9265,11201,11364,0,234,2,176,2,12.5416887349
9266,11201,11692,0,234,2,176,2,12.3769600155
9267,11201,11423,0,234,1,176,1,11.6698500748
9268,11201,11415,0,234,2,176,2,8.40598947067
9269,11201,10175,0,234,2,176,1,4.10153701292
9270,11238,10012,0,109,445,64,357,3.67727992401
9271,11238,11222,0,109,110,64,71,3.30739554829
9272,11238,11231,0,109,65,64,44,2.1017388616
9273,11238,10019,2,109,637,64,440,6.02697421853
9274,11238,11102,0,109,35,64,30,6.5969475277
9275,11238,10003,3,109,493,64,400,3.87723074459
9276,11238,10020,1,109,143,64,116,5.49704391555
9277,11238,10018,2,109,339,64,256,5.41902719965
9278,11238,10001,2,109,670,64,468,5.18741086382
9279,11238,11365,0,109,21,64,9,9.82922323389
9280,11238,10007,5,109,1780,64,1042,3.34650707781
9281,11238,10022,2,109,228,64,164,5.44792455061
9282,11238,10013,1,109,745,64,406,3.58382504732
9283,11238,10472,0,109,23,64,8,11.4847260051
9284,11238,11226,0,109,195,64,123,2.43565297439
9285,11238,10027,3,109,141,64,83,9.1528801115
9286,11238,11210,1,109,34,64,20,3.71158615395
9287,11238,11693,0,109,6,64,6,9.44884139756
9288,11238,11432,1,109,49,64,36,9.19707064636
9289,11238,11103,0,109,35,64,26,6.32584968015
9290,11238,11237,0,109,64,64,53,2.75326089107
9291,11238,10010,2,109,218,64,181,4.18942760081
9292,11238,10014,2,109,397,64,286,4.38397544641
9293,11238,10009,0,109,135,64,91,3.34762189814
9294,11238,10036,1,109,826,64,656,5.66515904487
9295,11238,11216,3,109,60,64,49,0.752971510884
9296,11238,11418,1,109,15,64,11,6.88861818142
9297,11238,11109,0,109,5,64,5,5.2154236114
9298,11238,11371,0,109,71,64,65,7.83101818163
9299,11238,10460,0,109,42,64,22,11.904892872
9300,11238,10048,0,109,86,64,65,3.41622441368
9301,11238,10128,1,109,51,64,40,7.04998224223
9302,11238,11375,2,109,44,64,27,6.73486268641
9303,11238,10023,2,109,210,64,134,6.70609669175
9304,11238,11211,2,109,352,64,256,2.24695815383
9305,11238,10011,2,109,437,64,352,4.63972351106
9306,11238,10025,1,109,143,64,65,8.17211157842
9307,11238,10032,1,109,65,64,28,11.1325987443
9308,11238,11232,0,109,125,64,24,2.7730270947
9309,11238,11377,0,109,46,64,33,5.31642076524
9310,11238,11361,0,109,19,64,11,11.4416787794
9311,11238,11206,0,109,90,64,63,1.84842621219
9312,11238,11430,1,109,187,64,143,9.00449462669
9313,11238,10021,1,109,62,64,45,6.09220260557
9314,11238,11201,2,109,234,64,176,1.74038836652
9315,11238,11238,64,109,109,64,64,0.0
9316,11238,10016,1,109,162,64,110,4.62430630657
9317,11238,11218,0,109,26,64,19,2.55462318582
9318,11238,10301,0,109,45,64,32,7.68596514371
9319,11238,10452,0,109,54,64,34,11.1455512788
9320,11238,10314,1,109,51,64,30,10.863153446
9321,11238,10461,0,109,50,64,20,12.9899405145
9322,11238,11101,2,109,193,64,96,4.66481467505
9323,11238,10029,1,109,50,64,38,7.74022303256
9324,11238,10467,0,109,33,64,22,14.1295863484
9325,11238,11208,0,109,43,64,13,4.76084302054
9326,11238,10024,1,109,101,64,71,7.37047415396
9327,11238,10005,2,109,65,64,41,3.00448304611
9328,11238,10030,1,109,39,64,26,9.57516847681
9329,11238,10002,1,109,258,64,186,2.85084178809
9330,11238,11385,0,109,56,64,31,3.9888807679
9331,11238,11220,0,109,38,64,23,3.86522345462
9332,11238,11215,0,109,123,64,95,1.49137924577
9333,11238,10038,2,109,174,64,85,2.96771109731
9334,11238,11217,5,109,92,64,71,0.812769977526
9335,11238,10462,1,109,104,64,58,12.4397382023
9336,11238,10040,0,109,80,64,27,12.4498327723
9337,11238,10457,0,109,28,64,16,11.9756372962
9338,11238,10017,1,109,277,64,161,4.99537491458
9339,11238,11433,0,109,18,64,12,9.27314195702
9340,11238,10308,0,109,8,64,8,13.3087010506
9341,11238,10468,0,109,52,64,30,13.3228613381
9342,11238,10111,0,109,15,64,13,5.51527754341
9343,11238,10309,0,109,23,64,15,16.7689960709
9344,11238,10034,1,109,68,64,33,13.12990673
9345,11238,10028,1,109,89,64,53,6.68265103769
9346,11238,10035,0,109,65,64,32,8.57158720532
9347,11238,11228,0,109,10,64,8,5.030794221
9348,11238,11105,0,109,25,64,19,7.12142321295
9349,11238,11355,0,109,26,64,18,8.90927037339
9350,11238,11209,1,109,49,64,28,5.27005633265
9351,11238,11213,0,109,35,64,20,1.60136227578
9352,11238,11369,0,109,12,64,8,7.47858691414
9353,11238,10031,1,109,64,64,45,10.1041701334
9354,11238,11221,1,109,120,64,61,2.0496471971
9355,11238,11212,0,109,12,64,10,2.87068292708
9356,11238,11233,0,109,74,64,34,2.32146904548
9357,11238,11368,0,109,62,64,41,7.16063811412
9358,11238,11205,2,109,37,64,31,0.981245002959
9359,11238,10069,0,109,14,64,8,6.73954834439
9360,11238,11203,0,109,39,64,8,2.64734545284
9361,11238,10459,0,109,16,64,8,10.6643507339
9362,11238,11219,0,109,6,64,4,3.73781274248
9363,11238,11434,0,109,32,64,16,9.98106190643
9364,11238,11230,0,109,11,64,5,3.94451765054
9365,11238,11373,0,109,53,64,27,5.88182027068
9366,11238,11362,0,109,8,64,5,13.2327444994
9367,11238,10305,0,109,11,64,8,8.14103496158
9368,11238,11104,0,109,8,64,6,4.94031172609
9369,11238,10004,2,109,168,64,99,4.33372315801
9370,11238,10275,0,109,13,64,7,6.98430544028
9371,11238,10118,1,109,4,64,3,4.91389607042
9372,11238,10026,0,109,57,64,43,8.47721339988
9373,11238,11235,0,109,19,64,14,6.67950198996
9374,11238,10469,0,109,44,64,12,14.3426338194
9375,11238,10281,1,109,31,64,24,3.63813890192
9376,11238,11223,0,109,10,64,7,5.68133883277
9377,11238,11379,0,109,33,64,13,5.02767118481
9378,11238,10465,0,109,37,64,16,12.6033956013
9379,11238,10455,0,109,20,64,11,9.77738507884
9380,11238,10466,0,109,16,64,11,15.7581822923
9381,11238,11239,0,109,4,64,2,4.97947368116
9382,11238,11207,0,109,86,64,31,3.64625394182
9383,11238,11367,0,109,35,64,17,8.13025023257
9384,11238,11106,0,109,21,64,19,5.88023300026
9385,11238,10471,0,109,19,64,15,15.5394502438
9386,11238,11234,0,109,50,64,15,4.76377137306
9387,11238,10167,0,109,11,64,4,5.19645489868
9388,11238,10453,0,109,21,64,16,12.2185493334
9389,11238,10451,0,109,20,64,12,9.86077097722
9390,11238,10033,0,109,86,64,31,11.725019139
9391,11238,11354,0,109,38,64,25,9.42928217299
9392,11238,10463,1,109,36,64,16,14.1633329815
9393,11238,10169,1,109,4,64,4,5.17679108527
9394,11238,10456,0,109,21,64,12,10.7001824496
9395,11238,11420,0,109,8,64,7,7.79736698518
9396,11238,10153,0,109,6,64,5,5.79275683082
9397,11238,10307,0,109,6,64,3,18.9620993989
9398,11238,10306,2,109,17,64,8,11.1824213657
9399,11238,10165,0,109,2,64,2,5.05581367801
9400,11238,10303,0,109,11,64,7,11.0680906828
9401,11238,11224,0,109,22,64,13,7.30797579583
9402,11238,10304,0,109,8,64,5,8.3466222764
9403,11238,10458,1,109,34,64,31,13.2744481273
9404,11238,11414,0,109,13,64,7,6.45155985994
9405,11238,11204,0,109,9,64,8,4.38060916978
9406,11238,11372,0,109,16,64,11,6.34080404386
9407,11238,11357,0,109,9,64,6,10.797977105
9408,11238,10044,0,109,9,64,8,5.70374321919
9409,11238,11229,0,109,27,64,14,5.69356671253
9410,11238,11236,0,109,15,64,9,4.13139504304
9411,11238,10302,0,109,5,64,5,9.77786490913
9412,11238,11422,0,109,11,64,8,12.0103200325
9413,11238,10312,0,109,4,64,2,14.6863440649
9414,11238,10310,0,109,27,64,6,8.69335441642
9415,11238,11429,0,109,8,64,6,11.9059940449
9416,11238,10152,0,109,2,64,2,5.43803714468
9417,11238,11214,1,109,10,64,6,5.87050003795
9418,11238,11435,0,109,41,64,23,8.13778514041
9419,11238,10039,0,109,8,64,7,10.1651280437
9420,11238,10121,0,109,1,64,1,5.03633344635
9421,11238,11413,0,109,14,64,7,11.114761207
9422,11238,10473,0,109,14,64,9,10.9881943225
9423,11238,10454,0,109,19,64,10,9.01559771395
9424,11238,11416,0,109,5,64,5,5.90154542504
9425,11238,10280,0,109,5,64,3,3.45952509833
9426,11238,11694,0,109,5,64,4,9.37742014393
9427,11238,11358,0,109,6,64,4,10.3499992719
9428,11238,11421,0,109,4,64,4,5.52778976596
9429,11238,11412,0,109,4,64,4,10.7318063233
9430,11238,10174,0,109,2,64,2,4.97850032559
9431,11238,11417,0,109,3,64,3,6.19707361459
9432,11238,11427,0,109,5,64,4,11.7550748596
9433,11238,11411,0,109,4,64,2,11.9502184051
9434,11238,11374,0,109,10,64,9,6.16940283572
9435,11238,10096,0,109,2,64,2,6.98430544028
9436,11238,10006,1,109,19,64,18,3.28652435357
9437,11238,10037,0,109,15,64,10,9.29779301125
9438,11238,11370,0,109,8,64,4,6.85605967085
9439,11238,10475,0,109,15,64,11,15.4641049413
9440,11238,11225,0,109,17,64,13,1.25367294526
9441,11238,10282,0,109,10,64,9,3.73083181642
9442,11238,11426,0,109,12,64,5,13.180422849
9443,11238,11378,0,109,18,64,7,4.36792830561
9444,11238,10107,0,109,1,64,1,6.04711642999
9445,11238,11251,0,109,4,64,3,2.58786890008
9446,11238,11436,0,109,6,64,3,8.71462729488
9447,11238,11360,0,109,10,64,5,11.8167083165
9448,11238,11356,0,109,2,64,2,9.57957267278
9449,11238,10474,0,109,8,64,7,9.99028558776
9450,11238,11697,0,109,1,64,1,8.74617075788
9451,11238,10172,0,109,2,64,2,5.23665826902
9452,11238,11691,0,109,4,64,3,12.0151467558
9453,11238,10470,0,109,6,64,4,16.1245133166
9454,11238,11366,0,109,7,64,5,9.353395087
9455,11238,10041,0,109,2,64,2,2.95389147617
9456,11238,10278,0,109,1,64,1,3.27852835197
9457,11238,10106,0,109,4,64,1,5.9464153299
9458,11238,11428,0,109,2,64,2,11.942312957
9459,11238,10286,0,109,1,64,1,3.49889734928
9460,11238,10279,0,109,1,64,1,3.31590870565
9461,11238,10103,0,109,1,64,1,5.63075468769
9462,11238,10196,0,109,1,64,1,6.98430544028
9463,11238,10154,0,109,1,64,1,5.39732055965
9464,11238,10119,1,109,2,64,2,5.13024356762
9465,11238,10464,0,109,5,64,4,15.2263032046
9466,11238,10166,0,109,2,64,2,5.18682509732
9467,11238,10203,0,109,1,64,1,6.98430544028
9468,11238,11359,0,109,2,64,2,12.4731189024
9469,11238,10177,0,109,1,64,1,5.23729846588
9470,11238,11040,0,109,1,64,1,15.5086863975
9471,11238,11364,0,109,2,64,2,11.5884366265
9472,11238,11692,0,109,2,64,2,10.6380038081
9473,11238,11423,0,109,1,64,1,10.4737404638
9474,11238,11415,0,109,2,64,2,7.21701064333
9475,11238,10175,0,109,2,64,1,5.19638876422
9476,10016,10012,5,162,445,110,357,1.76997956799
9477,10016,11222,1,162,110,110,71,2.16849736151
9478,10016,11231,2,162,65,110,44,4.83040363774
9479,10016,10019,6,162,637,110,440,1.41190802778
9480,10016,11102,3,162,35,110,30,3.27500707031
9481,10016,10003,9,162,493,110,400,1.12731465276
9482,10016,10020,3,162,143,110,116,0.872785911132
9483,10016,10018,12,162,339,110,256,1.03180656334
9484,10016,10001,14,162,670,110,468,1.04258076998
9485,10016,11365,2,162,21,110,9,9.74807588092
9486,10016,10007,10,162,1780,110,1042,2.66827132992
9487,10016,10022,9,162,228,110,164,1.0367254706
9488,10016,10013,5,162,745,110,406,2.28229381104
9489,10016,10472,2,162,23,110,8,8.15744444892
9490,10016,11226,4,162,195,110,123,7.05967775293
9491,10016,10027,3,162,141,110,83,4.73835023123
9492,10016,11210,4,162,34,110,20,8.33046371889
9493,10016,11693,0,162,6,110,6,13.2196285823
9494,10016,11432,2,162,49,110,36,9.92614002199
9495,10016,11103,3,162,35,110,26,3.68565499372
9496,10016,11237,2,162,64,110,53,4.23018240769
9497,10016,10010,7,162,218,110,181,0.546576926233
9498,10016,10014,6,162,397,110,286,1.65639584555
9499,10016,10009,2,162,135,110,91,1.31820398184
9500,10016,10036,6,162,826,110,656,1.13283686689
9501,10016,11216,3,162,60,110,49,4.79356247029
9502,10016,11418,0,162,15,110,11,8.24212636462
9503,10016,11109,0,162,5,110,5,8.61720996072
9504,10016,11371,4,162,71,110,65,5.66707303634
9505,10016,10460,2,162,42,110,22,8.29236328628
9506,10016,10048,1,162,86,110,65,2.97465943513
9507,10016,10128,5,162,51,110,40,2.84773438632
9508,10016,11375,6,162,44,110,27,7.13929525699
9509,10016,10023,5,162,210,110,134,2.08286027627
9510,10016,11211,5,162,352,110,256,2.65174906943
9511,10016,10011,8,162,437,110,352,1.23500739452
9512,10016,10025,4,162,143,110,65,3.64446290644
9513,10016,10032,4,162,65,110,28,6.78972839252
9514,10016,11232,2,162,125,110,24,6.41299509884
9515,10016,11377,2,162,46,110,33,3.88084265507
9516,10016,11361,2,162,19,110,11,10.7512423836
9517,10016,11206,1,162,90,110,63,3.5309931765
9518,10016,11430,3,162,187,110,143,11.6123522993
9519,10016,10021,5,162,62,110,45,1.77873102728
9520,10016,11201,6,162,234,110,176,3.56314664422
9521,10016,11238,1,162,109,110,64,4.62430630657
9522,10016,10016,110,162,162,110,110,0.0
9523,10016,11218,3,162,26,110,19,7.0130685819
9524,10016,10301,2,162,45,110,32,9.99543952956
9525,10016,10452,2,162,54,110,34,7.01374878902
9526,10016,10314,5,162,51,110,30,13.0605823046
9527,10016,10461,1,162,50,110,20,9.89940779253
9528,10016,11101,4,162,193,110,96,2.02234097074
9529,10016,10029,3,162,50,110,38,3.55059771688
9530,10016,10467,3,162,33,110,22,10.3869445559
9531,10016,11208,0,162,43,110,13,7.49615240775
9532,10016,10024,1,162,101,110,71,2.77452335514
9533,10016,10005,3,162,65,110,41,3.21342884255
9534,10016,10030,1,162,39,110,26,5.27812499407
9535,10016,10002,1,162,258,110,186,2.07051151506
9536,10016,11385,1,162,56,110,31,5.35150218637
9537,10016,11220,2,162,38,110,23,7.50013787451
9538,10016,11215,4,162,123,110,95,5.44480957364
9539,10016,10038,5,162,174,110,85,2.86630557023
9540,10016,11217,4,162,92,110,71,4.42237332659
9541,10016,10462,5,162,104,110,58,9.09943358062
9542,10016,10040,2,162,80,110,27,8.17957659857
9543,10016,10457,2,162,28,110,16,8.0813116703
9544,10016,10017,6,162,277,110,161,0.496974578483
9545,10016,11433,2,162,18,110,12,10.5589393707
9546,10016,10308,0,162,8,110,8,16.2407993205
9547,10016,10468,3,162,52,110,30,9.30262472618
9548,10016,10111,0,162,15,110,13,0.900869776113
9549,10016,10309,3,162,23,110,15,19.3957706624
9550,10016,10034,2,162,68,110,33,8.90933530003
9551,10016,10028,3,162,89,110,53,2.44467702485
9552,10016,10035,3,162,65,110,32,4.5137622423
9553,10016,11228,1,162,10,110,8,9.05367779834
9554,10016,11105,1,162,25,110,19,4.1399820791
9555,10016,11355,2,162,26,110,18,8.30404801773
9556,10016,11209,4,162,49,110,28,8.90857388623
9557,10016,11213,1,162,35,110,20,5.6616404848
9558,10016,11369,2,162,12,110,8,5.73536167178
9559,10016,10031,1,162,64,110,45,5.72457527722
9560,10016,11221,0,162,120,110,61,4.64821866519
9561,10016,11212,1,162,12,110,10,6.70756593455
9562,10016,11233,0,162,74,110,34,5.69455720592
9563,10016,11368,3,162,62,110,41,6.2563300155
9564,10016,11205,1,162,37,110,31,3.64345635612
9565,10016,10069,0,162,14,110,8,2.13203724591
9566,10016,11203,0,162,39,110,8,7.0982199006
9567,10016,10459,1,162,16,110,8,7.0330481824
9568,10016,11219,0,162,6,110,4,7.90888905193
9569,10016,11434,2,162,32,110,16,11.8295592981
9570,10016,11230,0,162,11,110,5,8.52881706133
9571,10016,11373,2,162,53,110,27,5.27101444083
9572,10016,11362,1,162,8,110,5,12.8568664641
9573,10016,10305,0,162,11,110,8,11.3716597148
9574,10016,11104,1,162,8,110,6,3.0535312495
9575,10016,10004,3,162,168,110,99,4.65205509004
9576,10016,10275,0,162,13,110,7,2.3855939109
9577,10016,10118,1,162,4,110,3,0.504802086344
9578,10016,10026,0,162,57,110,43,4.09064284698
9579,10016,11235,1,162,19,110,14,11.2964013925
9580,10016,10469,0,162,44,110,12,10.8645574608
9581,10016,10281,2,162,31,110,24,2.92968466218
9582,10016,11223,0,162,10,110,7,10.2186776924
9583,10016,11379,3,162,33,110,13,5.56549061642
9584,10016,10465,3,162,37,110,16,10.0304905666
9585,10016,10455,0,162,20,110,11,6.02939264817
9586,10016,10466,0,162,16,110,11,12.1096564454
9587,10016,11239,0,162,4,110,2,8.63921185887
9588,10016,11207,2,162,86,110,31,6.79382205527
9589,10016,11367,2,162,35,110,17,8.28433392603
9590,10016,11106,0,162,21,110,19,2.65520505127
9591,10016,10471,2,162,19,110,15,11.3559589183
9592,10016,11234,2,162,50,110,15,9.28412362099
9593,10016,10167,1,162,11,110,4,0.614890949628
9594,10016,10453,1,162,21,110,16,8.13182915636
9595,10016,10451,3,162,20,110,12,5.84521937994
9596,10016,10033,3,162,86,110,31,7.42322968357
9597,10016,11354,2,162,38,110,25,8.14850325295
9598,10016,10463,4,162,36,110,16,10.0081603395
9599,10016,10169,1,162,4,110,4,0.577161065589
9600,10016,10456,2,162,21,110,12,6.80454525535
9601,10016,11420,0,162,8,110,7,9.93976455175
9602,10016,10153,0,162,6,110,5,1.23891129361
9603,10016,10307,0,162,6,110,3,21.5743040576
9604,10016,10306,1,162,17,110,8,14.2522801775
9605,10016,10165,0,162,2,110,2,0.431533405518
9606,10016,10303,2,162,11,110,7,12.613380061
9607,10016,11224,0,162,22,110,13,11.7255869136
9608,10016,10304,0,162,8,110,5,11.220416262
9609,10016,10458,4,162,34,110,31,9.37825962896
9610,10016,11414,2,162,13,110,7,9.30930575177
9611,10016,11204,1,162,9,110,8,8.78753196464
9612,10016,11372,2,162,16,110,11,4.90171163514
9613,10016,11357,0,162,9,110,6,9.21972863839
9614,10016,10044,0,162,9,110,8,1.85524045353
9615,10016,11229,3,162,27,110,14,10.3169005521
9616,10016,11236,2,162,15,110,9,8.2608064468
9617,10016,10302,2,162,5,110,5,11.5439807512
9618,10016,11422,0,162,11,110,8,13.9786341847
9619,10016,10312,0,162,4,110,2,17.4751404276
9620,10016,10310,0,162,27,110,6,10.6967165847
9621,10016,11429,1,162,8,110,6,12.785347023
9622,10016,10152,0,162,2,110,2,0.902708644124
9623,10016,11214,1,162,10,110,6,10.2025955382
9624,10016,11435,3,162,41,110,23,9.36262475404
9625,10016,10039,2,162,8,110,7,5.91469736136
9626,10016,10121,0,162,1,110,1,0.787446937601
9627,10016,11413,2,162,14,110,7,12.9839501322
9628,10016,10473,2,162,14,110,9,7.97800401884
9629,10016,10454,2,162,19,110,10,5.23098613941
9630,10016,11416,2,162,5,110,5,7.96809896502
9631,10016,10280,0,162,5,110,3,3.4045960747
9632,10016,11694,0,162,5,110,4,13.5658817902
9633,10016,11358,0,162,6,110,4,9.5736660772
9634,10016,11421,1,162,4,110,4,7.33499113435
9635,10016,11412,0,162,4,110,4,11.9390417133
9636,10016,10174,0,162,2,110,2,0.39879614486
9637,10016,11417,1,162,3,110,3,8.50920958861
9638,10016,11427,2,162,5,110,4,12.1231695135
9639,10016,11411,0,162,4,110,2,13.2064654554
9640,10016,11374,3,162,10,110,9,6.29760738984
9641,10016,10096,0,162,2,110,2,2.3855939109
9642,10016,10006,1,162,19,110,18,3.24241763239
9643,10016,10037,2,162,15,110,10,5.12127561286
9644,10016,11370,1,162,8,110,4,4.71415856589
9645,10016,10475,3,162,15,110,11,12.1263611443
9646,10016,11225,1,162,17,110,13,5.86724675606
9647,10016,10282,0,162,10,110,9,2.77915396055
9648,10016,11426,2,162,12,110,5,13.4971687588
9649,10016,11378,2,162,18,110,7,4.21536840794
9650,10016,10107,0,162,1,110,1,1.42300893478
9651,10016,11251,0,162,4,110,3,7.18133491058
9652,10016,11436,2,162,6,110,3,10.7121425048
9653,10016,11360,2,162,10,110,5,10.6294565418
9654,10016,11356,0,162,2,110,2,7.53116931983
9655,10016,10474,1,162,8,110,7,6.61048589618
9656,10016,11697,0,162,1,110,1,13.3329986259
9657,10016,10172,0,162,2,110,2,0.663217516776
9658,10016,11691,0,162,4,110,3,15.2593480473
9659,10016,10470,1,162,6,110,4,12.2927870583
9660,10016,11366,1,162,7,110,5,9.68185565745
9661,10016,10041,0,162,2,110,2,3.43091265992
9662,10016,10278,0,162,1,110,1,2.5163213945
9663,10016,10106,0,162,4,110,1,1.323861264
9664,10016,11428,0,162,2,110,2,12.5353591212
9665,10016,10286,0,162,1,110,1,2.84652636021
9666,10016,10279,0,162,1,110,1,2.80478198477
9667,10016,10103,1,162,1,110,1,1.01684691729
9668,10016,10196,0,162,1,110,1,2.3855939109
9669,10016,10154,0,162,1,110,1,0.854577464114
9670,10016,10119,1,162,2,110,2,0.864489562841
9671,10016,10464,0,162,5,110,4,12.5000629148
9672,10016,10166,0,162,2,110,2,0.584702058125
9673,10016,10203,0,162,1,110,1,2.3855939109
9674,10016,11359,0,162,2,110,2,11.0184517628
9675,10016,10177,0,162,1,110,1,0.637289554872
9676,10016,11040,0,162,1,110,1,15.6744040982
9677,10016,11364,0,162,2,110,2,11.4221131896
9678,10016,11692,0,162,2,110,2,14.2531310345
9679,10016,11423,0,162,1,110,1,11.2076900348
9680,10016,11415,0,162,2,110,2,8.22141500739
9681,10016,10175,0,162,2,110,1,0.5723253564
9682,11218,10012,3,26,445,19,357,5.73910453242
9683,11218,11222,1,26,110,19,71,5.86199276988
9684,11218,11231,2,26,65,19,44,2.74530424357
9685,11218,10019,3,26,637,19,440,8.37578256698
9686,11218,11102,2,26,35,19,30,9.15086532984
9687,11218,10003,1,26,493,19,400,6.10987966981
9688,11218,10020,1,26,143,19,116,7.87739884557
9689,11218,10018,3,26,339,19,256,7.68277319278
9690,11218,10001,3,26,670,19,468,7.40661230807
9691,11218,11365,2,26,21,19,9,11.6494142204
9692,11218,10007,4,26,1780,19,1042,5.11484112319
9693,11218,10022,2,26,228,19,164,7.91118115599
9694,11218,10013,0,26,745,19,406,5.47303077125
9695,11218,10472,2,26,23,19,8,14.0109042342
9696,11218,11226,3,26,195,19,123,1.07434835747
9697,11218,10027,2,26,141,19,83,11.6522688875
9698,11218,11210,3,26,34,19,20,1.96762854288
9699,11218,11693,0,26,6,19,6,8.84340978293
9700,11218,11432,0,26,49,19,36,10.7322812021
9701,11218,11103,2,26,35,19,26,8.85604912399
9702,11218,11237,2,26,64,19,53,5.0124870948
9703,11218,10010,3,26,218,19,181,6.52648749537
9704,11218,10014,3,26,397,19,286,6.41002167815
9705,11218,10009,0,26,135,19,91,5.69724061331
9706,11218,10036,3,26,826,19,656,7.96758496759
9707,11218,11216,3,26,60,19,49,2.87016859132
9708,11218,11418,0,26,15,19,11,8.35116542475
9709,11218,11109,0,26,5,19,5,5.54743442121
9710,11218,11371,2,26,71,19,65,10.2700234556
9711,11218,10460,2,26,42,19,22,14.4507329657
9712,11218,10048,0,26,86,19,65,5.03544568771
9713,11218,10128,3,26,51,19,40,9.57145911662
9714,11218,11375,3,26,44,19,27,8.61478329288
9715,11218,10023,3,26,210,19,134,9.08426293794
9716,11218,11211,2,26,352,19,256,4.7973950102
9717,11218,10011,3,26,437,19,352,6.775907833
9718,11218,10025,1,26,143,19,65,10.63088344
9719,11218,10032,2,26,65,19,28,13.6537134128
9720,11218,11232,2,26,125,19,24,1.66708976607
9721,11218,11377,2,26,46,19,33,7.77140496391
9722,11218,11361,2,26,19,19,11,13.3997435055
9723,11218,11206,0,26,90,19,63,4.35003867193
9724,11218,11430,2,26,187,19,143,9.48385856445
9725,11218,10021,2,26,62,19,45,8.58582683041
9726,11218,11201,3,26,234,19,176,3.56795353382
9727,11218,11238,0,26,109,19,64,2.55462318582
9728,11218,10016,3,26,162,19,110,7.0130685819
9729,11218,11218,19,26,26,19,19,0.0
9730,11218,10301,2,26,45,19,32,6.28415523618
9731,11218,10452,2,26,54,19,34,13.6920250085
9732,11218,10314,3,26,51,19,30,9.27710709112
9733,11218,10461,1,26,50,19,20,15.4797653316
9734,11218,11101,3,26,193,19,96,7.21933205249
9735,11218,10029,2,26,50,19,38,10.2688307414
9736,11218,10467,3,26,33,19,22,16.6783046937
9737,11218,11208,0,26,43,19,13,5.7728459856
9738,11218,10024,0,26,101,19,71,9.78712201884
9739,11218,10005,2,26,65,19,41,4.57465199849
9740,11218,10030,1,26,39,19,26,12.0991834464
9741,11218,10002,0,26,258,19,186,5.03537632681
9742,11218,11385,1,26,56,19,31,5.94671218591
9743,11218,11220,2,26,38,19,23,2.10239525625
9744,11218,11215,4,26,123,19,95,1.66319403979
9745,11218,10038,3,26,174,19,85,4.7234810396
9746,11218,11217,1,26,92,19,71,2.59206726605
9747,11218,10462,3,26,104,19,58,14.9621848706
9748,11218,10040,2,26,80,19,27,14.9851165897
9749,11218,10457,2,26,28,19,16,14.530236558
9750,11218,10017,2,26,277,19,161,7.42756705714
9751,11218,11433,2,26,18,19,12,10.5385879975
9752,11218,10308,0,26,8,19,8,11.2295159972
9753,11218,10468,2,26,52,19,30,15.876708845
9754,11218,10111,0,26,15,19,13,7.91393483171
9755,11218,10309,3,26,23,19,15,14.7749035238
9756,11218,10034,1,26,68,19,33,15.6720153319
9757,11218,10028,2,26,89,19,53,9.1956691972
9758,11218,10035,2,26,65,19,32,11.1162435367
9759,11218,11228,1,26,10,19,8,2.64501894238
9760,11218,11105,0,26,25,19,19,9.65930395436
9761,11218,11355,2,26,26,19,18,10.9540563939
9762,11218,11209,3,26,49,19,28,3.1749924128
9763,11218,11213,0,26,35,19,20,2.83519555628
9764,11218,11369,2,26,12,19,8,9.86375156799
9765,11218,10031,1,26,64,19,45,12.6150461253
9766,11218,11221,0,26,120,19,61,4.14265475758
9767,11218,11212,0,26,12,19,10,3.51114294025
9768,11218,11233,0,26,74,19,34,3.75253642402
9769,11218,11368,2,26,62,19,41,9.3915918666
9770,11218,11205,0,26,37,19,31,3.47223148621
9771,11218,10069,0,26,14,19,8,9.06636183829
9772,11218,11203,0,26,39,19,8,2.27657302455
9773,11218,10459,1,26,16,19,8,13.2141122885
9774,11218,11219,0,26,6,19,4,1.35665272626
9775,11218,11434,2,26,32,19,16,10.8833951972
9776,11218,11230,0,26,11,19,5,1.60926296227
9777,11218,11373,2,26,53,19,27,8.14427148932
9778,11218,11362,1,26,8,19,5,15.0197403059
9779,11218,10305,0,26,11,19,8,6.08335456161
9780,11218,11104,1,26,8,19,6,7.46247376015
9781,11218,10004,2,26,168,19,99,5.09676668189
9782,11218,10275,0,26,13,19,7,9.39826013695
9783,11218,10118,0,26,4,19,3,7.22812309399
9784,11218,10026,0,26,57,19,43,10.9799099101
9785,11218,11235,1,26,19,19,14,4.40516699488
9786,11218,10469,0,26,44,19,12,16.8710871829
9787,11218,10281,0,26,31,19,24,5.25260542824
9788,11218,11223,0,26,10,19,7,3.20812018286
9789,11218,11379,3,26,33,19,13,7.08012708607
9790,11218,10465,3,26,37,19,16,15.0146010389
9791,11218,10455,0,26,20,19,11,12.3316158894
9792,11218,10466,0,26,16,19,11,18.2982241734
9793,11218,11239,0,26,4,19,2,5.08634772085
9794,11218,11207,2,26,86,19,31,4.66209407106
9795,11218,11367,2,26,35,19,17,9.97510457218
9796,11218,11106,0,26,21,19,19,8.43485147429
9797,11218,10471,2,26,19,19,15,18.0873305039
9798,11218,11234,1,26,50,19,15,3.37335996358
9799,11218,10167,0,26,11,19,4,7.61180229213
9800,11218,10453,1,26,21,19,16,14.7692540927
9801,11218,10451,3,26,20,19,12,12.4113516273
9802,11218,10033,3,26,86,19,31,14.2544149473
9803,11218,11354,2,26,38,19,25,11.6355119639
9804,11218,10463,3,26,36,19,16,16.7120684515
9805,11218,10169,0,26,4,19,4,7.58409123161
9806,11218,10456,2,26,21,19,12,13.2546778365
9807,11218,11420,0,26,8,19,7,8.71370655725
9808,11218,10153,0,26,6,19,5,8.22615848937
9809,11218,10307,0,26,6,19,3,16.9444984424
9810,11218,10306,0,26,17,19,8,9.0873719324
9811,11218,10165,0,26,2,19,2,7.44017539662
9812,11218,10303,2,26,11,19,7,9.85546658951
9813,11218,11224,0,26,22,19,13,4.7622752969
9814,11218,10304,0,26,8,19,5,6.50397821853
9815,11218,10458,2,26,34,19,31,15.8287803709
9816,11218,11414,2,26,13,19,7,7.03914152336
9817,11218,11204,1,26,9,19,8,1.8262720322
9818,11218,11372,2,26,16,19,11,8.73159956973
9819,11218,11357,0,26,9,19,6,13.0315909477
9820,11218,10044,0,26,9,19,8,8.23710330093
9821,11218,11229,3,26,27,19,14,3.62084716584
9822,11218,11236,1,26,15,19,9,3.81183931021
9823,11218,10302,2,26,5,19,5,8.52384730978
9824,11218,11422,0,26,11,19,8,12.7157440351
9825,11218,10312,0,26,4,19,2,12.6498234106
9826,11218,10310,0,26,27,19,6,7.38580200603
9827,11218,11429,1,26,8,19,6,13.2130297857
9828,11218,10152,0,26,2,19,2,7.87273665276
9829,11218,11214,0,26,10,19,6,3.31744347492
9830,11218,11435,2,26,41,19,23,9.5297297687
9831,11218,10039,2,26,8,19,7,12.6976640911
9832,11218,10121,0,26,1,19,1,7.29944480977
9833,11218,11413,2,26,14,19,7,11.9306939841
9834,11218,10473,2,26,14,19,9,13.4841094623
9835,11218,10454,2,26,19,19,10,11.5701812754
9836,11218,11416,2,26,5,19,5,7.12299359125
9837,11218,10280,0,26,5,19,3,4.86622191119
9838,11218,11694,0,26,5,19,4,8.23935602167
9839,11218,11358,0,26,6,19,4,12.3779837342
9840,11218,11421,1,26,4,19,4,6.95971425066
9841,11218,11412,0,26,4,19,4,11.938838285
9842,11218,10174,0,26,2,19,2,7.39051480752
9843,11218,11417,1,26,3,19,3,7.21749669651
9844,11218,11427,2,26,5,19,4,13.3014930437
9845,11218,11411,0,26,4,19,2,13.0653844449
9846,11218,11374,3,26,10,19,9,8.20326156435
9847,11218,10096,0,26,2,19,2,9.39826013695
9848,11218,10006,0,26,19,19,18,4.79416080809
9849,11218,10037,2,26,15,19,10,11.8356468945
9850,11218,11370,1,26,8,19,4,9.32432509804
9851,11218,10475,3,26,15,19,11,17.9731020311
9852,11218,11225,1,26,17,19,13,1.67427098169
9853,11218,10282,0,26,10,19,9,5.40174619181
9854,11218,11426,2,26,12,19,5,14.6908000017
9855,11218,11378,2,26,18,19,7,6.70269715301
9856,11218,10107,0,26,1,19,1,8.41730513023
9857,11218,11251,0,26,4,19,3,1.62545146592
9858,11218,11436,2,26,6,19,3,9.62920318674
9859,11218,11360,2,26,10,19,5,13.9157904986
9860,11218,11356,0,26,2,19,2,11.9491329453
9861,11218,10474,1,26,8,19,7,12.5288330278
9862,11218,11697,0,26,1,19,1,6.80692697645
9863,11218,10172,0,26,2,19,2,7.65562542176
9864,11218,11691,0,26,4,19,3,11.7816258056
9865,11218,10470,1,26,6,19,4,18.6754048991
9866,11218,11366,0,26,7,19,5,11.0459030464
9867,11218,10041,0,26,2,19,2,4.4165075309
9868,11218,10278,0,26,1,19,1,5.1263390238
9869,11218,10106,0,26,4,19,1,8.33127336782
9870,11218,11428,0,26,2,19,2,13.3812949007
9871,11218,10286,0,26,1,19,1,5.1654780517
9872,11218,10279,0,26,1,19,1,5.02831369535
9873,11218,10103,0,26,1,19,1,8.02991493742
9874,11218,10196,0,26,1,19,1,9.39826013695
9875,11218,10154,0,26,1,19,1,7.82908083758
9876,11218,10119,0,26,2,19,2,7.38675700044
9877,11218,10464,0,26,5,19,4,17.6393289826
9878,11218,10166,0,26,2,19,2,7.59293644742
9879,11218,10203,0,26,1,19,1,9.39826013695
9880,11218,11359,0,26,2,19,2,14.6301189046
9881,11218,10177,0,26,1,19,1,7.64495299874
9882,11218,11040,0,26,1,19,1,17.0108339177
9883,11218,11364,0,26,2,19,2,13.3565654714
9884,11218,11692,0,26,2,19,2,10.1254365251
9885,11218,11423,0,26,1,19,1,11.9245172748
9886,11218,11415,0,26,2,19,2,8.80437696804
9887,11218,10175,0,26,2,19,1,7.57585989712
9888,10301,10012,2,45,445,32,357,8.22546383145
9889,10301,11222,1,45,110,32,71,10.1778009511
9890,10301,11231,2,45,65,32,44,5.81299811908
9891,10301,10019,2,45,637,32,440,10.8634826236
9892,10301,11102,2,45,35,32,30,13.1182460344
9893,10301,10003,0,45,493,32,400,8.87234759931
9894,10301,10020,0,45,143,32,116,10.6094739591
9895,10301,10018,2,45,339,32,256,10.0262889954
9896,10301,10001,2,45,670,32,468,9.68334428709
9897,10301,11365,2,45,21,32,9,17.514174438
9898,10301,10007,4,45,1780,32,1042,7.32990724265
9899,10301,10022,2,45,228,32,164,11.026019792
9900,10301,10013,0,45,745,32,406,7.71438253282
9901,10301,10472,2,45,23,32,8,18.1226078883
9902,10301,11226,2,45,195,32,123,7.35438807204
9903,10301,10027,2,45,141,32,83,14.4671630689
9904,10301,11210,2,45,34,32,20,7.82695667541
9905,10301,11693,0,45,6,32,6,14.6345709826
9906,10301,11432,0,45,49,32,36,16.8078705422
9907,10301,11103,2,45,35,32,26,13.2185236291
9908,10301,11237,2,45,64,32,53,10.4090658317
9909,10301,10010,2,45,218,32,181,9.46259218574
9910,10301,10014,2,45,397,32,286,8.50367050987
9911,10301,10009,0,45,135,32,91,8.9547025543
9912,10301,10036,3,45,826,32,656,10.3728046971
9913,10301,11216,2,45,60,32,49,8.37765353416
9914,10301,11418,0,45,15,32,11,14.4491657603
9915,10301,11109,0,45,5,32,5,11.8272172137
9916,10301,11371,2,45,71,32,65,15.0418868
9917,10301,10460,2,45,42,32,22,18.287801759
9918,10301,10048,1,45,86,32,65,7.02079081678
9919,10301,10128,2,45,51,32,40,12.8226086274
9920,10301,11375,2,45,44,32,27,14.4200252675
9921,10301,10023,2,45,210,32,134,11.5515845232
9922,10301,11211,2,45,352,32,256,9.21144860484
9923,10301,10011,2,45,437,32,352,9.01649744003
9924,10301,10025,0,45,143,32,65,13.2764699421
9925,10301,10032,2,45,65,32,28,16.4956675318
9926,10301,11232,3,45,125,32,24,5.00918500312
9927,10301,11377,2,45,46,32,33,12.6070394407
9928,10301,11361,2,45,19,32,11,19.1139865737
9929,10301,11206,0,45,90,32,63,9.32872979647
9930,10301,11430,2,45,187,32,143,15.7507335075
9931,10301,10021,2,45,62,32,45,11.7612204582
9932,10301,11201,3,45,234,32,176,7.05613136611
9933,10301,11238,0,45,109,32,64,7.68596514371
9934,10301,10016,2,45,162,32,110,9.99543952956
9935,10301,11218,2,45,26,32,19,6.28415523618
9936,10301,10301,32,45,45,32,32,0.0
9937,10301,10452,2,45,54,32,34,16.8950766263
9938,10301,10314,3,45,51,32,30,3.19656527073
9939,10301,10461,1,45,50,32,20,19.823888299
9940,10301,11101,2,45,193,32,96,11.309368602
9941,10301,10029,3,45,50,32,38,13.5075930606
9942,10301,10467,2,45,33,32,22,20.3645253323
9943,10301,11208,0,45,43,32,13,11.9949296439
9944,10301,10024,0,45,101,32,71,12.3170273859
9945,10301,10005,2,45,65,32,41,6.82185666322
9946,10301,10030,1,45,39,32,26,15.1018825214
9947,10301,10002,0,45,258,32,186,8.14881680049
9948,10301,11385,1,45,56,32,31,11.6727138624
9949,10301,11220,2,45,38,32,23,4.18402388111
9950,10301,11215,3,45,123,32,95,6.22307317743
9951,10301,10038,2,45,174,32,85,7.18241829816
9952,10301,11217,0,45,92,32,71,7.03746164987
9953,10301,10462,2,45,104,32,58,19.0739257279
9954,10301,10040,2,45,80,32,27,17.9135675995
9955,10301,10457,2,45,28,32,16,18.0427565177
9956,10301,10017,3,45,277,32,161,10.4912665315
9957,10301,11433,2,45,18,32,12,16.73742438
9958,10301,10308,0,45,8,32,8,6.29888029094
9959,10301,10468,2,45,52,32,30,19.198302913
9960,10301,10111,0,45,15,32,13,10.7159984286
9961,10301,10309,3,45,23,32,15,9.41110721872
9962,10301,10034,1,45,68,32,33,18.6707027563
9963,10301,10028,2,45,89,32,53,12.4228181823
9964,10301,10035,2,45,65,32,32,14.4851092824
9965,10301,11228,1,45,10,32,8,4.45406070563
9966,10301,11105,0,45,25,32,19,13.8855644138
9967,10301,11355,2,45,26,32,18,16.5659880204
9968,10301,11209,2,45,49,32,28,3.45790415693
9969,10301,11213,0,45,35,32,20,8.81861724152
9970,10301,11369,2,45,12,32,8,14.8311311972
9971,10301,10031,1,45,64,32,45,15.4383860742
9972,10301,11221,0,45,120,32,61,9.73212407378
9973,10301,11212,0,45,12,32,10,9.74365392869
9974,10301,11233,0,45,74,32,34,9.74697199456
9975,10301,11368,2,45,62,32,41,14.7276516407
9976,10301,11205,0,45,37,32,31,8.03294757925
9977,10301,10069,0,45,14,32,8,11.3156873592
9978,10301,11203,0,45,39,32,8,8.56072168347
9979,10301,10459,1,45,16,32,8,17.0277797203
9980,10301,11219,0,45,6,32,4,5.15352701722
9981,10301,11434,2,45,32,32,16,17.1616107938
9982,10301,11230,0,45,11,32,5,6.86384616655
9983,10301,11373,2,45,53,32,27,13.4485518109
9984,10301,11362,1,45,8,32,5,20.9177890316
9985,10301,10305,0,45,11,32,8,2.47723469045
9986,10301,11104,0,45,8,32,6,12.0031012542
9987,10301,10004,2,45,168,32,99,5.42750158676
9988,10301,10275,0,45,13,32,7,11.9794035478
9989,10301,10118,0,45,4,32,3,9.87498500483
9990,10301,10026,0,45,57,32,43,13.8952668123
9991,10301,11235,1,45,19,32,14,8.27075943241
9992,10301,10469,0,45,44,32,12,20.8591635035
9993,10301,10281,0,45,31,32,24,7.07671511826
9994,10301,11223,0,45,10,32,7,6.82338454641
9995,10301,11379,2,45,33,32,13,12.706824684
9996,10301,10465,3,45,37,32,16,19.7542460366
9997,10301,10455,0,45,20,32,11,16.0247122952
9998,10301,10466,0,45,16,32,11,22.0948943306
9999,10301,11239,0,45,4,32,2,11.349605608
10000,10301,11207,2,45,86,32,31,10.8555350953
10001,10301,11367,2,45,35,32,17,15.8151054691
10002,10301,11106,0,45,21,32,19,12.4058574558
10003,10301,10471,2,45,19,32,15,21.0927634524
10004,10301,11234,0,45,50,32,15,9.12627961754
10005,10301,10167,0,45,11,32,4,10.5565460396
10006,10301,10453,1,45,21,32,16,18.0132008493
10007,10301,10451,2,45,20,32,12,15.8033888801
10008,10301,10033,2,45,86,32,31,17.1504552496
10009,10301,11354,2,45,38,32,25,16.9827514163
10010,10301,10463,2,45,36,32,16,19.8002613291
10011,10301,10169,0,45,4,32,4,10.4998281362
10012,10301,10456,2,45,21,32,12,16.7795904431
10013,10301,11420,0,45,8,32,7,14.9833467637
10014,10301,10153,0,45,6,32,5,11.1233179574
10015,10301,10307,0,45,6,32,3,11.5990677155
10016,10301,10306,1,45,17,32,8,4.47871168887
10017,10301,10165,0,45,2,32,2,10.2943726652
10018,10301,10303,2,45,11,32,7,3.5820373099
10019,10301,11224,0,45,22,32,13,6.60414137848
10020,10301,10304,0,45,8,32,5,1.66568982304
10021,10301,10458,2,45,34,32,31,19.3248541577
10022,10301,11414,2,45,13,32,7,13.3232507887
10023,10301,11204,0,45,9,32,8,5.82921947097
10024,10301,11372,1,45,16,32,11,13.7243227997
10025,10301,11357,0,45,9,32,6,18.3057240242
10026,10301,10044,0,45,9,32,8,11.7927935958
10027,10301,11229,2,45,27,32,14,8.35916140008
10028,10301,11236,1,45,15,32,9,10.0424342768
10029,10301,10302,2,45,5,32,5,2.2519869074
10030,10301,11422,0,45,11,32,8,18.9963713068
10031,10301,10312,0,45,4,32,2,7.48409217052
10032,10301,10310,1,45,27,32,6,1.11418949518
10033,10301,11429,1,45,8,32,6,19.4090213754
10034,10301,10152,0,45,2,32,2,10.8494789845
10035,10301,11214,0,45,10,32,6,5.63772075591
10036,10301,11435,2,45,41,32,23,15.6714323959
10037,10301,10039,2,45,8,32,7,15.7498824106
10038,10301,10121,0,45,1,32,1,9.7513249853
10039,10301,11413,2,45,14,32,7,18.2146550303
10040,10301,10473,2,45,14,32,9,17.852978396
10041,10301,10454,2,45,19,32,10,15.2264246396
10042,10301,11416,2,45,5,32,5,13.3067285978
10043,10301,10280,0,45,5,32,3,6.59100610529
10044,10301,11694,0,45,5,32,4,13.5439994225
10045,10301,11358,0,45,6,32,4,18.0052535076
10046,10301,11421,1,45,4,32,4,13.0560206698
10047,10301,11412,0,45,4,32,4,18.1633663709
10048,10301,10174,0,45,2,32,2,10.3728255182
10049,10301,11417,0,45,3,32,3,13.4579378115
10050,10301,11427,2,45,5,32,4,19.3808053046
10051,10301,11411,0,45,4,32,2,19.3174740483
10052,10301,11374,2,45,10,32,9,13.845234496
10053,10301,10096,0,45,2,32,2,11.9794035478
10054,10301,10006,0,45,19,32,18,6.75724914997
10055,10301,10037,2,45,15,32,10,15.0326105012
10056,10301,11370,0,45,8,32,4,14.0201179873
10057,10301,10475,2,45,15,32,11,22.1131512134
10058,10301,11225,1,45,17,32,13,7.62599149002
10059,10301,10282,0,45,10,32,9,7.2379041136
10060,10301,11426,2,45,12,32,5,20.7955774921
10061,10301,11378,2,45,18,32,7,11.9122404121
10062,10301,10107,0,45,1,32,1,10.9851875592
10063,10301,11251,0,45,4,32,3,7.9008198818
10064,10301,11436,2,45,6,32,3,15.9027727508
10065,10301,11360,2,45,10,32,5,19.4290410414
10066,10301,11356,0,45,2,32,2,16.9024877916
10067,10301,10474,1,45,8,32,7,16.5700528532
10068,10301,11697,0,45,1,32,1,10.9323206142
10069,10301,10172,0,45,2,32,2,10.6065878604
10070,10301,11691,0,45,4,32,3,17.7348910028
10071,10301,10470,1,45,6,32,4,22.2342355244
10072,10301,11366,0,45,7,32,5,17.0177032859
10073,10301,10041,0,45,2,32,2,6.61570889969
10074,10301,10278,0,45,1,32,1,7.48950627448
10075,10301,10106,0,45,4,32,1,10.981117183
10076,10301,11428,0,45,2,32,2,19.520374464
10077,10301,10286,0,45,1,32,1,7.15006820812
10078,10301,10279,0,45,1,32,1,7.19415364859
10079,10301,10103,0,45,1,32,1,10.8083281693
10080,10301,10196,0,45,1,32,1,11.9794035478
10081,10301,10154,0,45,1,32,1,10.8010526399
10082,10301,10119,0,45,2,32,2,9.79083628062
10083,10301,10464,0,45,5,32,4,22.3217343332
10084,10301,10166,0,45,2,32,2,10.50142348
10085,10301,10203,0,45,1,32,1,11.9794035478
10086,10301,11359,0,45,2,32,2,20.0385201922
10087,10301,10177,0,45,1,32,1,10.5480078739
10088,10301,11040,0,45,1,32,1,23.1257112132
10089,10301,11364,0,45,2,32,2,19.2707594456
10090,10301,11692,0,45,2,32,2,15.9307540723
10091,10301,11423,0,45,1,32,1,18.0519099973
10092,10301,11415,0,45,2,32,2,14.8365568744
10093,10301,10175,0,45,2,32,1,10.3765063177
10094,10452,10012,2,54,445,34,357,8.74401232639
10095,10452,11222,2,54,110,34,71,7.85416287106
10096,10452,11231,2,54,65,34,44,11.8116584616
10097,10452,10019,4,54,637,34,440,6.0330888993
10098,10452,11102,2,54,35,34,30,4.65643240666
10099,10452,10003,0,54,493,34,400,8.12957609818
10100,10452,10020,0,54,143,34,116,6.30483797391
10101,10452,10018,2,54,339,34,256,6.86924169934
10102,10452,10001,2,54,670,34,468,7.21192832484
10103,10452,11365,3,54,21,34,9,9.69799646154
10104,10452,10007,6,54,1780,34,1042,9.64469005207
10105,10452,10022,3,54,228,34,164,5.98591550314
10106,10452,10013,0,54,745,34,406,9.23601714444
10107,10452,10472,2,54,23,34,8,2.88233665564
10108,10452,11226,2,54,195,34,123,13.4643944468
10109,10452,10027,2,54,141,34,83,2.48344789162
10110,10452,11210,2,54,34,34,20,14.5964556548
10111,10452,11693,0,54,6,34,6,17.5311782987
10112,10452,11432,1,54,49,34,36,10.9445320244
10113,10452,11103,2,54,35,34,26,5.26310089817
10114,10452,11237,2,54,64,34,53,9.34316495305
10115,10452,10010,2,54,218,34,181,7.56025224562
10116,10452,10014,2,54,397,34,286,8.39446134444
10117,10452,10009,0,54,135,34,91,8.25085919759
10118,10452,10036,7,54,826,34,656,6.52312070687
10119,10452,11216,2,54,60,34,49,11.0105711336
10120,10452,11418,0,54,15,34,11,10.7386743993
10121,10452,11109,0,54,5,34,5,13.2089491634
10122,10452,11371,2,54,71,34,65,5.22530376594
10123,10452,10460,3,54,42,34,22,2.20523888445
10124,10452,10048,0,54,86,34,65,9.93170317257
10125,10452,10128,3,54,51,34,40,4.18950994402
10126,10452,11375,2,54,44,34,27,9.09087222948
10127,10452,10023,3,54,210,34,134,5.36207836945
10128,10452,11211,2,54,352,34,256,8.8986266315
10129,10452,10011,2,54,437,34,352,7.88159599233
10130,10452,10025,1,54,143,34,65,3.66990132455
10131,10452,10032,2,54,65,34,28,1.01506310148
10132,10452,11232,3,54,125,34,24,13.3561402441
10133,10452,11377,3,54,46,34,33,6.6870471244
10134,10452,11361,2,54,19,34,11,9.36796513352
10135,10452,11206,0,54,90,34,63,9.47327542992
10136,10452,11430,2,54,187,34,143,14.5904836134
10137,10452,10021,2,54,62,34,45,5.24798623871
10138,10452,11201,3,54,234,34,176,10.4998964797
10139,10452,11238,0,54,109,34,64,11.1455512788
10140,10452,10016,2,54,162,34,110,7.01374878902
10141,10452,11218,2,54,26,34,19,13.6920250085
10142,10452,10301,2,54,45,34,32,16.8950766263
10143,10452,10452,34,54,54,34,34,0.0
10144,10452,10314,3,54,51,34,30,19.8487075422
10145,10452,10461,1,54,50,34,20,4.4192458016
10146,10452,11101,5,54,193,34,96,6.50461890771
10147,10452,10029,3,54,50,34,38,3.47787034785
10148,10452,10467,3,54,33,34,22,3.61277378483
10149,10452,11208,0,54,43,34,13,11.7547542537
10150,10452,10024,0,54,101,34,71,4.6143243407
10151,10452,10005,2,54,65,34,41,10.2149265353
10152,10452,10030,1,54,39,34,26,1.80295848697
10153,10452,10002,0,54,258,34,186,9.05705326953
10154,10452,11385,1,54,56,34,31,9.48900394539
10155,10452,11220,2,54,38,34,23,14.4704243118
10156,10452,11215,3,54,123,34,95,12.2732482958
10157,10452,10038,2,54,174,34,85,9.87476177768
10158,10452,11217,0,54,92,34,71,11.1948553511
10159,10452,10462,2,54,104,34,58,3.34761650474
10160,10452,10040,2,54,80,34,27,1.41492555257
10161,10452,10457,3,54,28,34,16,1.36055190177
10162,10452,10017,4,54,277,34,161,6.52410699437
10163,10452,11433,2,54,18,34,12,12.1016341334
10164,10452,10308,0,54,8,34,8,23.1828785729
10165,10452,10468,3,54,52,34,30,2.30331520877
10166,10452,10111,0,54,15,34,13,6.20834049009
10167,10452,10309,2,54,23,34,15,26.2252700873
10168,10452,10034,2,54,68,34,33,1.99853006186
10169,10452,10028,2,54,89,34,53,4.5888004767
10170,10452,10035,3,54,65,34,32,2.57667375526
10171,10452,11228,1,54,10,34,8,15.9663819319
10172,10452,11105,1,54,25,34,19,4.48237700316
10173,10452,11355,2,54,26,34,18,8.19091480799
10174,10452,11209,2,54,49,34,28,15.8967453412
10175,10452,11213,0,54,35,34,20,11.5970420495
10176,10452,11369,2,54,12,34,8,5.89996767409
10177,10452,10031,1,54,64,34,45,1.63432053572
10178,10452,11221,0,54,120,34,61,10.1808792659
10179,10452,11212,0,54,12,34,10,12.1919767424
10180,10452,11233,0,54,74,34,34,11.1668777425
10181,10452,11368,2,54,62,34,41,7.15793150067
10182,10452,11205,0,54,37,34,31,10.2244420728
10183,10452,10069,0,54,14,34,8,5.641882372
10184,10452,11203,0,54,39,34,8,13.100872371
10185,10452,10459,1,54,16,34,8,1.77912501324
10186,10452,11219,0,54,6,34,4,14.7546361136
10187,10452,11434,3,54,32,34,16,13.7654857517
10188,10452,11230,0,54,11,34,5,15.0491673893
10189,10452,11373,3,54,53,34,27,7.45574042981
10190,10452,11362,1,54,8,34,5,11.3184390031
10191,10452,10305,0,54,11,34,8,18.3815899908
10192,10452,11104,0,54,8,34,6,6.55348885466
10193,10452,10004,3,54,168,34,99,11.4696235714
10194,10452,10275,0,54,13,34,7,4.92765216737
10195,10452,10118,0,54,4,34,3,7.04701784504
10196,10452,10026,0,54,57,34,43,3.00220378353
10197,10452,11235,2,54,19,34,14,17.6522403453
10198,10452,10469,1,54,44,34,12,4.43778124113
10199,10452,10281,0,54,31,34,24,9.84556056491
10200,10452,11223,0,54,10,34,7,16.8080032621
10201,10452,11379,2,54,33,34,13,8.76431477592
10202,10452,10465,3,54,37,34,16,5.56672987743
10203,10452,10455,1,54,20,34,11,1.77419832483
10204,10452,10466,0,54,16,34,11,5.34280146578
10205,10452,11239,1,54,4,34,2,13.5016693983
10206,10452,11207,2,54,86,34,31,11.6770276129
10207,10452,11367,2,54,35,34,17,9.26024563803
10208,10452,11106,0,54,21,34,19,5.31642991092
10209,10452,10471,3,54,19,34,15,4.39593261226
10210,10452,11234,1,54,50,34,15,15.1932834593
10211,10452,10167,0,54,11,34,4,6.41205438709
10212,10452,10453,1,54,21,34,16,1.12051479966
10213,10452,10451,2,54,20,34,12,1.3121750651
10214,10452,10033,4,54,86,34,31,0.956716474622
10215,10452,11354,2,54,38,34,25,7.06562181793
10216,10452,10463,3,54,36,34,16,3.02350616986
10217,10452,10169,0,54,4,34,4,6.46208393782
10218,10452,10456,2,54,21,34,12,0.955617633106
10219,10452,11420,0,54,8,34,7,12.753219972
10220,10452,10153,0,54,6,34,5,5.80972885417
10221,10452,10307,0,54,6,34,3,28.3781164027
10222,10452,10306,0,54,17,34,8,21.2328974922
10223,10452,10165,0,54,2,34,2,6.65837306653
10224,10452,10303,2,54,11,34,7,19.1658315165
10225,10452,11224,0,54,22,34,13,18.452542387
10226,10452,10304,0,54,8,34,5,18.1983623838
10227,10452,10458,4,54,34,34,31,2.48265187998
10228,10452,11414,2,54,13,34,7,13.1327124923
10229,10452,11204,0,54,9,34,8,15.5163714759
10230,10452,11372,1,54,16,34,11,6.43035986971
10231,10452,11357,0,54,9,34,6,7.01479580074
10232,10452,10044,0,54,9,34,8,5.46774780183
10233,10452,11229,2,54,27,34,14,16.5548729239
10234,10452,11236,1,54,15,34,9,13.7127952317
10235,10452,10302,3,54,5,34,5,18.2308307421
10236,10452,11422,1,54,11,34,8,15.6312312011
10237,10452,10312,0,54,4,34,2,24.3722382256
10238,10452,10310,0,54,27,34,6,17.4951496524
10239,10452,11429,1,54,8,34,6,13.1463295294
10240,10452,10152,0,54,2,34,2,6.11715565465
10241,10452,11214,0,54,10,34,6,16.9906789147
10242,10452,11435,3,54,41,34,23,11.2422207394
10243,10452,10039,2,54,8,34,7,1.16192389708
10244,10452,10121,0,54,1,34,1,7.14890790717
10245,10452,11413,2,54,14,34,7,14.6902584759
10246,10452,10473,2,54,14,34,9,3.60487557695
10247,10452,10454,2,54,19,34,10,2.28392875851
10248,10452,11416,2,54,5,34,5,11.372566977
10249,10452,10280,0,54,5,34,3,10.3505656741
10250,10452,11694,0,54,5,34,4,18.5211932841
10251,10452,11358,0,54,6,34,4,8.54053129981
10252,10452,11421,1,54,4,34,4,10.7430460102
10253,10452,11412,0,54,4,34,4,12.9772950093
10254,10452,10174,0,54,2,34,2,6.61706858375
10255,10452,11417,0,54,3,34,3,11.975109892
10256,10452,11427,2,54,5,34,4,11.9136965085
10257,10452,11411,0,54,4,34,2,14.0082955539
10258,10452,11374,2,54,10,34,9,8.48809104743
10259,10452,10096,0,54,2,34,2,4.92765216737
10260,10452,10006,0,54,19,34,18,10.2147093241
10261,10452,10037,2,54,15,34,10,1.89393968015
10262,10452,11370,0,54,8,34,4,5.48553253378
10263,10452,10475,2,54,15,34,11,5.77253960051
10264,10452,11225,1,54,17,34,13,12.2554288445
10265,10452,10282,0,54,10,34,9,9.67723012446
10266,10452,11426,2,54,12,34,5,12.8621553225
10267,10452,11378,3,54,18,34,7,7.97785416874
10268,10452,10107,0,54,1,34,1,5.9098949222
10269,10452,11251,0,54,4,34,3,13.4150454064
10270,10452,11436,2,54,6,34,3,13.1279258592
10271,10452,11360,2,54,10,34,5,8.4776560457
10272,10452,11356,0,54,2,34,2,5.52573025387
10273,10452,10474,1,54,8,34,7,2.5357580969
10274,10452,11697,0,54,1,34,1,19.2353993092
10275,10452,10172,0,54,2,34,2,6.36185329504
10276,10452,11691,0,54,4,34,3,18.5560174497
10277,10452,10470,1,54,6,34,4,5.35290643791
10278,10452,11366,0,54,7,34,5,10.2456577192
10279,10452,10041,0,54,2,34,2,10.4342475104
10280,10452,10278,0,54,1,34,1,9.50732002921
10281,10452,10106,0,54,4,34,1,5.91645663555
10282,10452,11428,0,54,2,34,2,12.5445301498
10283,10452,10286,0,54,1,34,1,9.7922189976
10284,10452,10279,0,54,1,34,1,9.78122017862
10285,10452,10103,0,54,1,34,1,6.1086156936
10286,10452,10196,0,54,1,34,1,4.92765216737
10287,10452,10154,0,54,1,34,1,6.16601268945
10288,10452,10119,0,54,2,34,2,7.10593610121
10289,10452,10464,0,54,5,34,4,7.09821273853
10290,10452,10166,0,54,2,34,2,6.45821457581
10291,10452,10203,0,54,1,34,1,4.92765216737
10292,10452,11359,0,54,2,34,2,8.26764298556
10293,10452,10177,0,54,1,34,1,6.4080494492
10294,10452,11040,0,54,1,34,1,14.3759483694
10295,10452,11364,0,54,2,34,2,10.6234773753
10296,10452,11692,0,54,2,34,2,18.2182404037
10297,10452,11423,0,54,1,34,1,11.7951259822
10298,10452,11415,0,54,2,34,2,10.3133896811
10299,10452,10175,0,54,2,34,1,6.55921032567
10300,10314,10012,5,51,445,30,357,11.2967497313
10301,10314,11222,2,51,110,30,71,13.3581607196
10302,10314,11231,2,51,65,30,44,9.00942155828
10303,10314,10019,7,51,637,30,440,13.8259803685
10304,10314,11102,3,51,35,30,30,16.2385611307
10305,10314,10003,4,51,493,30,400,11.9492086949
10306,10314,10020,2,51,143,30,116,13.6200058544
10307,10314,10018,6,51,339,30,256,12.9970592652
10308,10314,10001,9,51,670,30,468,12.6579546936
10309,10314,11365,3,51,21,30,9,20.6830438212
10310,10314,10007,10,51,1780,30,1042,10.4156895679
10311,10314,10022,5,51,228,30,164,14.0793059633
10312,10314,10013,2,51,745,30,406,10.7818128975
10313,10314,10472,2,51,23,30,8,21.2146440319
10314,10314,11226,7,51,195,30,123,10.323383685
10315,10314,10027,3,51,141,30,83,17.3888509519
10316,10314,11210,5,51,34,30,20,10.6009774911
10317,10314,11693,0,51,6,30,6,17.1232442829
10318,10314,11432,5,51,49,30,36,19.9308916906
10319,10314,11103,3,51,35,30,26,16.3759849053
10320,10314,11237,2,51,64,30,53,13.5966712141
10321,10314,10010,4,51,218,30,181,12.5390981856
10322,10314,10014,3,51,397,30,286,11.5077570578
10323,10314,10009,0,51,135,30,91,12.0809666848
10324,10314,10036,7,51,826,30,656,13.3398057814
10325,10314,11216,3,51,60,30,49,11.5415452384
10326,10314,11418,0,51,15,30,11,17.5606864452
10327,10314,11109,0,51,5,30,5,14.7540367407
10328,10314,11371,2,51,71,30,65,18.219666288
10329,10314,10460,4,51,42,30,22,21.3372269154
10330,10314,10048,0,51,86,30,65,10.0987533095
10331,10314,10128,5,51,51,30,40,15.8540478135
10332,10314,11375,8,51,44,30,27,17.5906306053
10333,10314,10023,5,51,210,30,134,14.486644925
10334,10314,11211,3,51,352,30,256,12.402950418
10335,10314,10011,5,51,437,30,352,12.0164201452
10336,10314,10025,4,51,143,30,65,16.1937233089
10337,10314,10032,4,51,65,30,28,19.3834874188
10338,10314,11232,4,51,125,30,24,8.14590722995
10339,10314,11377,2,51,46,30,33,15.7966846987
10340,10314,11361,3,51,19,30,11,22.3006764024
10341,10314,11206,0,51,90,30,63,12.524155431
10342,10314,11430,2,51,187,30,143,18.6229086796
10343,10314,10021,3,51,62,30,45,14.8047357747
10344,10314,11201,8,51,234,30,176,10.2438476393
10345,10314,11238,1,51,109,30,64,10.863153446
10346,10314,10016,5,51,162,30,110,13.0605823046
10347,10314,11218,3,51,26,30,19,9.27710709112
10348,10314,10301,3,51,45,30,32,3.19656527073
10349,10314,10452,3,51,54,30,34,19.8487075422
10350,10314,10314,30,51,51,30,30,0.0
10351,10314,10461,1,51,50,30,20,22.9374131937
10352,10314,11101,6,51,193,30,96,14.4631693345
10353,10314,10029,4,51,50,30,38,16.5235984493
10354,10314,10467,4,51,33,30,22,23.3705592322
10355,10314,11208,0,51,43,30,13,15.0443635991
10356,10314,10024,1,51,101,30,71,15.2392573435
10357,10314,10005,3,51,65,30,41,9.93983399339
10358,10314,10030,1,51,39,30,26,18.0467427657
10359,10314,10002,1,51,258,30,186,11.286695218
10360,10314,11385,1,51,56,30,31,14.8429870847
10361,10314,11220,2,51,38,30,23,7.22096275372
10362,10314,11215,5,51,123,30,95,9.38806079978
10363,10314,10038,5,51,174,30,85,10.3013779713
10364,10314,11217,3,51,92,30,71,10.229465787
10365,10314,10462,8,51,104,30,58,22.1594617192
10366,10314,10040,2,51,80,30,27,20.796790187
10367,10314,10457,3,51,28,30,16,21.0393481938
10368,10314,10017,4,51,277,30,161,13.5522472505
10369,10314,11433,2,51,18,30,12,19.8064723421
10370,10314,10308,1,51,8,30,8,3.80639460636
10371,10314,10468,2,51,52,30,30,22.1460443442
10372,10314,10111,0,51,15,30,13,13.733619172
10373,10314,10309,4,51,23,30,15,6.37934040302
10374,10314,10034,2,51,68,30,33,21.5582297845
10375,10314,10028,3,51,89,30,53,15.4590091006
10376,10314,10035,3,51,65,30,32,17.5046976198
10377,10314,11228,1,51,10,30,8,7.06003489994
10378,10314,11105,1,51,25,30,19,17.0250588213
10379,10314,11355,2,51,26,30,18,19.7565191624
10380,10314,11209,5,51,49,30,28,6.19134263591
10381,10314,11213,0,51,35,30,20,11.9307220808
10382,10314,11369,2,51,12,30,8,18.0200766785
10383,10314,10031,1,51,64,30,45,18.341898003
10384,10314,11221,0,51,120,30,61,12.9034572279
10385,10314,11212,0,51,12,30,10,12.7825167438
10386,10314,11233,0,51,74,30,34,12.8657253727
10387,10314,11368,2,51,62,30,41,17.9241149552
10388,10314,11205,2,51,37,30,31,11.229283106
10389,10314,10069,0,51,14,30,8,14.218719648
10390,10314,11203,0,51,39,30,8,11.533143566
10391,10314,10459,1,51,16,30,8,20.0851549792
10392,10314,11219,0,51,6,30,4,8.0305538649
10393,10314,11434,3,51,32,30,16,20.1390561594
10394,10314,11230,0,51,11,30,5,9.57926314347
10395,10314,11373,4,51,53,30,27,16.6448229753
10396,10314,11362,2,51,8,30,5,24.0858909153
10397,10314,10305,1,51,11,30,8,3.72108975339
10398,10314,11104,1,51,8,30,6,15.1816024757
10399,10314,10004,4,51,168,30,99,8.42164265777
10400,10314,10275,0,51,13,30,7,14.9212679151
10401,10314,10118,1,51,4,30,3,12.8986313318
10402,10314,10026,0,51,57,30,43,16.8481535691
10403,10314,11235,2,51,19,30,14,10.3706389272
10404,10314,10469,0,51,44,30,12,23.9139162868
10405,10314,10281,1,51,31,30,24,10.1309810483
10406,10314,11223,0,51,10,30,7,9.10760509134
10407,10314,11379,3,51,33,30,13,15.8894298402
10408,10314,10465,4,51,37,30,16,22.9134562131
10409,10314,10455,1,51,20,30,11,19.0742224997
10410,10314,10466,0,51,16,30,11,25.1082783972
10411,10314,11239,1,51,4,30,2,14.2447191735
10412,10314,11207,2,51,86,30,31,13.919260244
10413,10314,11367,2,51,35,30,17,18.9844190695
10414,10314,11106,0,51,21,30,19,15.5353102337
10415,10314,10471,2,51,19,30,15,23.9521299668
10416,10314,11234,3,51,50,30,15,11.7843667544
10417,10314,10167,0,51,11,30,4,13.5996144645
10418,10314,10453,1,51,21,30,16,20.9596800888
10419,10314,10451,3,51,20,30,12,18.8067883046
10420,10314,10033,5,51,86,30,31,20.0386152126
10421,10314,11354,4,51,38,30,25,20.1792521724
10422,10314,10463,5,51,36,30,16,22.6927588735
10423,10314,10169,1,51,4,30,4,13.5405793782
10424,10314,10456,2,51,21,30,12,19.7928744615
10425,10314,11420,0,51,8,30,7,17.9832604666
10426,10314,10153,0,51,6,30,5,14.1428332283
10427,10314,10307,0,51,6,30,3,8.53151938263
10428,10314,10306,2,51,17,30,8,2.92526476223
10429,10314,10165,0,51,2,30,2,13.3329778163
10430,10314,10303,2,51,11,30,7,1.83483769075
10431,10314,11224,0,51,22,30,13,8.32643715711
10432,10314,10304,0,51,8,30,5,2.90585656065
10433,10314,10458,4,51,34,30,31,22.3050361519
10434,10314,11414,3,51,13,30,7,16.2697793275
10435,10314,11204,1,51,9,30,8,8.47921988064
10436,10314,11372,2,51,16,30,11,16.916584211
10437,10314,11357,0,51,9,30,6,21.5007309161
10438,10314,10044,0,51,9,30,8,14.8856007818
10439,10314,11229,3,51,27,30,14,10.7372100995
10440,10314,11236,1,51,15,30,9,12.9148261931
10441,10314,10302,3,51,5,30,5,1.76124653468
10442,10314,11422,1,51,11,30,8,21.8980135617
10443,10314,10312,0,51,4,30,2,4.65993526103
10444,10314,10310,0,51,27,30,6,2.36442238531
10445,10314,11429,1,51,8,30,6,22.4814567317
10446,10314,10152,0,51,2,30,2,13.8884585725
10447,10314,11214,1,51,10,30,6,7.85359986931
10448,10314,11435,3,51,41,30,23,18.7687192165
10449,10314,10039,2,51,8,30,7,18.6926109181
10450,10314,10121,0,51,1,30,1,12.750730154
10451,10314,11413,2,51,14,30,7,21.1585234299
10452,10314,10473,2,51,14,30,9,20.9800812925
10453,10314,10454,2,51,19,30,10,18.2800222795
10454,10314,11416,3,51,5,30,5,16.3806528458
10455,10314,10280,0,51,5,30,3,9.66773811237
10456,10314,11694,0,51,5,30,4,15.8055365464
10457,10314,11358,0,51,6,30,4,21.1963789152
10458,10314,11421,1,51,4,30,4,16.1646976922
10459,10314,11412,0,51,4,30,4,21.2145527772
10460,10314,10174,0,51,2,30,2,13.4264947509
10461,10314,11417,1,51,3,30,3,16.4941940518
10462,10314,11427,2,51,5,30,4,22.5059524943
10463,10314,11411,1,51,4,30,2,22.3409033612
10464,10314,11374,3,51,10,30,9,17.0296407854
10465,10314,10096,0,51,2,30,2,14.9212679151
10466,10314,10006,1,51,19,30,18,9.84985772578
10467,10314,10037,2,51,15,30,10,18.0141087016
10468,10314,11370,1,51,8,30,4,17.1972043303
10469,10314,10475,3,51,15,30,11,25.1852474294
10470,10314,11225,1,51,17,30,13,10.724946747
10471,10314,10282,0,51,10,30,9,10.2826859154
10472,10314,11426,3,51,12,30,5,23.9132384743
10473,10314,11378,3,51,18,30,7,15.1084959271
10474,10314,10107,0,51,1,30,1,13.9569158891
10475,10314,11251,0,51,4,30,3,10.8545880762
10476,10314,11436,2,51,6,30,3,18.8938802445
10477,10314,11360,2,51,10,30,5,22.6248663817
10478,10314,11356,0,51,2,30,2,20.0859817344
10479,10314,10474,1,51,8,30,7,19.664456656
10480,10314,11697,0,51,1,30,1,12.8286949089
10481,10314,10172,0,51,2,30,2,13.6490286311
10482,10314,11691,0,51,4,30,3,20.2792037125
10483,10314,10470,1,51,6,30,4,25.2011080871
10484,10314,11366,1,51,7,30,5,20.1674575471
10485,10314,10041,0,51,2,30,2,9.74096561218
10486,10314,10278,0,51,1,30,1,10.5830448419
10487,10314,10106,0,51,4,30,1,13.9664626328
10488,10314,11428,0,51,2,30,2,22.6230695984
10489,10314,10286,0,51,1,30,1,10.2196231301
10490,10314,10279,0,51,1,30,1,10.2822169008
10491,10314,10103,0,51,1,30,1,13.8194616388
10492,10314,10196,0,51,1,30,1,14.9212679151
10493,10314,10154,0,51,1,30,1,13.8407487433
10494,10314,10119,1,51,2,30,2,12.7811774434
10495,10314,10464,0,51,5,30,4,25.4674323026
10496,10314,10166,0,51,2,30,2,13.5411138521
10497,10314,10203,0,51,1,30,1,14.9212679151
10498,10314,11359,0,51,2,30,2,23.2349867268
10499,10314,10177,0,51,1,30,1,13.5855094822
10500,10314,11040,0,51,1,30,1,26.241209507
10501,10314,11364,0,51,2,30,2,22.4344623173
10502,10314,11692,0,51,2,30,2,18.4022803773
10503,10314,11423,0,51,1,30,1,21.1581342327
10504,10314,11415,0,51,2,30,2,17.9681362092
10505,10314,10175,0,51,2,30,1,13.4048489431
10506,10461,10012,1,50,445,20,357,11.6484611479
10507,10461,11222,2,50,110,20,71,9.82251806349
10508,10461,11231,1,50,65,20,44,14.2338389388
10509,10461,10019,2,50,637,20,440,9.38725595012
10510,10461,11102,1,50,35,20,30,6.70572987104
10511,10461,10003,0,50,493,20,400,10.9950813852
10512,10461,10020,0,50,143,20,116,9.44871884991
10513,10461,10018,1,50,339,20,256,10.1456338307
10514,10461,10001,2,50,670,20,468,10.4593643489
10515,10461,11365,1,50,21,20,9,7.56832279555
10516,10461,10007,4,50,1780,20,1042,12.5223950145
10517,10461,10022,2,50,228,20,164,8.9087565957
10518,10461,10013,0,50,745,20,406,12.1635290262
10519,10461,10472,1,50,23,20,8,1.80552294326
10520,10461,11226,1,50,195,20,123,14.9648904823
10521,10461,10027,1,50,141,20,83,6.46818539089
10522,10461,11210,1,50,34,20,20,15.8672671409
10523,10461,11693,0,50,6,20,6,16.9991759318
10524,10461,11432,0,50,49,20,36,9.19322429053
10525,10461,11103,1,50,35,20,26,6.70624967623
10526,10461,11237,2,50,64,20,53,10.5416716159
10527,10461,10010,1,50,218,20,181,10.4075270954
10528,10461,10014,1,50,397,20,286,11.513979399
10529,10461,10009,0,50,135,20,91,10.8692032289
10530,10461,10036,2,50,826,20,656,9.83099118546
10531,10461,11216,1,50,60,20,49,12.6134407868
10532,10461,11418,0,50,15,20,11,9.96907901105
10533,10461,11109,0,50,5,20,5,13.3268915666
10534,10461,11371,1,50,71,20,65,5.25746599429
10535,10461,10460,1,50,42,20,22,2.21403574509
10536,10461,10048,0,50,86,20,65,12.8405764899
10537,10461,10128,1,50,51,20,40,7.2341224469
10538,10461,11375,1,50,44,20,27,8.45421247163
10539,10461,10023,1,50,210,20,134,8.87591912322
10540,10461,11211,1,50,352,20,256,10.8889858394
10541,10461,10011,1,50,437,20,352,11.0255151215
10542,10461,10025,0,50,143,20,65,7.46830722402
10543,10461,10032,1,50,65,20,28,5.41813845659
10544,10461,11232,1,50,125,20,24,15.5951088593
10545,10461,11377,1,50,46,20,33,7.71285219129
10546,10461,11361,1,50,19,20,11,6.4523054787
10547,10461,11206,0,50,90,20,63,11.1464957172
10548,10461,11430,1,50,187,20,143,13.4621914568
10549,10461,10021,1,50,62,20,45,8.21694873209
10550,10461,11201,1,50,234,20,176,12.9006567621
10551,10461,11238,0,50,109,20,64,12.9899405145
10552,10461,10016,1,50,162,20,110,9.89940779253
10553,10461,11218,1,50,26,20,19,15.4797653316
10554,10461,10301,1,50,45,20,32,19.823888299
10555,10461,10452,1,50,54,20,34,4.4192458016
10556,10461,10314,1,50,51,20,30,22.9374131937
10557,10461,10461,20,50,50,20,20,0.0
10558,10461,11101,2,50,193,20,96,8.56278722685
10559,10461,10029,2,50,50,20,38,6.65884937178
10560,10461,10467,2,50,33,20,22,2.60186332767
10561,10461,11208,0,50,43,20,13,11.8847710225
10562,10461,10024,0,50,101,20,71,8.26085703413
10563,10461,10005,1,50,65,20,41,13.0047762934
10564,10461,10030,1,50,39,20,26,5.77860102208
10565,10461,10002,0,50,258,20,186,11.6777655287
10566,10461,11385,1,50,56,20,31,10.0669190306
10567,10461,11220,1,50,38,20,23,16.7366305325
10568,10461,11215,1,50,123,20,95,14.3641367284
10569,10461,10038,1,50,174,20,85,12.6435329605
10570,10461,11217,0,50,92,20,71,13.2977845248
10571,10461,10462,1,50,104,20,58,1.0718315466
10572,10461,10040,1,50,80,20,27,4.85726888058
10573,10461,10457,1,50,28,20,16,3.17710387831
10574,10461,10017,2,50,277,20,161,9.4172463315
10575,10461,11433,1,50,18,20,12,10.44691098
10576,10461,10308,0,50,8,20,8,25.9730598417
10577,10461,10468,2,50,52,20,30,3.60425708288
10578,10461,10111,0,50,15,20,13,9.32178343841
10579,10461,10309,1,50,23,20,15,29.2340301984
10580,10461,10034,1,50,68,20,33,4.61365547892
10581,10461,10028,1,50,89,20,53,7.59998107333
10582,10461,10035,1,50,65,20,32,5.72942398937
10583,10461,11228,1,50,10,20,8,18.020410852
10584,10461,11105,0,50,25,20,19,5.96866331403
10585,10461,11355,1,50,26,20,18,6.52339637164
10586,10461,11209,1,50,49,20,28,18.1809454068
10587,10461,11213,0,50,35,20,20,12.9001227078
10588,10461,11369,1,50,12,20,8,5.77869535209
10589,10461,10031,1,50,64,20,45,5.91016224938
10590,10461,11221,0,50,120,20,61,11.4433573659
10591,10461,11212,0,50,12,20,10,13.0782787205
10592,10461,11233,0,50,74,20,34,12.2050225155
10593,10461,11368,2,50,62,20,41,6.69551310267
10594,10461,11205,0,50,37,20,31,12.2371296033
10595,10461,10069,0,50,14,20,8,9.24256607845
10596,10461,11203,0,50,39,20,8,14.2728282761
10597,10461,10459,1,50,16,20,8,3.12873666641
10598,10461,11219,0,50,6,20,4,16.7263095133
10599,10461,11434,1,50,32,20,16,12.0929439496
10600,10461,11230,0,50,11,20,5,16.5554843963
10601,10461,11373,1,50,53,20,27,7.66287485739
10602,10461,11362,1,50,8,20,5,7.95491246761
10603,10461,10305,0,50,11,20,8,20.9243613574
10604,10461,11104,0,50,8,20,6,8.05970535624
10605,10461,10004,1,50,168,20,99,14.5501071884
10606,10461,10275,0,50,13,20,7,8.45587295385
10607,10461,10118,0,50,4,20,3,10.1222751045
10608,10461,10026,0,50,57,20,43,6.70436990155
10609,10461,11235,1,50,19,20,14,18.8216785564
10610,10461,10469,0,50,44,20,12,1.83892465341
10611,10461,10281,0,50,31,20,24,12.8186356811
10612,10461,11223,0,50,10,20,7,18.2985640125
10613,10461,11379,1,50,33,20,13,9.01672272198
10614,10461,10465,1,50,37,20,16,1.60641622173
10615,10461,10455,1,50,20,20,11,4.10379863528
10616,10461,10466,0,50,16,20,11,3.34659416771
10617,10461,11239,0,50,4,20,2,13.7674626951
10618,10461,11207,1,50,86,20,31,12.2303150797
10619,10461,11367,1,50,35,20,17,7.93598077049
10620,10461,11106,0,50,21,20,19,7.42225408342
10621,10461,10471,1,50,19,20,15,5.25890144637
10622,10461,11234,0,50,50,20,15,16.0883332332
10623,10461,10167,0,50,11,20,4,9.39933868422
10624,10461,10453,1,50,21,20,16,3.93709159553
10625,10461,10451,2,50,20,20,12,4.68978757396
10626,10461,10033,1,50,86,20,31,5.0868507018
10627,10461,11354,1,50,38,20,25,5.2179790964
10628,10461,10463,1,50,36,20,16,4.48524914187
10629,10461,10169,0,50,4,20,4,9.46157674963
10630,10461,10456,1,50,21,20,12,3.79946743687
10631,10461,11420,0,50,8,20,7,11.7813720754
10632,10461,10153,0,50,6,20,5,8.92060082574
10633,10461,10307,0,50,6,20,3,31.4229296822
10634,10461,10306,0,50,17,20,8,23.9137508824
10635,10461,10165,0,50,2,20,2,9.66934906559
10636,10461,10303,1,50,11,20,7,22.5060747388
10637,10461,11224,0,50,22,20,13,20.0676393496
10638,10461,10304,0,50,8,20,5,20.9204062551
10639,10461,10458,1,50,34,20,31,3.03054609012
10640,10461,11414,1,50,13,20,7,12.7495224557
10641,10461,11204,0,50,9,20,8,17.2631107575
10642,10461,11372,1,50,16,20,11,6.84350071369
10643,10461,11357,0,50,9,20,6,4.31064083003
10644,10461,10044,0,50,9,20,8,8.05638572795
10645,10461,11229,1,50,27,20,14,17.6611760946
10646,10461,11236,1,50,15,20,9,14.3814233972
10647,10461,10302,1,50,5,20,5,21.442653552
10648,10461,11422,0,50,11,20,8,13.570534435
10649,10461,10312,0,50,4,20,2,27.2625349883
10650,10461,10310,0,50,27,20,6,20.5774607895
10651,10461,11429,1,50,8,20,6,10.6140945323
10652,10461,10152,0,50,2,20,2,9.12374240845
10653,10461,11214,0,50,10,20,6,18.7623512107
10654,10461,11435,1,50,41,20,23,9.96841104478
10655,10461,10039,1,50,8,20,7,5.31092171411
10656,10461,10121,0,50,1,20,1,10.3145599165
10657,10461,11413,1,50,14,20,7,12.7621845881
10658,10461,10473,1,50,14,20,9,2.00428599837
10659,10461,10454,1,50,19,20,10,4.82240440007
10660,10461,11416,1,50,5,20,5,11.032270624
10661,10461,10280,0,50,5,20,3,13.2711876081
10662,10461,11694,0,50,5,20,4,18.3901530298
10663,10461,11358,0,50,6,20,4,6.09848371178
10664,10461,11421,1,50,4,20,4,10.5444918204
10665,10461,11412,0,50,4,20,4,10.8704939289
10666,10461,10174,0,50,2,20,2,9.55224507139
10667,10461,11417,0,50,3,20,3,11.5550403621
10668,10461,11427,1,50,5,20,4,9.22427973582
10669,10461,11411,0,50,4,20,2,11.6247108738
10670,10461,11374,1,50,10,20,9,8.22711722784
10671,10461,10096,0,50,2,20,2,8.45587295385
10672,10461,10006,0,50,19,20,18,13.087569321
10673,10461,10037,1,50,15,20,10,5.52463944328
10674,10461,11370,0,50,8,20,4,6.15854809954
10675,10461,10475,1,50,15,20,11,2.54648268585
10676,10461,11225,1,50,17,20,13,13.8542344825
10677,10461,10282,0,50,10,20,9,12.6742751533
10678,10461,11426,1,50,12,20,5,9.80052219312
10679,10461,11378,1,50,18,20,7,8.8699363203
10680,10461,10107,0,50,1,20,1,9.23534175191
10681,10461,11251,0,50,4,20,3,14.7567499449
10682,10461,11436,1,50,6,20,3,11.8457610919
10683,10461,11360,1,50,10,20,5,5.28291253622
10684,10461,11356,0,50,2,20,2,3.9749520853
10685,10461,10474,1,50,8,20,7,3.30085250447
10686,10461,11697,0,50,1,20,1,19.8606647755
10687,10461,10172,0,50,2,20,2,9.35193333376
10688,10461,11691,0,50,4,20,3,17.2605689048
10689,10461,10470,1,50,6,20,4,4.15354799032
10690,10461,11366,0,50,7,20,5,8.37024699937
10691,10461,10041,0,50,2,20,2,13.2088309936
10692,10461,10278,0,50,1,20,1,12.3543818614
10693,10461,10106,0,50,4,20,1,9.18463680185
10694,10461,11428,0,50,2,20,2,9.88956917536
10695,10461,10286,0,50,1,20,1,12.7227517278
10696,10461,10279,0,50,1,20,1,12.6554747423
10697,10461,10103,0,50,1,20,1,9.25449782852
10698,10461,10196,0,50,1,20,1,8.45587295385
10699,10461,10154,0,50,1,20,1,9.16905825639
10700,10461,10119,0,50,2,20,2,10.3049928141
10701,10461,10464,0,50,5,20,4,2.75349112853
10702,10461,10166,0,50,2,20,2,9.46301443417
10703,10461,10203,0,50,1,20,1,8.45587295385
10704,10461,11359,0,50,2,20,2,4.728585304
10705,10461,10177,0,50,1,20,1,9.42360114296
10706,10461,11040,0,50,1,20,1,10.8336407317
10707,10461,11364,0,50,2,20,2,7.80399576542
10708,10461,11692,0,50,2,20,2,17.3928476429
10709,10461,11423,0,50,1,20,1,9.60600452602
10710,10461,11415,0,50,2,20,2,9.39585983575
10711,10461,10175,0,50,2,20,1,9.61846804788
10712,11101,10012,3,193,445,96,357,3.38620451011
10713,11101,11222,4,193,110,96,71,1.35757997611
10714,11101,11231,2,193,65,96,44,5.67341215447
10715,11101,10019,8,193,637,96,440,2.81731348311
10716,11101,11102,3,193,35,96,30,1.94420707579
10717,11101,10003,4,193,493,96,400,2.78352637941
10718,11101,10020,2,193,143,96,116,2.34793130602
10719,11101,10018,4,193,339,96,256,2.92795429979
10720,11101,10001,10,193,670,96,468,3.03831523982
10721,11101,11365,3,193,21,96,9,7.72632454808
10722,11101,10007,14,193,1780,96,1042,4.15307376371
10723,11101,10022,5,193,228,96,164,1.75721299389
10724,11101,10013,2,193,745,96,406,3.86906004557
10725,11101,10472,2,193,23,96,8,6.94077172754
10726,11101,11226,8,193,195,96,123,6.95996375587
10727,11101,10027,4,193,141,96,83,4.72001693602
10728,11101,11210,4,193,34,96,20,8.10756427419
10729,11101,11693,0,193,6,96,6,12.0044980769
10730,11101,11432,5,193,49,96,36,7.95184859428
10731,11101,11103,2,193,35,96,26,1.91385166663
10732,11101,11237,2,193,64,96,53,3.06642651302
10733,11101,10010,3,193,218,96,181,2.29744762733
10734,11101,10014,3,193,397,96,286,3.55349327343
10735,11101,10009,0,193,135,96,91,2.42879493121
10736,11101,10036,7,193,826,96,656,2.85512969588
10737,11101,11216,4,193,60,96,49,4.50700459502
10738,11101,11418,1,193,15,96,11,6.40957535778
10739,11101,11109,0,193,5,96,5,7.40945652788
10740,11101,11371,3,193,71,96,65,3.83035430978
10741,11101,10460,4,193,42,96,22,7.28040361452
10742,11101,10048,1,193,86,96,65,4.47551304258
10743,11101,10128,4,193,51,96,40,2.59124142547
10744,11101,11375,4,193,44,96,27,5.18531618095
10745,11101,10023,4,193,210,96,134,3.12744715319
10746,11101,11211,5,193,352,96,256,2.42917788873
10747,11101,10011,4,193,437,96,352,3.21789481039
10748,11101,10025,3,193,143,96,65,3.97202116586
10749,11101,10032,4,193,65,96,28,6.58038650632
10750,11101,11232,3,193,125,96,24,7.08233513688
10751,11101,11377,5,193,46,96,33,1.86041014055
10752,11101,11361,2,193,19,96,11,8.75285083997
10753,11101,11206,1,193,90,96,63,2.97335441634
10754,11101,11430,3,193,187,96,143,9.97622058574
10755,11101,10021,3,193,62,96,45,1.94797271811
10756,11101,11201,4,193,234,96,176,4.33820398833
10757,11101,11238,2,193,109,96,64,4.66481467505
10758,11101,10016,4,193,162,96,110,2.02234097074
10759,11101,11218,3,193,26,96,19,7.21933205249
10760,11101,10301,2,193,45,96,32,11.309368602
10761,11101,10452,5,193,54,96,34,6.50461890771
10762,11101,10314,6,193,51,96,30,14.4631693345
10763,11101,10461,2,193,50,96,20,8.56278722685
10764,11101,11101,96,193,193,96,96,0.0
10765,11101,10029,4,193,50,96,38,3.21022546687
10766,11101,10467,4,193,33,96,22,9.49000770647
10767,11101,11208,0,193,43,96,13,6.11337316821
10768,11101,10024,1,193,101,96,71,3.46418746483
10769,11101,10005,4,193,65,96,41,4.54718609857
10770,11101,10030,1,193,39,96,26,5.02950874505
10771,11101,10002,2,193,258,96,186,3.18485478001
10772,11101,11385,1,193,56,96,31,3.79413768863
10773,11101,11220,2,193,38,96,23,8.22306170116
10774,11101,11215,3,193,123,96,95,5.90030594366
10775,11101,10038,4,193,174,96,85,4.18909494003
10776,11101,11217,2,193,92,96,71,4.81560924801
10777,11101,10462,8,193,104,96,58,7.90220525404
10778,11101,10040,2,193,80,96,27,7.84192281352
10779,11101,10457,3,193,28,96,16,7.31181161954
10780,11101,10017,11,193,277,96,161,1.80667152583
10781,11101,11433,2,193,18,96,12,8.64825154854
10782,11101,10308,0,193,8,96,8,17.41281757
10783,11101,10468,4,193,52,96,30,8.65891778317
10784,11101,10111,0,193,15,96,13,2.24474401492
10785,11101,10309,2,193,23,96,15,20.7048369146
10786,11101,10034,2,193,68,96,33,8.49896169885
10787,11101,10028,3,193,89,96,53,2.308068591
10788,11101,10035,3,193,65,96,32,3.94737755326
10789,11101,11228,1,193,10,96,8,9.60657441132
10790,11101,11105,1,193,25,96,19,2.59430024349
10791,11101,11355,3,193,26,96,18,6.2859860321
10792,11101,11209,3,193,49,96,28,9.67018581977
10793,11101,11213,0,193,35,96,20,5.1394259379
10794,11101,11369,2,193,12,96,8,3.79508805304
10795,11101,10031,2,193,64,96,45,5.60283392834
10796,11101,11221,0,193,120,96,61,3.79257957891
10797,11101,11212,0,193,12,96,10,5.89519753847
10798,11101,11233,0,193,74,96,34,4.84102273014
10799,11101,11368,3,193,62,96,41,4.23629622982
10800,11101,11205,1,193,37,96,31,3.78693035228
10801,11101,10069,0,193,14,96,8,3.40671687793
10802,11101,11203,0,193,39,96,8,6.65120015393
10803,11101,10459,1,193,16,96,8,6.02600852109
10804,11101,11219,0,193,6,96,4,8.34944014368
10805,11101,11434,3,193,32,96,16,9.99727128531
10806,11101,11230,0,193,11,96,5,8.54532239824
10807,11101,11373,4,193,53,96,27,3.26624667252
10808,11101,11362,1,193,8,96,5,10.8470778204
10809,11101,10305,0,193,11,96,8,12.3676218204
10810,11101,11104,0,193,8,96,6,1.03308336884
10811,11101,10004,6,193,168,96,99,6.23386823826
10812,11101,10275,0,193,13,96,7,3.15729156345
10813,11101,10118,1,193,4,96,3,2.5000881063
10814,11101,10026,0,193,57,96,43,4.05241886971
10815,11101,11235,2,193,19,96,14,11.1616955858
10816,11101,10469,0,193,44,96,12,9.77327570341
10817,11101,10281,1,193,31,96,24,4.51168114987
10818,11101,11223,0,193,10,96,7,10.3058488636
10819,11101,11379,2,193,33,96,13,3.73510534301
10820,11101,10465,3,193,37,96,16,8.45042276765
10821,11101,10455,1,193,20,96,11,5.11685664683
10822,11101,10466,0,193,16,96,11,11.146225142
10823,11101,11239,1,193,4,96,2,7.55124059574
10824,11101,11207,2,193,86,96,31,5.65192501436
10825,11101,11367,4,193,35,96,17,6.28042575309
10826,11101,11106,0,193,21,96,19,1.21751066986
10827,11101,10471,3,193,19,96,15,10.8896221789
10828,11101,11234,2,193,50,96,15,8.79606106013
10829,11101,10167,0,193,11,96,4,1.99417054676
10830,11101,10453,1,193,21,96,16,7.56300316408
10831,11101,10451,2,193,20,96,12,5.20782082289
10832,11101,10033,3,193,86,96,31,7.13977817522
10833,11101,11354,3,193,38,96,25,6.1877032129
10834,11101,10463,4,193,36,96,16,9.51206784543
10835,11101,10169,1,193,4,96,4,2.04060272663
10836,11101,10456,3,193,21,96,12,6.03536792345
10837,11101,11420,0,193,8,96,7,8.22521180007
10838,11101,10153,0,193,6,96,5,2.17312965846
10839,11101,10307,0,193,6,96,3,22.8988182076
10840,11101,10306,2,193,17,96,8,15.3510562966
10841,11101,10165,0,193,2,96,2,2.14545072502
10842,11101,10303,2,193,11,96,7,14.1965319383
10843,11101,11224,0,193,22,96,13,11.9683057494
10844,11101,10304,0,193,8,96,5,12.3601135929
10845,11101,10458,4,193,34,96,31,8.6124127872
10846,11101,11414,2,193,13,96,7,7.84259265359
10847,11101,11204,0,193,9,96,8,9.04542073027
10848,11101,11372,1,193,16,96,11,2.89171578386
10849,11101,11357,0,193,9,96,6,7.32762547182
10850,11101,10044,0,193,9,96,8,1.27672033874
10851,11101,11229,3,193,27,96,14,10.0807326064
10852,11101,11236,1,193,15,96,9,7.46818852547
10853,11101,10302,3,193,5,96,5,13.0520169525
10854,11101,11422,1,193,11,96,8,12.1377311207
10855,11101,10312,0,193,4,96,2,18.7122175814
10856,11101,10310,0,193,27,96,6,12.1210241822
10857,11101,11429,2,193,8,96,6,10.7988816223
10858,11101,10152,0,193,2,96,2,1.96627881304
10859,11101,11214,1,193,10,96,6,10.5334727486
10860,11101,11435,3,193,41,96,23,7.46800737599
10861,11101,10039,2,193,8,96,7,5.5791696381
10862,11101,10121,0,193,1,96,1,2.78767346715
10863,11101,11413,2,193,14,96,7,11.1367468026
10864,11101,10473,2,193,14,96,9,6.56984560974
10865,11101,10454,2,193,19,96,10,4.3509044924
10866,11101,11416,2,193,5,96,5,6.32844247339
10867,11101,10280,0,193,5,96,3,4.88986794818
10868,11101,11694,0,193,5,96,4,12.6112846925
10869,11101,11358,0,193,6,96,4,7.57393494737
10870,11101,11421,1,193,4,96,4,5.66729609399
10871,11101,11412,0,193,4,96,4,9.99660753566
10872,11101,10174,0,193,2,96,2,1.94339180304
10873,11101,11417,0,193,3,96,3,6.90824611896
10874,11101,11427,2,193,5,96,4,10.1072199812
10875,11101,11411,0,193,4,96,2,11.2574451031
10876,11101,11374,2,193,10,96,9,4.33764186315
10877,11101,10096,0,193,2,96,2,3.15729156345
10878,11101,10006,1,193,19,96,18,4.68042090354
10879,11101,10037,2,193,15,96,10,4.69772400152
10880,11101,11370,0,193,8,96,4,2.82442540297
10881,11101,10475,2,193,15,96,11,10.9527930924
10882,11101,11225,1,193,17,96,13,5.75101863785
10883,11101,10282,0,193,10,96,9,4.40254591225
10884,11101,11426,2,193,12,96,5,11.4768717348
10885,11101,11378,3,193,18,96,7,2.40651178142
10886,11101,10107,0,193,1,96,1,2.7138883253
10887,11101,11251,0,193,4,96,3,6.92398628506
10888,11101,11436,2,193,6,96,3,8.93778973453
10889,11101,11360,2,193,10,96,5,8.68654123763
10890,11101,11356,0,193,2,96,2,5.72017704125
10891,11101,10474,1,193,8,96,7,5.40693656629
10892,11101,11697,0,193,1,96,1,12.8752206673
10893,11101,10172,0,193,2,96,2,1.98536358901
10894,11101,11691,0,193,4,96,3,13.7634034341
10895,11101,10470,1,193,6,96,4,11.4755346056
10896,11101,11366,1,193,7,96,5,7.67605637087
10897,11101,10041,0,193,2,96,2,4.73489436572
10898,11101,10278,0,193,1,96,1,3.97187400463
10899,11101,10106,0,193,4,96,1,2.56860181554
10900,11101,11428,0,193,2,96,2,10.5289235028
10901,11101,10286,0,193,1,96,1,4.38423260832
10902,11101,10279,0,193,1,96,1,4.27441243034
10903,11101,10103,0,193,1,96,1,2.30126459225
10904,11101,10196,0,193,1,96,1,3.15729156345
10905,11101,10154,0,193,1,96,1,1.96724351509
10906,11101,10119,1,193,2,96,2,2.84957904868
10907,11101,10464,0,193,5,96,4,11.0127196775
10908,11101,10166,0,193,2,96,2,2.05221809481
10909,11101,10203,0,193,1,96,1,3.15729156345
10910,11101,11359,0,193,2,96,2,9.12540120714
10911,11101,10177,0,193,1,96,1,2.06166051582
10912,11101,11040,0,193,1,96,1,13.652348427
10913,11101,11364,0,193,2,96,2,9.40110206815
10914,11101,11692,0,193,2,96,2,12.9360881857
10915,11101,11423,0,193,1,96,1,9.2201066304
10916,11101,11415,0,193,2,96,2,6.3229806479
10917,11101,10175,0,193,2,96,1,2.22415619878
10918,10029,10012,4,50,445,38,357,5.30285580331
10919,10029,11222,2,50,110,38,71,4.50478699031
10920,10029,11231,2,50,65,38,44,8.3338263789
10921,10029,10019,4,50,637,38,440,2.74888582931
10922,10029,11102,2,50,35,38,30,1.78618710748
10923,10029,10003,2,50,493,38,400,4.67446042374
10924,10029,10020,1,50,143,38,116,2.9039705227
10925,10029,10018,3,50,339,38,256,3.54660351015
10926,10029,10001,4,50,670,38,468,3.87807692338
10927,10029,11365,3,50,21,38,9,8.84111385692
10928,10029,10007,6,50,1780,38,1042,6.20548155134
10929,10029,10022,6,50,228,38,164,2.51624621517
10930,10029,10013,1,50,745,38,406,5.80504330878
10931,10029,10472,2,50,23,38,8,4.85808674256
10932,10029,11226,2,50,195,38,123,10.1101562776
10933,10029,10027,4,50,141,38,83,1.53309266006
10934,10029,11210,3,50,34,38,20,11.2915290759
10935,10029,11693,0,50,6,38,6,14.9708481319
10936,10029,11432,2,50,49,38,36,9.6228923896
10937,10029,11103,2,50,35,38,26,2.69061271693
10938,10029,11237,2,50,64,38,53,6.23713530212
10939,10029,10010,4,50,218,38,181,4.09665067422
10940,10029,10014,3,50,397,38,286,5.01660005215
10941,10029,10009,0,50,135,38,91,4.77308161257
10942,10029,10036,5,50,826,38,656,3.21447209647
10943,10029,11216,3,50,60,38,49,7.67336642003
10944,10029,11418,0,50,15,38,11,8.71093814517
10945,10029,11109,0,50,5,38,5,10.4446427502
10946,10029,11371,2,50,71,38,65,3.94322902292
10947,10029,10460,3,50,42,38,22,4.8326034897
10948,10029,10048,0,50,86,38,65,6.50211632183
10949,10029,10128,4,50,51,38,40,0.711678659697
10950,10029,11375,3,50,44,38,27,7.17848228023
10951,10029,10023,4,50,210,38,134,2.2200145742
10952,10029,11211,3,50,352,38,256,5.50362969787
10953,10029,10011,3,50,437,38,352,4.50718927175
10954,10029,10025,2,50,143,38,65,1.26596980094
10955,10029,10032,4,50,65,38,28,3.39525245031
10956,10029,11232,3,50,125,38,24,9.88078108627
10957,10029,11377,2,50,46,38,33,4.01882338825
10958,10029,11361,2,50,19,38,11,9.22399792686
10959,10029,11206,0,50,90,38,63,6.15950125003
10960,10029,11430,2,50,187,38,143,12.5231426769
10961,10029,10021,3,50,62,38,45,1.77476905904
10962,10029,11201,5,50,234,38,176,7.02311596311
10963,10029,11238,1,50,109,38,64,7.74022303256
10964,10029,10016,3,50,162,38,110,3.55059771688
10965,10029,11218,2,50,26,38,19,10.2688307414
10966,10029,10301,3,50,45,38,32,13.5075930606
10967,10029,10452,3,50,54,38,34,3.47787034785
10968,10029,10314,4,50,51,38,30,16.5235984493
10969,10029,10461,2,50,50,38,20,6.65884937178
10970,10029,11101,4,50,193,38,96,3.21022546687
10971,10029,10029,38,50,50,38,38,0.0
10972,10029,10467,4,50,33,38,22,6.85702685313
10973,10029,11208,0,50,43,38,13,9.06234807975
10974,10029,10024,2,50,101,38,71,1.68233890397
10975,10029,10005,3,50,65,38,41,6.76258114708
10976,10029,10030,1,50,39,38,26,1.83683298715
10977,10029,10002,1,50,258,38,186,5.58073172709
10978,10029,11385,1,50,56,38,31,6.70919478841
10979,10029,11220,2,50,38,38,23,10.9930451518
10980,10029,11215,3,50,123,38,95,8.8135219777
10981,10029,10038,3,50,174,38,85,6.41685164809
10982,10029,11217,2,50,92,38,71,7.74084543151
10983,10029,10462,4,50,104,38,58,5.74877701449
10984,10029,10040,2,50,80,38,27,4.71852107233
10985,10029,10457,4,50,28,38,16,4.53801118098
10986,10029,10017,5,50,277,38,161,3.05661098027
10987,10029,11433,2,50,18,38,12,10.5890929045
10988,10029,10308,0,50,8,38,8,19.7747026637
10989,10029,10468,2,50,52,38,30,5.7549995905
10990,10029,10111,0,50,15,38,13,2.79301474077
10991,10029,10309,2,50,23,38,15,22.8842116183
10992,10029,10034,3,50,68,38,33,5.41964147725
10993,10029,10028,3,50,89,38,53,1.11176172416
10994,10029,10035,6,50,65,38,32,0.981281590813
10995,10029,11228,1,50,10,38,8,12.4970925739
10996,10029,11105,1,50,25,38,19,2.29065997313
10997,10029,11355,2,50,26,38,18,7.2371394464
10998,10029,11209,3,50,49,38,28,12.4188800456
10999,10029,11213,0,50,35,38,20,8.34566401269
11000,10029,11369,2,50,12,38,8,4.41668663742
11001,10029,10031,2,50,64,38,45,2.39386485492
11002,10029,11221,0,50,120,38,61,6.99885014373
11003,10029,11212,0,50,12,38,10,9.08980871709
11004,10029,11233,0,50,74,38,34,8.0385146701
11005,10029,11368,2,50,62,38,41,5.51624226532
11006,10029,11205,1,50,37,38,31,6.79673132814
11007,10029,10069,0,50,14,38,8,2.59703902919
11008,10029,11203,0,50,39,38,8,9.8573074386
11009,10029,10459,1,50,16,38,8,3.60908037167
11010,10029,11219,0,50,6,38,4,11.2969050773
11011,10029,11434,3,50,32,38,16,12.1386996112
11012,10029,11230,0,50,11,38,5,11.6737930991
11013,10029,11373,3,50,53,38,27,5.22410907671
11014,10029,11362,1,50,8,38,5,11.3637108996
11015,10029,10305,0,50,11,38,8,14.9215964581
11016,10029,11104,0,50,8,38,6,3.57385458897
11017,10029,10004,4,50,168,38,99,8.10541462466
11018,10029,10275,0,50,13,38,7,1.81015400666
11019,10029,10118,1,50,4,38,3,3.63297964622
11020,10029,10026,1,50,57,38,43,0.908408834266
11021,10029,11235,2,50,19,38,14,14.3393290238
11022,10029,10469,0,50,44,38,12,7.40757208653
11023,10029,10281,1,50,31,38,24,6.43249338235
11024,10029,11223,0,50,10,38,7,13.4206099275
11025,10029,11379,2,50,33,38,13,6.27368746731
11026,10029,10465,3,50,37,38,16,7.12391628245
11027,10029,10455,2,50,20,38,11,2.59129934212
11028,10029,10466,0,50,16,38,11,8.58956172722
11029,10029,11239,1,50,4,38,2,10.6461053209
11030,10029,11207,2,50,86,38,31,8.75727840225
11031,10029,11367,2,50,35,38,17,7.83677854989
11032,10029,11106,0,50,21,38,19,2.1738278037
11033,10029,10471,2,50,19,38,15,7.85635290169
11034,10029,11234,1,50,50,38,15,12.0062602707
11035,10029,10167,0,50,11,38,4,2.96104930408
11036,10029,10453,1,50,21,38,16,4.59050675873
11037,10029,10451,4,50,20,38,12,2.29847457843
11038,10029,10033,4,50,86,38,31,3.98582191014
11039,10029,11354,2,50,38,38,25,6.54199984969
11040,10029,10463,4,50,36,38,16,6.49318994308
11041,10029,10169,1,50,4,38,4,3.01494576688
11042,10029,10456,2,50,21,38,12,3.27260727552
11043,10029,11420,0,50,8,38,7,10.6918029918
11044,10029,10153,0,50,6,38,5,2.38472361961
11045,10029,10307,0,50,6,38,3,25.0526362204
11046,10029,10306,1,50,17,38,8,17.7986273563
11047,10029,10165,0,50,2,38,2,3.21755966346
11048,10029,10303,2,50,11,38,7,15.9550255971
11049,10029,11224,0,50,22,38,13,15.0304380077
11050,10029,10304,0,50,8,38,5,14.7653575846
11051,10029,10458,4,50,34,38,31,5.83011002856
11052,10029,11414,2,50,13,38,7,10.6632054694
11053,10029,11204,0,50,9,38,8,12.0872452277
11054,10029,11372,1,50,16,38,11,4.30795137462
11055,10029,11357,0,50,9,38,6,7.17739118071
11056,10029,10044,0,50,9,38,8,2.03743016956
11057,10029,11229,2,50,27,38,14,13.273333271
11058,10029,11236,1,50,15,38,9,10.6555302011
11059,10029,10302,3,50,5,38,5,14.9528345019
11060,10029,11422,1,50,11,38,8,14.1958834813
11061,10029,10312,0,50,4,38,2,20.991684737
11062,10029,10310,0,50,27,38,6,14.1607444681
11063,10029,11429,1,50,8,38,6,12.2589506935
11064,10029,10152,0,50,2,38,2,2.66585434015
11065,10029,11214,1,50,10,38,6,13.5498795265
11066,10029,11435,3,50,41,38,23,9.52556558747
11067,10029,10039,2,50,8,38,7,2.42987099105
11068,10029,10121,0,50,1,38,1,3.77307902854
11069,10029,11413,2,50,14,38,7,13.2019416226
11070,10029,10473,2,50,14,38,9,4.91684594426
11071,10029,10454,2,50,19,38,10,1.83656049374
11072,10029,11416,2,50,5,38,5,8.99599567512
11073,10029,10280,0,50,5,38,3,6.92726342726
11074,10029,11694,0,50,5,38,4,15.718715575
11075,10029,11358,0,50,6,38,4,8.13637744423
11076,10029,11421,1,50,4,38,4,8.32900546126
11077,10029,11412,0,50,4,38,4,11.7469152145
11078,10029,10174,0,50,2,38,2,3.15783512459
11079,10029,11417,0,50,3,38,3,9.60340498959
11080,10029,11427,2,50,5,38,4,11.2676003744
11081,10029,11411,0,50,4,38,2,12.9325906174
11082,10029,11374,2,50,10,38,9,6.40048542187
11083,10029,10096,0,50,2,38,2,1.81015400666
11084,10029,10006,1,50,19,38,18,6.77882769304
11085,10029,10037,3,50,15,38,10,1.58602882393
11086,10029,11370,0,50,8,38,4,3.50425477142
11087,10029,10475,2,50,15,38,11,8.70426783978
11088,10029,11225,1,50,17,38,13,8.89372294636
11089,10029,10282,0,50,10,38,9,6.26982453958
11090,10029,11426,2,50,12,38,5,12.4787952569
11091,10029,11378,3,50,18,38,7,5.17567397364
11092,10029,10107,0,50,1,38,1,2.60298203006
11093,10029,11251,0,50,4,38,3,10.1080129612
11094,10029,11436,2,50,6,38,3,11.2578007045
11095,10029,11360,2,50,10,38,5,8.72491364384
11096,10029,11356,0,50,2,38,2,5.37085326581
11097,10029,10474,1,50,8,38,7,3.39697248302
11098,10029,11697,0,50,1,38,1,16.0851854919
11099,10029,10172,0,50,2,38,2,2.91069887658
11100,10029,11691,0,50,4,38,3,16.4403150507
11101,10029,10470,1,50,6,38,4,8.74465239536
11102,10029,11366,0,50,7,38,5,9.10730909927
11103,10029,10041,0,50,2,38,2,6.98067037043
11104,10029,10278,0,50,1,38,1,6.06058594979
11105,10029,10106,0,50,4,38,1,2.57193637095
11106,10029,11428,0,50,2,38,2,11.8124082126
11107,10029,10286,0,50,1,38,1,6.36695899904
11108,10029,10279,0,50,1,38,1,6.34233804566
11109,10029,10103,0,50,1,38,1,2.70451017374
11110,10029,10196,0,50,1,38,1,1.81015400666
11111,10029,10154,0,50,1,38,1,2.71469527483
11112,10029,10119,1,50,2,38,2,3.74522589951
11113,10029,10464,0,50,5,38,4,9.37388476032
11114,10029,10166,0,50,2,38,2,3.01239139099
11115,10029,10203,0,50,1,38,1,1.81015400666
11116,10029,11359,0,50,2,38,2,8.86582481693
11117,10029,10177,0,50,1,38,1,2.96424958976
11118,10029,11040,0,50,1,38,1,14.3945289794
11119,10029,11364,0,50,2,38,2,10.2276614694
11120,10029,11692,0,50,2,38,2,15.8116199838
11121,10029,11423,0,50,1,38,1,10.7345961393
11122,10029,11415,0,50,2,38,2,8.43877286625
11123,10029,10175,0,50,2,38,1,3.13127705115
11124,10467,10012,3,33,445,22,357,12.1513802633
11125,10467,11222,2,33,110,22,71,10.8359567624
11126,10467,11231,2,33,65,22,44,15.0669112216
11127,10467,10019,5,33,637,22,440,9.54894470468
11128,10467,11102,2,33,35,22,30,7.54583934242
11129,10467,10003,1,33,493,22,400,11.5142567849
11130,10467,10020,1,33,143,22,116,9.75846680769
11131,10467,10018,3,33,339,22,256,10.3741782604
11132,10467,10001,3,33,670,22,468,10.7126946748
11133,10467,11365,3,33,21,22,9,10.0499558776
11134,10467,10007,5,33,1780,22,1042,13.053071979
11135,10467,10022,4,33,228,22,164,9.3507614083
11136,10467,10013,0,33,745,22,406,12.6573694607
11137,10467,10472,2,33,23,22,8,2.88863007774
11138,10467,11226,3,33,195,22,123,16.3035615634
11139,10467,10027,2,33,141,22,83,6.08645406924
11140,10467,11210,3,33,34,22,20,17.3257949607
11141,10467,11693,0,33,6,22,6,19.1742969863
11142,10467,11432,1,33,49,22,36,11.6183586161
11143,10467,11103,2,33,35,22,26,7.84997245512
11144,10467,11237,2,33,64,22,53,11.9531587871
11145,10467,10010,2,33,218,22,181,10.9288173249
11146,10467,10014,2,33,397,22,286,11.8700137448
11147,10467,10009,0,33,135,22,91,11.5402706307
11148,10467,10036,3,33,826,22,656,10.0326140262
11149,10467,11216,2,33,60,22,49,13.8707547728
11150,10467,11418,0,33,15,22,11,12.1368286752
11151,10467,11109,0,33,5,22,5,15.2420096715
11152,10467,11371,2,33,71,22,65,6.92017291726
11153,10467,10460,3,33,42,22,22,2.23625801316
11154,10467,10048,0,33,86,22,65,13.3539275159
11155,10467,10128,4,33,51,22,40,7.54462114593
11156,10467,11375,3,33,44,22,27,10.5424457322
11157,10467,10023,4,33,210,22,134,8.91162158045
11158,10467,11211,2,33,352,22,256,11.9156895821
11159,10467,10011,3,33,437,22,352,11.3588919899
11160,10467,10025,2,33,143,22,65,7.25854984289
11161,10467,10032,2,33,65,22,28,4.36412083256
11162,10467,11232,3,33,125,22,24,16.547892111
11163,10467,11377,3,33,46,22,33,9.10910839046
11164,10467,11361,2,33,19,22,11,9.03881975965
11165,10467,11206,0,33,90,22,63,12.3424046583
11166,10467,11430,2,33,187,22,143,15.7821452968
11167,10467,10021,2,33,62,22,45,8.61061164628
11168,10467,11201,4,33,234,22,176,13.7314011291
11169,10467,11238,0,33,109,22,64,14.1295863484
11170,10467,10016,3,33,162,22,110,10.3869445559
11171,10467,11218,3,33,26,22,19,16.6783046937
11172,10467,10301,2,33,45,22,32,20.3645253324
11173,10467,10452,3,33,54,22,34,3.61277378483
11174,10467,10314,4,33,51,22,30,23.3705592322
11175,10467,10461,2,33,50,22,20,2.60186332767
11176,10467,11101,4,33,193,22,96,9.49000770647
11177,10467,10029,4,33,50,22,38,6.85702685313
11178,10467,10467,22,33,33,22,22,0.0
11179,10467,11208,0,33,43,22,13,13.773889641
11180,10467,10024,0,33,101,22,71,8.18496782983
11181,10467,10005,2,33,65,22,41,13.5977481076
11182,10467,10030,1,33,39,22,26,5.38857838559
11183,10467,10002,0,33,258,22,186,12.3603484611
11184,10467,11385,1,33,56,22,31,11.7398216413
11185,10467,11220,2,33,38,22,23,17.6827795411
11186,10467,11215,4,33,123,22,95,15.3884128173
11187,10467,10038,3,33,174,22,85,13.2461378491
11188,10467,11217,1,33,92,22,71,14.3028472821
11189,10467,10462,4,33,104,22,58,2.1514941239
11190,10467,10040,2,33,80,22,27,3.23730938564
11191,10467,10457,3,33,28,22,16,2.3340370931
11192,10467,10017,3,33,277,22,161,9.89002189859
11193,10467,11433,2,33,18,22,12,12.8663698891
11194,10467,10308,0,33,8,22,8,26.6265488853
11195,10467,10468,2,33,52,22,30,1.60053650016
11196,10467,10111,0,33,15,22,13,9.64956336852
11197,10467,10309,3,33,23,22,15,29.7371561972
11198,10467,10034,2,33,68,22,33,2.67111661273
11199,10467,10028,2,33,89,22,53,7.94610740692
11200,10467,10035,4,33,65,22,32,5.87981101157
11201,10467,11228,1,33,10,22,8,19.096126764
11202,10467,11105,1,33,25,22,19,7.0336107373
11203,10467,11355,2,33,26,22,18,8.86935282674
11204,10467,11209,3,33,49,22,28,19.1262331333
11205,10467,11213,0,33,35,22,20,14.3073358903
11206,10467,11369,2,33,12,22,8,7.54997944721
11207,10467,10031,1,33,64,22,45,5.23652602177
11208,10467,11221,0,33,120,22,61,12.8444886349
11209,10467,11212,0,33,12,22,10,14.6776193469
11210,10467,11233,0,33,74,22,34,13.7231222586
11211,10467,11368,2,33,62,22,41,8.65559817629
11212,10467,11205,0,33,37,22,31,13.2762394221
11213,10467,10069,0,33,14,22,8,9.21521483273
11214,10467,11203,0,33,39,22,8,15.7599672402
11215,10467,10459,1,33,16,22,8,3.46582321294
11216,10467,11219,0,33,6,22,4,17.8379065003
11217,10467,11434,3,33,32,22,16,14.5330432908
11218,10467,11230,0,33,11,22,5,17.9068283928
11219,10467,11373,3,33,53,22,27,9.40848607417
11220,10467,11362,1,33,8,22,5,10.5495030754
11221,10467,10305,0,33,11,22,8,21.7259139691
11222,10467,11104,1,33,8,22,6,9.24608330239
11223,10467,10004,3,33,168,22,99,14.9589103576
11224,10467,10275,0,33,13,22,7,8.47415464267
11225,10467,10118,0,33,4,22,3,10.4899668621
11226,10467,10026,1,33,57,22,43,6.55315418633
11227,10467,11235,2,33,19,22,14,20.3516879081
11228,10467,10469,0,33,44,22,12,1.18020632787
11229,10467,10281,0,33,31,22,24,13.2886673562
11230,10467,11223,0,33,10,22,7,19.6714491983
11231,10467,11379,3,33,33,22,13,10.7933004632
11232,10467,10465,4,33,37,22,16,4.20639416335
11233,10467,10455,1,33,20,22,11,4.39858264975
11234,10467,10466,0,33,16,22,11,1.74142066756
11235,10467,11239,1,33,4,22,2,15.6319024423
11236,10467,11207,2,33,86,22,31,13.9576832252
11237,10467,11367,2,33,35,22,17,10.225922623
11238,10467,11106,0,33,21,22,19,8.27511352929
11239,10467,10471,2,33,19,22,15,2.65918507407
11240,10467,11234,2,33,50,22,15,17.7195324256
11241,10467,10167,0,33,11,22,4,9.81160592091
11242,10467,10453,1,33,21,22,16,2.60469738586
11243,10467,10451,4,33,20,22,12,4.56449901428
11244,10467,10033,4,33,86,22,31,3.79964885651
11245,10467,11354,2,33,38,22,25,7.56396056605
11246,10467,10463,4,33,36,22,16,2.08731393306
11247,10467,10169,0,33,4,22,4,9.86723084058
11248,10467,10456,2,33,21,22,12,3.58513028017
11249,10467,11420,0,33,8,22,7,14.0393589921
11250,10467,10153,0,33,6,22,5,9.24164049872
11251,10467,10307,0,33,6,22,3,31.9017140983
11252,10467,10306,0,33,17,22,8,24.6359605541
11253,10467,10165,0,33,2,22,2,10.0716500725
11254,10467,10303,2,33,11,22,7,22.7412148853
11255,10467,11224,0,33,22,22,13,21.3894737271
11256,10467,10304,0,33,8,22,5,21.6059483434
11257,10467,10458,2,33,34,22,31,1.16160359523
11258,10467,11414,2,33,13,22,7,14.8355506075
11259,10467,11204,1,33,9,22,8,18.4985259481
11260,10467,11372,2,33,16,22,11,8.46305262713
11261,10467,11357,0,33,9,22,6,6.83047803853
11262,10467,10044,0,33,9,22,8,8.67236901166
11263,10467,11229,3,33,27,22,14,19.2116670079
11264,10467,11236,1,33,15,22,9,16.091235646
11265,10467,10302,3,33,5,22,5,21.7787070439
11266,10467,11422,1,33,11,22,8,16.0941736653
11267,10467,10312,0,33,4,22,2,27.8485986517
11268,10467,10310,0,33,27,22,6,21.0097775296
11269,10467,11429,1,33,8,22,6,13.187242444
11270,10467,10152,0,33,2,22,2,9.51751991633
11271,10467,11214,0,33,10,22,6,19.9953944279
11272,10467,11435,3,33,41,22,23,12.2852240058
11273,10467,10039,2,33,8,22,7,4.7651980179
11274,10467,10121,0,33,1,22,1,10.6234891349
11275,10467,11413,2,33,14,22,7,15.2584939873
11276,10467,10473,2,33,14,22,9,3.7491537659
11277,10467,10454,2,33,19,22,10,5.19344312339
11278,10467,11416,2,33,5,22,5,13.0774021128
11279,10467,10280,0,33,5,22,3,13.7807673731
11280,10467,11694,0,33,5,22,4,20.4423096519
11281,10467,11358,0,33,6,22,4,8.61395732197
11282,10467,11421,1,33,4,22,4,12.5303220188
11283,10467,11412,0,33,4,22,4,13.3852999318
11284,10467,10174,0,33,2,22,2,10.0012186554
11285,10467,11417,1,33,3,22,3,13.6362735111
11286,10467,11427,2,33,5,22,4,11.806710192
11287,10467,11411,0,33,4,22,2,14.1852377175
11288,10467,11374,3,33,10,22,9,10.1752616013
11289,10467,10096,0,33,2,22,2,8.47415464267
11290,10467,10006,0,33,19,22,18,13.6272074384
11291,10467,10037,2,33,15,22,10,5.3626084038
11292,10467,11370,1,33,8,22,4,7.61973175903
11293,10467,10475,3,33,15,22,11,2.3426466541
11294,10467,11225,1,33,17,22,13,15.1310750536
11295,10467,10282,0,33,10,22,9,13.1266436494
11296,10467,11426,2,33,12,22,5,12.4023851332
11297,10467,11378,3,33,18,22,7,10.3725452964
11298,10467,10107,0,33,1,22,1,9.41524851454
11299,10467,11251,0,33,4,22,3,16.1699973692
11300,10467,11436,2,33,6,22,3,14.1899646559
11301,10467,11360,2,33,10,22,5,7.88128996015
11302,10467,11356,0,33,2,22,2,6.13944011917
11303,10467,10474,1,33,8,22,7,4.18490241894
11304,10467,11697,0,33,1,22,1,21.635303936
11305,10467,10172,0,33,2,22,2,9.76138795582
11306,10467,11691,0,33,4,22,3,19.6489504105
11307,10467,10470,1,33,6,22,4,2.00897596915
11308,10467,11366,0,33,7,22,5,10.8107934724
11309,10467,10041,0,33,2,22,2,13.8137230278
11310,10467,10278,0,33,1,22,1,12.9032396533
11311,10467,10106,0,33,4,22,1,9.40410671287
11312,10467,11428,0,33,2,22,2,12.4717860745
11313,10467,10286,0,33,1,22,1,13.2204861436
11314,10467,10279,0,33,1,22,1,13.1898352817
11315,10467,10103,0,33,1,22,1,9.55918382352
11316,10467,10196,0,33,1,22,1,8.47415464267
11317,10467,10154,0,33,1,22,1,9.5661418028
11318,10467,10119,0,33,2,22,2,10.590505988
11319,10467,10464,0,33,5,22,4,4.33821868049
11320,10467,10166,0,33,2,22,2,9.86524965393
11321,10467,10203,0,33,1,22,1,8.47415464267
11322,10467,11359,0,33,2,22,2,7.32612109205
11323,10467,10177,0,33,1,22,1,9.81802899678
11324,10467,11040,0,33,1,22,1,13.3925865697
11325,10467,11364,0,33,2,22,2,10.3907502587
11326,10467,11692,0,33,2,22,2,19.6584728201
11327,10467,11423,0,33,1,22,1,12.1242538673
11328,10467,11415,0,33,2,22,2,11.5983397328
11329,10467,10175,0,33,2,22,1,9.98802487553
11330,11208,10012,0,43,445,13,357,7.56379255684
11331,11208,11222,0,43,110,13,71,5.33279030896
11332,11208,11231,0,43,65,13,44,6.84574060399
11333,11208,10019,0,43,637,13,440,8.74603223376
11334,11208,11102,0,43,35,13,30,7.33490134528
11335,11208,10003,0,43,493,13,400,7.39708617342
11336,11208,10020,0,43,143,13,116,8.19911932284
11337,11208,10018,0,43,339,13,256,8.52312049917
11338,11208,10001,0,43,670,13,468,8.45273521298
11339,11208,11365,0,43,21,13,9,6.22573266288
11340,11208,10007,1,43,1780,13,1042,7.6488565388
11341,11208,10022,0,43,228,13,164,7.76501083692
11342,11208,10013,0,43,745,13,406,7.71995295939
11343,11208,10472,0,43,23,13,8,10.886749701
11344,11208,11226,0,43,195,13,123,4.7563016476
11345,11208,10027,0,43,141,13,83,10.5864390788
11346,11208,11210,0,43,34,13,20,4.92509275171
11347,11208,11693,0,43,6,13,6,5.9129776069
11348,11208,11432,0,43,49,13,36,5.05088961953
11349,11208,11103,0,43,35,13,26,6.54956366365
11350,11208,11237,0,43,64,13,53,3.2704478052
11351,11208,10010,0,43,218,13,181,7.35314220792
11352,11208,10014,0,43,397,13,286,8.18501887374
11353,11208,10009,0,43,135,13,91,6.72202310699
11354,11208,10036,0,43,826,13,656,8.60836002461
11355,11208,11216,2,43,60,13,49,4.01557075198
11356,11208,11418,0,43,15,13,11,2.70813490837
11357,11208,11109,0,43,5,13,5,1.47162374237
11358,11208,11371,0,43,71,13,65,6.86061770452
11359,11208,10460,0,43,42,13,22,11.61942272
11360,11208,10048,0,43,86,13,65,7.82964607463
11361,11208,10128,0,43,51,13,40,8.57513133303
11362,11208,11375,0,43,44,13,27,3.58755881129
11363,11208,10023,0,43,210,13,134,9.19288859895
11364,11208,11211,0,43,352,13,256,5.08463732269
11365,11208,10011,0,43,437,13,352,8.19529871596
11366,11208,10025,0,43,143,13,65,10.0293918807
11367,11208,10032,0,43,65,13,28,12.1469360884
11368,11208,11232,0,43,125,13,24,7.0239748144
11369,11208,11377,0,43,46,13,33,5.11521313773
11370,11208,11361,0,43,19,13,11,8.11059330026
11371,11208,11206,1,43,90,13,63,4.22709923058
11372,11208,11430,0,43,187,13,143,4.31565531954
11373,11208,10021,0,43,62,13,45,8.061332141
11374,11208,11201,0,43,234,13,176,6.32001512883
11375,11208,11238,0,43,109,13,64,4.76084302054
11376,11208,10016,0,43,162,13,110,7.49615240775
11377,11208,11218,0,43,26,13,19,5.7728459856
11378,11208,10301,0,43,45,13,32,11.9949296439
11379,11208,10452,0,43,54,13,34,11.7547542537
11380,11208,10314,0,43,51,13,30,15.0443635991
11381,11208,10461,0,43,50,13,20,11.8847710225
11382,11208,11101,0,43,193,13,96,6.11337316821
11383,11208,10029,0,43,50,13,38,9.06234807975
11384,11208,10467,0,43,33,13,22,13.773889641
11385,11208,11208,13,43,43,13,13,0.0
11386,11208,10024,0,43,101,13,71,9.57754203165
11387,11208,10005,0,43,65,13,41,7.50983132713
11388,11208,10030,1,43,39,13,26,10.7085848785
11389,11208,10002,0,43,258,13,186,6.74906420298
11390,11208,11385,0,43,56,13,31,2.35495303802
11391,11208,11220,0,43,38,13,23,7.83054702363
11392,11208,11215,0,43,123,13,95,5.95385708525
11393,11208,10038,0,43,174,13,85,7.34747815991
11394,11208,11217,0,43,92,13,71,5.57245059537
11395,11208,10462,0,43,104,13,58,11.7190420795
11396,11208,10040,0,43,80,13,27,13.1696529536
11397,11208,10457,0,43,28,13,16,12.0899286421
11398,11208,10017,0,43,277,13,161,7.58697842284
11399,11208,11433,0,43,18,13,12,4.76590770977
11400,11208,10308,0,43,8,13,8,16.8682717199
11401,11208,10468,0,43,52,13,30,13.489807276
11402,11208,10111,0,43,15,13,13,8.13816867251
11403,11208,10309,0,43,23,13,15,20.4463432297
11404,11208,10034,0,43,68,13,33,13.6836737776
11405,11208,10028,0,43,89,13,53,8.36465391336
11406,11208,10035,0,43,65,13,32,9.50890323962
11407,11208,11228,0,43,10,13,8,8.24516300085
11408,11208,11105,0,43,25,13,19,7.28455588627
11409,11208,11355,0,43,26,13,18,5.98714660813
11410,11208,11209,1,43,49,13,28,8.92856045053
11411,11208,11213,0,43,35,13,20,3.26529299729
11412,11208,11369,0,43,12,13,8,6.22403991036
11413,11208,10031,0,43,64,13,45,11.3258876507
11414,11208,11221,0,43,120,13,61,3.10726685249
11415,11208,11212,0,43,12,13,10,2.26225002199
11416,11208,11233,0,43,74,13,34,2.43974978723
11417,11208,11368,0,43,62,13,41,5.18960701797
11418,11208,11205,0,43,37,13,31,5.09686336356
11419,11208,10069,0,43,14,13,8,9.41879774025
11420,11208,11203,0,43,39,13,8,3.57488142663
11421,11208,10459,0,43,16,13,8,10.5975717597
11422,11208,11219,0,43,6,13,4,7.07361728358
11423,11208,11434,0,43,32,13,16,5.24429251426
11424,11208,11230,0,43,11,13,5,5.91775575517
11425,11208,11373,0,43,53,13,27,4.38515689589
11426,11208,11362,0,43,8,13,5,9.46115950177
11427,11208,10305,0,43,11,13,8,11.7977007475
11428,11208,11104,0,43,8,13,6,5.49390077144
11429,11208,10004,0,43,168,13,99,9.04876066727
11430,11208,10275,0,43,13,13,7,9.26459532223
11431,11208,10118,0,43,4,13,3,7.97268387984
11432,11208,10026,1,43,57,13,43,9.96622141799
11433,11208,11235,0,43,19,13,14,7.36799435622
11434,11208,10469,0,43,44,13,12,13.5870978988
11435,11208,10281,0,43,31,13,24,8.02403718634
11436,11208,11223,0,43,10,13,7,7.34642205793
11437,11208,11379,0,43,33,13,13,3.01311835883
11438,11208,10465,0,43,37,13,16,10.9483333817
11439,11208,10455,0,43,20,13,11,10.0318431964
11440,11208,10466,0,43,16,13,11,15.1213502667
11441,11208,11239,1,43,4,13,2,1.88377750045
11442,11208,11207,1,43,86,13,31,1.1498872239
11443,11208,11367,0,43,35,13,17,4.69949286605
11444,11208,11106,0,43,21,13,19,6.89928603627
11445,11208,10471,0,43,19,13,15,15.8269510365
11446,11208,11234,0,43,50,13,15,4.53901533343
11447,11208,10167,0,43,11,13,4,7.8175668264
11448,11208,10453,0,43,21,13,16,12.6174931687
11449,11208,10451,0,43,20,13,12,10.4791335449
11450,11208,10033,0,43,86,13,31,12.5856903391
11451,11208,11354,0,43,38,13,25,7.03344884393
11452,11208,10463,0,43,36,13,16,14.4983875158
11453,11208,10169,0,43,4,13,4,7.83795170427
11454,11208,10456,0,43,21,13,12,10.9983033878
11455,11208,11420,0,43,8,13,7,3.04993371364
11456,11208,10153,0,43,6,13,5,8.19563796493
11457,11208,10307,0,43,6,13,3,22.589988613
11458,11208,10306,0,43,17,13,8,14.7381172859
11459,11208,10165,0,43,2,13,2,7.83945295894
11460,11208,10303,0,43,11,13,7,15.5249982351
11461,11208,11224,0,43,22,13,13,9.12412474309
11462,11208,10304,0,43,8,13,5,12.2720673363
11463,11208,10458,0,43,34,13,31,13.2418008581
11464,11208,11414,0,43,13,13,7,1.83390876156
11465,11208,11204,0,43,9,13,8,6.96755443547
11466,11208,11372,0,43,16,13,11,5.3823774392
11467,11208,11357,0,43,9,13,6,8.39799770472
11468,11208,10044,0,43,9,13,8,7.37277212815
11469,11208,11229,0,43,27,13,14,6.22088425042
11470,11208,11236,0,43,15,13,9,2.7560331754
11471,11208,10302,0,43,5,13,5,14.2015165183
11472,11208,11422,0,43,11,13,8,7.24973340354
11473,11208,10312,0,43,4,13,2,18.3069145503
11474,11208,10310,0,43,27,13,6,13.0747561524
11475,11208,11429,0,43,8,13,6,7.44018457336
11476,11208,10152,0,43,2,13,2,7.91188123713
11477,11208,11214,0,43,10,13,6,8.25075341638
11478,11208,11435,0,43,41,13,23,3.79392505202
11479,11208,10039,0,43,8,13,7,11.122486075
11480,11208,10121,0,43,1,13,1,8.21710533407
11481,11208,11413,0,43,14,13,7,6.36316100465
11482,11208,10473,0,43,14,13,9,10.0889891392
11483,11208,10454,0,43,19,13,10,9.48109277009
11484,11208,11416,0,43,5,13,5,1.37700800836
11485,11208,10280,0,43,5,13,3,8.00151886472
11486,11208,11694,0,43,5,13,4,6.76793975887
11487,11208,11358,0,43,6,13,4,7.26800152974
11488,11208,11421,0,43,4,13,4,1.4608951374
11489,11208,11412,0,43,4,13,4,6.17205764476
11490,11208,10174,0,43,2,13,2,7.66642208492
11491,11208,11417,0,43,3,13,3,1.46967807788
11492,11208,11427,0,43,5,13,4,7.5868043609
11493,11208,11411,0,43,4,13,2,7.32574718209
11494,11208,11374,0,43,10,13,9,3.65826196412
11495,11208,10096,0,43,2,13,2,9.26459532223
11496,11208,10006,0,43,19,13,18,7.79171164405
11497,11208,10037,0,43,15,13,10,10.2690246437
11498,11208,11370,0,43,8,13,4,6.30582428175
11499,11208,10475,0,43,15,13,11,14.4176795772
11500,11208,11225,0,43,17,13,13,4.39247945483
11501,11208,10282,0,43,10,13,9,8.05821752594
11502,11208,11426,0,43,12,13,5,8.95035492571
11503,11208,11378,0,43,18,13,7,3.88770291442
11504,11208,10107,0,43,1,13,1,8.68104246221
11505,11208,11251,0,43,4,13,3,4.26063216237
11506,11208,11436,0,43,6,13,3,3.97358814153
11507,11208,11360,0,43,10,13,5,8.87644499703
11508,11208,11356,0,43,2,13,2,7.9288638327
11509,11208,10474,0,43,8,13,7,9.73010028181
11510,11208,11697,0,43,1,13,1,7.99540480036
11511,11208,10172,0,43,2,13,2,7.83199313381
11512,11208,11691,0,43,4,13,3,7.76671469368
11513,11208,10470,0,43,6,13,4,15.7422497235
11514,11208,11366,0,43,7,13,5,5.49189667049
11515,11208,10041,0,43,2,13,2,7.52574082908
11516,11208,10278,0,43,1,13,1,7.51681857073
11517,11208,10106,0,43,4,13,1,8.53999591628
11518,11208,11428,0,43,2,13,2,7.625230215
11519,11208,10286,0,43,1,13,1,7.86383588301
11520,11208,10279,0,43,1,13,1,7.67188098319
11521,11208,10103,0,43,1,13,1,8.22711768216
11522,11208,10196,0,43,1,13,1,9.26459532223
11523,11208,10154,0,43,1,13,1,7.89499667705
11524,11208,10119,0,43,2,13,2,8.31002336802
11525,11208,10464,0,43,5,13,4,13.453094376
11526,11208,10166,0,43,2,13,2,7.85079308735
11527,11208,10203,0,43,1,13,1,9.26459532223
11528,11208,11359,0,43,2,13,2,9.6937403988
11529,11208,10177,0,43,1,13,1,7.88295309067
11530,11208,11040,0,43,1,13,1,11.2586117469
11531,11208,11364,0,43,2,13,2,7.8120828086
11532,11208,11692,0,43,2,13,2,6.82372560377
11533,11208,11423,0,43,1,13,1,6.18147138552
11534,11208,11415,0,43,2,13,2,3.2592583355
11535,11208,10175,0,43,2,13,1,7.96708205708
11536,10024,10012,1,101,445,71,357,4.31614179898
11537,10024,11222,0,101,110,71,71,4.46334742013
11538,10024,11231,0,101,65,71,44,7.54300437169
11539,10024,10019,7,101,637,71,440,1.49471452014
11540,10024,11102,1,101,35,71,30,2.94289046908
11541,10024,10003,2,101,493,71,400,3.77297429951
11542,10024,10020,1,101,143,71,116,1.91988678065
11543,10024,10018,6,101,339,71,256,2.32162167673
11544,10024,10001,2,101,670,71,468,2.66266385402
11545,10024,11365,0,101,21,71,9,10.2425993887
11546,10024,10007,9,101,1780,71,1042,5.18942890068
11547,10024,10022,2,101,228,71,164,1.95705106859
11548,10024,10013,3,101,745,71,406,4.76975766911
11549,10024,10472,0,101,23,71,8,6.45539480069
11550,10024,11226,0,101,195,71,123,9.80392980971
11551,10024,10027,4,101,141,71,83,2.151954271
11552,10024,11210,1,101,34,71,20,11.0577419884
11553,10024,11693,0,101,6,71,6,15.4632834019
11554,10024,11432,1,101,49,71,36,10.8594730614
11555,10024,11103,0,101,35,71,26,3.82927444054
11556,10024,11237,1,101,64,71,53,6.4672214425
11557,10024,10010,3,101,218,71,181,3.27866386528
11558,10024,10014,4,101,397,71,286,3.86073514233
11559,10024,10009,0,101,135,71,91,4.09225905255
11560,10024,10036,8,101,826,71,656,1.97775265459
11561,10024,11216,3,101,60,71,49,7.46863557932
11562,10024,11418,0,101,15,71,11,9.66753577864
11563,10024,11109,0,101,5,71,5,10.8599541871
11564,10024,11371,1,101,71,71,65,5.44064869167
11565,10024,10460,1,101,42,71,22,6.31603904053
11566,10024,10048,1,101,86,71,65,5.44922193408
11567,10024,10128,2,101,51,71,40,1.4343060935
11568,10024,11375,1,101,44,71,27,8.25196108988
11569,10024,10023,6,101,210,71,134,0.771518329645
11570,10024,11211,1,101,352,71,256,5.26469702235
11571,10024,10011,2,101,437,71,352,3.35605869353
11572,10024,10025,8,101,143,71,65,0.959496541197
11573,10024,10032,3,101,65,71,28,4.18476103207
11574,10024,11232,0,101,125,71,24,9.14458770674
11575,10024,11377,0,101,46,71,33,4.88000069221
11576,10024,11361,0,101,19,71,11,10.7772950411
11577,10024,11206,0,101,90,71,63,6.07047832463
11578,10024,11430,0,101,187,71,143,13.364687616
11579,10024,10021,1,101,62,71,45,1.51621484724
11580,10024,11201,3,101,234,71,176,6.31757065568
11581,10024,11238,1,101,109,71,64,7.37047415396
11582,10024,10016,1,101,162,71,110,2.77452335514
11583,10024,11218,0,101,26,71,19,9.78712201884
11584,10024,10301,0,101,45,71,32,12.3170273859
11585,10024,10452,0,101,54,71,34,4.6143243407
11586,10024,10314,1,101,51,71,30,15.2392573435
11587,10024,10461,0,101,50,71,20,8.26085703414
11588,10024,11101,1,101,193,71,96,3.46418746483
11589,10024,10029,2,101,50,71,38,1.68233890397
11590,10024,10467,0,101,33,71,22,8.18496782983
11591,10024,11208,0,101,43,71,13,9.57754203165
11592,10024,10024,71,101,101,71,71,0.0
11593,10024,10005,1,101,65,71,41,5.78659858886
11594,10024,10030,1,101,39,71,26,2.81147565391
11595,10024,10002,1,101,258,71,186,4.81330560532
11596,10024,11385,0,101,56,71,31,7.25242062499
11597,10024,11220,0,101,38,71,23,10.2057342036
11598,10024,11215,0,101,123,71,95,8.21509412671
11599,10024,10038,3,101,174,71,85,5.47362940277
11600,10024,11217,1,101,92,71,71,7.19685953754
11601,10024,10462,2,101,104,71,58,7.30704738548
11602,10024,10040,1,101,80,71,27,5.60186047509
11603,10024,10457,1,101,28,71,16,5.85434294678
11604,10024,10017,4,101,277,71,161,2.37510719859
11605,10024,11433,0,101,18,71,12,11.7308144803
11606,10024,10308,0,101,8,71,8,18.6140987471
11607,10024,10468,0,101,52,71,30,6.90723478853
11608,10024,10111,2,101,15,71,13,1.87388857112
11609,10024,10309,0,101,23,71,15,21.6175358252
11610,10024,10034,2,101,68,71,33,6.35611666018
11611,10024,10028,3,101,89,71,53,1.37616101748
11612,10024,10035,1,101,65,71,32,2.53456252473
11613,10024,11228,0,101,10,71,8,11.7899832417
11614,10024,11105,0,101,25,71,19,3.70458645013
11615,10024,11355,0,101,26,71,18,8.65571062872
11616,10024,11209,1,101,49,71,28,11.5870116095
11617,10024,11213,0,101,35,71,20,8.27282214019
11618,10024,11369,0,101,12,71,8,5.82189808058
11619,10024,10031,2,101,64,71,45,3.12240158866
11620,10024,11221,0,101,120,71,61,7.08492714808
11621,10024,11212,0,101,12,71,10,9.20124732179
11622,10024,11233,0,101,74,71,34,8.15284844499
11623,10024,11368,0,101,62,71,41,6.79215791787
11624,10024,11205,1,101,37,71,31,6.39025584537
11625,10024,10069,0,101,14,71,8,1.03028462638
11626,10024,11203,0,101,39,71,8,9.75408454439
11627,10024,10459,0,101,16,71,8,5.15497724685
11628,10024,11219,0,101,6,71,4,10.6697978877
11629,10024,11434,0,101,32,71,16,13.2022143524
11630,10024,11230,0,101,11,71,5,11.2945497178
11631,10024,11373,0,101,53,71,27,6.24977765137
11632,10024,11362,0,101,8,71,5,12.9249469235
11633,10024,10305,0,101,11,71,8,13.9143604482
11634,10024,11104,0,101,8,71,6,4.21536496783
11635,10024,10004,1,101,168,71,99,6.89099370532
11636,10024,10275,0,101,13,71,7,0.388931412441
11637,10024,10118,1,101,4,71,3,2.62643200499
11638,10024,10026,0,101,57,71,43,1.63351756621
11639,10024,11235,0,101,19,71,14,14.0499161919
11640,10024,10469,0,101,44,71,12,8.85783842627
11641,10024,10281,1,101,31,71,24,5.33446593747
11642,10024,11223,0,101,10,71,7,12.9917288879
11643,10024,11379,0,101,33,71,13,7.06614787583
11644,10024,10465,0,101,37,71,16,8.79595781883
11645,10024,10455,1,101,20,71,11,4.15778797546
11646,10024,10466,0,101,16,71,11,9.92594603295
11647,10024,11239,0,101,4,71,2,10.9755002507
11648,10024,11207,0,101,86,71,31,9.07997267781
11649,10024,11367,0,101,35,71,17,9.08754820733
11650,10024,11106,0,101,21,71,19,2.92504026922
11651,10024,10471,0,101,19,71,15,8.78828104154
11652,10024,11234,0,101,50,71,15,11.9413474338
11653,10024,10167,0,101,11,71,4,2.17821282591
11654,10024,10453,0,101,21,71,16,5.72113108788
11655,10024,10451,1,101,20,71,12,3.68058845312
11656,10024,10033,1,101,86,71,31,4.83779398684
11657,10024,11354,0,101,38,71,25,8.08052293232
11658,10024,10463,1,101,36,71,16,7.4837753049
11659,10024,10169,1,101,4,71,4,2.20351256865
11660,10024,10456,0,101,21,71,12,4.67256038679
11661,10024,11420,0,101,8,71,7,11.5745155112
11662,10024,10153,0,101,6,71,5,1.57960411316
11663,10024,10307,0,101,6,71,3,23.7666621748
11664,10024,10306,1,101,17,71,8,16.6993103705
11665,10024,10165,0,101,2,71,2,2.35029565384
11666,10024,10303,0,101,11,71,7,14.5582370334
11667,10024,11224,0,101,22,71,13,14.4968404848
11668,10024,10304,0,101,8,71,5,13.6689541557
11669,10024,10458,2,101,34,71,31,7.08643654446
11670,10024,11414,0,101,13,71,7,11.2982785013
11671,10024,11204,0,101,9,71,8,11.5608874195
11672,10024,11372,0,101,16,71,11,5.47130177651
11673,10024,11357,0,101,9,71,6,8.80551620422
11674,10024,10044,0,101,9,71,8,2.2218307206
11675,10024,11229,0,101,27,71,14,13.0494288126
11676,10024,11236,0,101,15,71,9,10.7785965277
11677,10024,10302,0,101,5,71,5,13.6165482572
11678,10024,11422,0,101,11,71,8,15.3087953469
11679,10024,10312,0,101,4,71,2,19.7815370248
11680,10024,10310,0,101,27,71,6,12.8894323726
11681,10024,11429,0,101,8,71,6,13.5908457841
11682,10024,10152,0,101,2,71,2,1.93350863305
11683,10024,11214,1,101,10,71,6,12.9690238029
11684,10024,11435,0,101,41,71,23,10.6067631703
11685,10024,10039,0,101,8,71,7,3.45491709287
11686,10024,10121,0,101,1,71,1,2.65184773568
11687,10024,11413,0,101,14,71,7,14.306909978
11688,10024,10473,0,101,14,71,9,6.58037884798
11689,10024,10454,0,101,19,71,10,3.46330841548
11690,10024,11416,0,101,5,71,5,9.74094948151
11691,10024,10280,0,101,5,71,3,5.84976617003
11692,10024,11694,0,101,5,71,4,16.0097900536
11693,10024,11358,0,101,6,71,4,9.6595942975
11694,10024,11421,0,101,4,71,4,9.07330578589
11695,10024,11412,0,101,4,71,4,12.9737056369
11696,10024,10174,0,101,2,71,2,2.3986785242
11697,10024,11417,0,101,3,71,3,10.332388547
11698,10024,11427,0,101,5,71,4,12.681475812
11699,10024,11411,0,101,4,71,2,14.1951049378
11700,10024,11374,1,101,10,71,9,7.42593049451
11701,10024,10096,0,101,2,71,2,0.388931412441
11702,10024,10006,1,101,19,71,18,5.7413354925
11703,10024,10037,0,101,15,71,10,2.84199856324
11704,10024,11370,0,101,8,71,4,4.81905361005
11705,10024,10475,1,101,15,71,11,10.1793060863
11706,10024,11225,0,101,17,71,13,8.59935748889
11707,10024,10282,0,101,10,71,9,5.15989653285
11708,10024,11426,1,101,12,71,5,13.942523085
11709,10024,11378,0,101,18,71,7,5.80580607219
11710,10024,10107,0,101,1,71,1,1.40855957175
11711,10024,11251,0,101,4,71,3,9.89342112136
11712,10024,11436,0,101,6,71,3,12.2260437323
11713,10024,11360,0,101,10,71,5,10.3430303238
11714,10024,11356,0,101,2,71,2,6.99842213898
11715,10024,10474,0,101,8,71,7,5.04685677972
11716,10024,11697,0,101,1,71,1,16.0152827424
11717,10024,10172,0,101,2,71,2,2.13613448053
11718,10024,11691,0,101,4,71,3,17.1996164898
11719,10024,10470,0,101,6,71,4,9.96646986122
11720,10024,11366,0,101,7,71,5,10.418849673
11721,10024,10041,0,101,2,71,2,6.00612973878
11722,10024,10278,0,101,1,71,1,5.07577124916
11723,10024,10106,0,101,4,71,1,1.46953158146
11724,10024,11428,0,101,2,71,2,13.1954888897
11725,10024,10286,0,101,1,71,1,5.30338228611
11726,10024,10279,0,101,1,71,1,5.32247548147
11727,10024,10103,0,101,1,71,1,1.75809605329
11728,10024,10196,0,101,1,71,1,0.388931412441
11729,10024,10154,0,101,1,71,1,1.97342221654
11730,10024,10119,1,101,2,71,2,2.5901618948
11731,10024,10464,0,101,5,71,4,10.9970270117
11732,10024,10166,0,101,2,71,2,2.19447283443
11733,10024,10203,0,101,1,71,1,0.388931412441
11734,10024,11359,0,101,2,71,2,10.5186701463
11735,10024,10177,0,101,1,71,1,2.14263183831
11736,10024,11040,0,101,1,71,1,15.927033707
11737,10024,11364,0,101,2,71,2,11.7166125291
11738,10024,11692,0,101,2,71,2,16.400162484
11739,10024,11423,0,101,1,71,1,12.0367039704
11740,10024,11415,0,101,2,71,2,9.48074622288
11741,10024,10175,0,101,2,71,1,2.21825237455
11742,10005,10012,2,65,445,41,357,1.47727873209
11743,10005,11222,1,65,110,41,71,3.59110827736
11744,10005,11231,2,65,65,41,44,1.904767922
11745,10005,10019,5,65,637,41,440,4.29206853653
11746,10005,11102,2,65,35,41,30,6.30086484874
11747,10005,10003,2,65,493,41,400,2.08815013501
11748,10005,10020,1,65,143,41,116,3.92560942645
11749,10005,10018,3,65,339,41,256,3.47961311666
11750,10005,10001,4,65,670,41,468,3.15015596354
11751,10005,11365,2,65,21,41,9,11.5906303793
11752,10005,10007,4,65,1780,41,1042,0.607011890148
11753,10005,10022,3,65,228,41,164,4.25005935592
11754,10005,10013,1,65,745,41,406,1.02559858063
11755,10005,10472,2,65,23,41,8,11.3011869656
11756,10005,11226,2,65,195,41,123,5.03451730208
11757,10005,10027,4,65,141,41,83,7.87777075639
11758,10005,11210,3,65,34,41,20,6.32449996544
11759,10005,11693,0,65,6,41,6,12.4530507559
11760,10005,11432,1,65,49,41,36,11.3208710748
11761,10005,11103,2,65,35,41,26,6.45936314902
11762,10005,11237,2,65,64,41,53,4.65880064028
11763,10005,10010,3,65,218,41,181,2.66942453111
11764,10005,10014,3,65,397,41,286,1.98768027959
11765,10005,10009,0,65,135,41,91,2.14138096102
11766,10005,10036,5,65,826,41,656,3.81521418479
11767,10005,11216,3,65,60,41,49,3.62887201417
11768,10005,11418,1,65,15,41,11,9.20092392487
11769,10005,11109,0,65,5,41,5,8.16200882489
11770,10005,11371,2,65,71,41,65,8.3582645373
11771,10005,10460,3,65,42,41,22,11.4860272201
11772,10005,10048,0,65,86,41,65,0.461300121716
11773,10005,10128,3,65,51,41,40,6.06113346595
11774,10005,11375,3,65,44,41,27,8.60422471588
11775,10005,10023,3,65,210,41,134,5.02071435639
11776,10005,11211,4,65,352,41,256,2.88233500269
11777,10005,10011,3,65,437,41,352,2.45510519891
11778,10005,10025,1,65,143,41,65,6.72565216808
11779,10005,10032,3,65,65,41,28,9.9356343132
11780,10005,11232,2,65,125,41,24,3.49466084427
11781,10005,11377,2,65,46,41,33,6.06127251463
11782,10005,11361,2,65,19,41,11,12.9329665698
11783,10005,11206,0,65,90,41,63,3.4593390435
11784,10005,11430,2,65,187,41,143,11.8221595575
11785,10005,10021,3,65,62,41,45,4.99215926949
11786,10005,11201,4,65,234,41,176,1.26420971231
11787,10005,11238,2,65,109,41,64,3.00448304611
11788,10005,10016,3,65,162,41,110,3.21342884255
11789,10005,11218,2,65,26,41,19,4.57465199849
11790,10005,10301,2,65,45,41,32,6.82185666322
11791,10005,10452,2,65,54,41,34,10.2149265353
11792,10005,10314,3,65,51,41,30,9.93983399339
11793,10005,10461,1,65,50,41,20,13.0047762934
11794,10005,11101,4,65,193,41,96,4.54718609857
11795,10005,10029,3,65,50,41,38,6.76258114708
11796,10005,10467,2,65,33,41,22,13.5977481076
11797,10005,11208,0,65,43,41,13,7.50983132713
11798,10005,10024,1,65,101,41,71,5.78659858886
11799,10005,10005,41,65,65,41,41,0.0
11800,10005,10030,1,65,39,41,26,8.45714012646
11801,10005,10002,1,65,258,41,186,1.36462854723
11802,10005,11385,1,65,56,41,31,6.08061368314
11803,10005,11220,2,65,38,41,23,4.47218974427
11804,10005,11215,2,65,123,41,95,2.91862640191
11805,10005,10038,3,65,174,41,85,0.361559167207
11806,10005,11217,2,65,92,41,71,2.30965456042
11807,10005,10462,3,65,104,41,58,12.2534985101
11808,10005,10040,2,65,80,41,27,11.341545304
11809,10005,10457,2,65,28,41,16,11.2946899982
11810,10005,10017,4,65,277,41,161,3.70961947829
11811,10005,11433,2,65,18,41,12,11.6367085454
11812,10005,10308,0,65,8,41,8,13.0360051115
11813,10005,10468,3,65,52,41,30,12.5095892914
11814,10005,10111,0,65,15,41,13,4.01280769844
11815,10005,10309,2,65,23,41,15,16.2329022819
11816,10005,10034,2,65,68,41,33,12.0821464164
11817,10005,10028,3,65,89,41,53,5.65810055808
11818,10005,10035,3,65,65,41,32,7.72716280376
11819,10005,11228,1,65,10,41,8,6.10578232769
11820,10005,11105,0,65,25,41,19,7.08716360538
11821,10005,11355,2,65,26,41,18,10.3728477303
11822,10005,11209,3,65,49,41,28,5.81466169291
11823,10005,11213,0,65,35,41,20,4.57855614687
11824,10005,11369,2,65,12,41,8,8.24016555107
11825,10005,10031,2,65,64,41,45,8.86632710456
11826,10005,11221,0,65,120,41,61,4.43628645957
11827,10005,11212,0,65,12,41,10,5.84851059755
11828,10005,11233,0,65,74,41,34,5.13528318689
11829,10005,11368,2,65,62,41,41,8.37891314332
11830,10005,11205,1,65,37,41,31,2.41491933645
11831,10005,10069,0,65,14,41,8,4.88581315814
11832,10005,11203,0,65,39,41,8,5.58528666265
11833,10005,10459,1,65,16,41,8,10.2221663302
11834,10005,11219,0,65,6,41,4,5.11735895354
11835,10005,11434,2,65,32,41,16,12.5739670106
11836,10005,11230,0,65,11,41,5,6.1838804702
11837,10005,11373,2,65,53,41,27,7.16017042651
11838,10005,11362,1,65,8,41,5,14.9204088525
11839,10005,10305,0,65,11,41,8,8.16725407346
11840,10005,11104,0,65,8,41,6,5.35424561831
11841,10005,10004,7,65,168,41,99,1.77494832563
11842,10005,10275,0,65,13,41,7,5.41358242606
11843,10005,10118,1,65,4,41,3,3.18473897105
11844,10005,10026,0,65,57,41,43,7.25512763875
11845,10005,11235,1,65,19,41,14,8.97412946851
11846,10005,10469,0,65,44,41,12,14.050888046
11847,10005,10281,1,65,31,41,24,0.68283759741
11848,10005,11223,0,65,10,41,7,7.68411095103
11849,10005,11379,2,65,33,41,13,6.82573974893
11850,10005,10465,2,65,37,41,16,12.9886756918
11851,10005,10455,0,65,20,41,11,9.22722372357
11852,10005,10466,0,65,16,41,11,15.3170488709
11853,10005,11239,0,65,4,41,2,7.96513107636
11854,10005,11207,2,65,86,41,31,6.47679891792
11855,10005,11367,2,65,35,41,17,9.9476189604
11856,10005,11106,0,65,21,41,19,5.5954774942
11857,10005,10471,2,65,19,41,15,14.5278463421
11858,10005,11234,0,65,50,41,15,7.57010279364
11859,10005,10167,0,65,11,41,4,3.8046146105
11860,10005,10453,1,65,21,41,16,11.3347170519
11861,10005,10451,2,65,20,41,12,9.05849401205
11862,10005,10033,2,65,86,41,31,10.5797964915
11863,10005,11354,2,65,38,41,25,10.5430365589
11864,10005,10463,3,65,36,41,16,13.1922415449
11865,10005,10169,1,65,4,41,4,3.75339429036
11866,10005,10456,2,65,21,41,12,10.0170170519
11867,10005,11420,0,65,8,41,7,10.446823062
11868,10005,10153,0,65,6,41,5,4.40627024316
11869,10005,10307,0,65,6,41,3,18.4195105138
11870,10005,10306,2,65,17,41,8,11.039217852
11871,10005,10165,0,65,2,41,2,3.55662336755
11872,10005,10303,2,65,11,41,7,9.65521319768
11873,10005,11224,1,65,22,41,13,8.97471002434
11874,10005,10304,0,65,8,41,5,8.00821702007
11875,10005,10458,3,65,34,41,31,12.59151265
11876,10005,11414,2,65,13,41,7,9.29265862949
11877,10005,11204,0,65,9,41,8,6.13762122662
11878,10005,11372,1,65,16,41,11,7.19803801388
11879,10005,11357,0,65,9,41,6,11.7793554487
11880,10005,10044,0,65,9,41,8,4.97377973912
11881,10005,11229,3,65,27,41,14,8.17410581545
11882,10005,11236,1,65,15,41,9,7.12942190094
11883,10005,10302,2,65,5,41,5,8.50506320492
11884,10005,11422,0,65,11,41,8,14.6732191275
11885,10005,10312,0,65,4,41,2,14.2857508942
11886,10005,10310,0,65,27,41,6,7.58710848219
11887,10005,11429,1,65,8,41,6,14.1553076676
11888,10005,10152,0,65,2,41,2,4.1000011955
11889,10005,11214,1,65,10,41,6,7.4139086849
11890,10005,11435,2,65,41,41,23,10.4434793143
11891,10005,10039,2,65,8,41,7,9.10014226815
11892,10005,10121,0,65,1,41,1,3.13488530141
11893,10005,11413,2,65,14,41,7,13.7328403335
11894,10005,10473,2,65,14,41,9,11.0410105519
11895,10005,10454,2,65,19,41,10,8.4273991751
11896,10005,11416,2,65,5,41,5,8.45932879707
11897,10005,10280,0,65,5,41,3,0.494346581934
11898,10005,11694,0,65,5,41,4,12.321692195
11899,10005,11358,0,65,6,41,4,11.7689638182
11900,10005,11421,1,65,4,41,4,7.96217752021
11901,10005,11412,0,65,4,41,4,13.0954783531
11902,10005,10174,0,65,2,41,2,3.60474881932
11903,10005,11417,0,65,3,41,3,8.85767231034
11904,10005,11427,2,65,5,41,4,13.775986282
11905,10005,11411,0,65,4,41,2,14.3542297068
11906,10005,11374,2,65,10,41,9,7.86290139099
11907,10005,10096,0,65,2,41,2,5.41358242606
11908,10005,10006,1,65,19,41,18,0.285498628651
11909,10005,10037,2,65,15,41,10,8.32616245789
11910,10005,11370,0,65,8,41,4,7.33944787363
11911,10005,10475,2,65,15,41,11,15.2958219593
11912,10005,11225,1,65,17,41,13,4.0926896476
11913,10005,10282,0,65,10,41,9,0.827134069291
11914,10005,11426,2,65,12,41,5,15.201926169
11915,10005,11378,2,65,18,41,7,5.69679930271
11916,10005,10107,0,65,1,41,1,4.38372910549
11917,10005,11251,0,65,4,41,3,5.36801427741
11918,10005,11436,2,65,6,41,3,11.3351093515
11919,10005,11360,2,65,10,41,5,13.0452681449
11920,10005,11356,0,65,2,41,2,10.2448830345
11921,10005,10474,1,65,8,41,7,9.74853606879
11922,10005,11697,0,65,1,41,1,11.3461649221
11923,10005,10172,0,65,2,41,2,3.85493317978
11924,10005,11691,0,65,4,41,3,14.9890662667
11925,10005,10470,1,65,6,41,4,15.5060889453
11926,10005,11366,0,65,7,41,5,11.2981175917
11927,10005,10041,0,65,2,41,2,0.220192005297
11928,10005,10278,0,65,1,41,1,0.712234036712
11929,10005,10106,0,65,4,41,1,4.34536297813
11930,10005,11428,0,65,2,41,2,14.0682103799
11931,10005,10286,1,65,1,41,1,0.592777964241
11932,10005,10279,0,65,1,41,1,0.485982871005
11933,10005,10103,0,65,1,41,1,4.11708604406
11934,10005,10196,0,65,1,41,1,5.41358242606
11935,10005,10154,0,65,1,41,1,4.05108511115
11936,10005,10119,1,65,2,41,2,3.19948006705
11937,10005,10464,0,65,5,41,4,15.5297668174
11938,10005,10166,0,65,2,41,2,3.75703045948
11939,10005,10203,1,65,1,41,1,5.41358242606
11940,10005,11359,0,65,2,41,2,13.5612320799
11941,10005,10177,0,65,1,41,1,3.80698614374
11942,10005,11040,0,65,1,41,1,17.4904814583
11943,10005,11364,0,65,2,41,2,13.3510007008
11944,10005,11692,0,65,2,41,2,13.6409429231
11945,10005,11423,0,65,1,41,1,12.6324659971
11946,10005,11415,0,65,2,41,2,9.39168641181
11947,10005,10175,0,65,2,41,1,3.65873690931
11948,10030,10012,1,39,445,26,357,6.98149583661
11949,10030,11222,1,39,110,26,71,6.33879253623
11950,10030,11231,1,39,65,26,44,10.1022575129
11951,10030,10019,1,39,637,26,440,4.23846388624
11952,10030,11102,1,39,35,26,30,3.38216051904
11953,10030,10003,0,39,493,26,400,6.38004099901
11954,10030,10020,0,39,143,26,116,4.53413730288
11955,10030,10018,1,39,339,26,256,5.07607182566
11956,10030,10001,1,39,670,26,468,5.41931234954
11957,10030,11365,1,39,21,26,9,9.63984161094
11958,10030,10007,3,39,1780,26,1042,7.87859084735
11959,10030,10022,1,39,228,26,164,4.26736462778
11960,10030,10013,0,39,745,26,406,7.46614314831
11961,10030,10472,1,39,23,26,8,4.02437247208
11962,10030,11226,1,39,195,26,123,11.9468557181
11963,10030,10027,2,39,141,26,83,0.710991795312
11964,10030,11210,1,39,34,26,20,13.1250209601
11965,10030,11693,0,39,6,26,6,16.5880060697
11966,10030,11432,0,39,49,26,36,10.6610867427
11967,10030,11103,1,39,35,26,26,4.17401280345
11968,10030,11237,1,39,64,26,53,8.01728232959
11969,10030,10010,1,39,218,26,181,5.82236015215
11970,10030,10014,1,39,397,26,286,6.60733214136
11971,10030,10009,1,39,135,26,91,6.54795079942
11972,10030,10036,1,39,826,26,656,4.72931477891
11973,10030,11216,2,39,60,26,49,9.50856782091
11974,10030,11418,0,39,15,26,11,10.0702603828
11975,10030,11109,0,39,5,26,5,12.1244329705
11976,10030,11371,1,39,71,26,65,4.79411760828
11977,10030,10460,1,39,42,26,22,3.66477503677
11978,10030,10048,0,39,86,26,65,8.15955611708
11979,10030,10128,1,39,51,26,40,2.52772986174
11980,10030,11375,1,39,44,26,27,8.46378196177
11981,10030,10023,2,39,210,26,134,3.56030853965
11982,10030,11211,1,39,352,26,256,7.3402542015
11983,10030,10011,2,39,437,26,352,6.0950460411
11984,10030,10025,0,39,143,26,65,1.87132884823
11985,10030,10032,1,39,65,26,28,1.55842168439
11986,10030,11232,1,39,125,26,24,11.6684537347
11987,10030,11377,1,39,46,26,33,5.59729629658
11988,10030,11361,1,39,19,26,11,9.66919064197
11989,10030,11206,1,39,90,26,63,7.99080209389
11990,10030,11430,1,39,187,26,143,13.9288231137
11991,10030,10021,1,39,62,26,45,3.54472475674
11992,10030,11201,1,39,234,26,176,8.80861949393
11993,10030,11238,1,39,109,26,64,9.57516847681
11994,10030,10016,1,39,162,26,110,5.27812499407
11995,10030,11218,1,39,26,26,19,12.0991834464
11996,10030,10301,1,39,45,26,32,15.1018825214
11997,10030,10452,1,39,54,26,34,1.80295848697
11998,10030,10314,1,39,51,26,30,18.0467427657
11999,10030,10461,1,39,50,26,20,5.77860102208
12000,10030,11101,1,39,193,26,96,5.02950874505
12001,10030,10029,1,39,50,26,38,1.83683298715
12002,10030,10467,1,39,33,26,22,5.38857838559
12003,10030,11208,1,39,43,26,13,10.7085848785
12004,10030,10024,1,39,101,26,71,2.81147565391
12005,10030,10005,1,39,65,26,41,8.45714012646
12006,10030,10030,26,39,39,26,26,0.0
12007,10030,10002,0,39,258,26,186,7.34053943157
12008,10030,11385,1,39,56,26,31,8.37402468657
12009,10030,11220,1,39,38,26,23,12.7696307426
12010,10030,11215,1,39,123,26,95,10.6268785145
12011,10030,10038,2,39,174,26,85,8.12287773546
12012,10030,11217,0,39,92,26,71,9.5597537364
12013,10030,10462,2,39,104,26,58,4.74809302734
12014,10030,10040,1,39,80,26,27,2.90634502773
12015,10030,10457,2,39,28,26,16,3.07098781659
12016,10030,10017,2,39,277,26,161,4.7976483809
12017,10030,11433,1,39,18,26,12,11.7288596898
12018,10030,10308,0,39,8,26,8,21.3933476258
12019,10030,10468,1,39,52,26,30,4.10040030387
12020,10030,10111,0,39,15,26,13,4.44433267063
12021,10030,10309,1,39,23,26,15,24.4238532105
12022,10030,10034,2,39,68,26,33,3.6312104182
12023,10030,10028,1,39,89,26,53,2.90844944341
12024,10030,10035,1,39,65,26,32,1.20521378128
12025,10030,11228,1,39,10,26,8,14.2962812523
12026,10030,11105,0,39,25,26,19,3.52586505089
12027,10030,11355,1,39,26,26,18,8.05181097588
12028,10030,11209,1,39,49,26,28,14.1847897805
12029,10030,11213,0,39,35,26,20,10.1689343884
12030,10030,11369,1,39,12,26,8,5.40520733537
12031,10030,10031,2,39,64,26,45,0.620613212911
12032,10030,11221,0,39,120,26,61,8.80368307556
12033,10030,11212,0,39,12,26,10,10.8779690163
12034,10030,11233,0,39,74,26,34,9.83150905602
12035,10030,11368,1,39,62,26,41,6.63099052849
12036,10030,11205,0,39,37,26,31,8.62801809096
12037,10030,10069,0,39,14,26,8,3.83964276296
12038,10030,11203,0,39,39,26,8,11.68070621
12039,10030,10459,1,39,16,26,8,2.68106292376
12040,10030,11219,0,39,6,26,4,13.1100148313
12041,10030,11434,1,39,32,26,16,13.3444943815
12042,10030,11230,0,39,11,26,5,13.5103232831
12043,10030,11373,2,39,53,26,27,6.62330997601
12044,10030,11362,1,39,8,26,5,11.7434825412
12045,10030,10305,0,39,11,26,8,16.6228775716
12046,10030,11104,0,39,8,26,6,5.28314796914
12047,10030,10004,1,39,168,26,99,9.67488474422
12048,10030,10275,0,39,13,26,7,3.12693458987
12049,10030,10118,0,39,4,26,3,5.27694985499
12050,10030,10026,2,39,57,26,43,1.20794297657
12051,10030,11235,1,39,19,26,14,16.1743112184
12052,10030,10469,0,39,44,26,12,6.12627227452
12053,10030,10281,0,39,31,26,24,8.06620559547
12054,10030,11223,0,39,10,26,7,15.2561357959
12055,10030,11379,1,39,33,26,13,7.81169179734
12056,10030,10465,1,39,37,26,16,6.62500513755
12057,10030,10455,0,39,20,26,11,1.88526898762
12058,10030,10466,0,39,16,26,11,7.12690052137
12059,10030,11239,0,39,4,26,2,12.359403106
12060,10030,11207,1,39,86,26,31,10.4862926886
12061,10030,11367,1,39,35,26,17,8.89775496028
12062,10030,11106,0,39,21,26,19,3.92489476211
12063,10030,10471,1,39,19,26,15,6.07789287837
12064,10030,11234,0,39,50,26,15,13.820127634
12065,10030,10167,0,39,11,26,4,4.66807681019
12066,10030,10453,1,39,21,26,16,2.91397175043
12067,10030,10451,1,39,20,26,12,1.11718926395
12068,10030,10033,2,39,86,26,31,2.15941655061
12069,10030,11354,1,39,38,26,25,7.11631955466
12070,10030,10463,1,39,36,26,16,4.73515864179
12071,10030,10169,0,39,4,26,4,4.71461256207
12072,10030,10456,1,39,21,26,12,1.99717653178
12073,10030,11420,0,39,8,26,7,12.0836093761
12074,10030,10153,0,39,6,26,5,4.05410172912
12075,10030,10307,0,39,6,26,3,26.5756969283
12076,10030,10306,0,39,17,26,8,19.4542407793
12077,10030,10165,0,39,2,26,2,4.90496693909
12078,10030,10303,1,39,11,26,7,17.365957506
12079,10030,11224,0,39,22,26,13,16.8594725917
12080,10030,10304,0,39,8,26,5,16.4201823031
12081,10030,10458,1,39,34,26,31,4.27772383025
12082,10030,11414,1,39,13,26,7,12.228942182
12083,10030,11204,0,39,9,26,8,13.9150558958
12084,10030,11372,1,39,16,26,11,5.62624263936
12085,10030,11357,0,39,9,26,6,7.41560414805
12086,10030,10044,0,39,9,26,8,3.87398003623
12087,10030,11229,1,39,27,26,14,15.104732775
12088,10030,11236,1,39,15,26,9,12.4340695364
12089,10030,10302,1,39,5,26,5,16.4278965946
12090,10030,11422,0,39,11,26,8,15.3262873183
12091,10030,10312,0,39,4,26,2,22.575909113
12092,10030,10310,0,39,27,26,6,15.6941196381
12093,10030,11429,1,39,8,26,6,13.1146521451
12094,10030,10152,0,39,2,26,2,4.37585808234
12095,10030,11214,0,39,10,26,6,15.3724697486
12096,10030,11435,1,39,41,26,23,10.7501531913
12097,10030,10039,1,39,8,26,7,0.648017800841
12098,10030,10121,0,39,1,26,1,5.36541475064
12099,10030,11413,1,39,14,26,7,14.3509213617
12100,10030,10473,1,39,14,26,9,4.43396217282
12101,10030,10454,1,39,19,26,10,1.65673181945
12102,10030,11416,1,39,5,26,5,10.5122614611
12103,10030,10280,0,39,5,26,3,8.57459680594
12104,10030,11694,0,39,5,26,4,17.4251792543
12105,10030,11358,0,39,6,26,4,8.69279534796
12106,10030,11421,1,39,4,26,4,9.85583395317
12107,10030,11412,0,39,4,26,4,12.7635694761
12108,10030,10174,0,39,2,26,2,4.87941377278
12109,10030,11417,0,39,3,26,3,11.1220606823
12110,10030,11427,1,39,5,26,4,11.9948272287
12111,10030,11411,0,39,4,26,2,13.8849077694
12112,10030,11374,1,39,10,26,9,7.75529861097
12113,10030,10096,0,39,2,26,2,3.12693458987
12114,10030,10006,0,39,19,26,18,8.44543304017
12115,10030,10037,1,39,15,26,10,0.506583969453
12116,10030,11370,0,39,8,26,4,4.71143741297
12117,10030,10475,1,39,15,26,11,7.45984118513
12118,10030,11225,1,39,17,26,13,10.730497479
12119,10030,10282,0,39,10,26,9,7.89608646492
12120,10030,11426,1,39,12,26,5,13.0874979966
12121,10030,11378,1,39,18,26,7,6.83389681028
12122,10030,10107,0,39,1,26,1,4.11918576802
12123,10030,11251,0,39,4,26,3,11.94128409
12124,10030,11436,1,39,6,26,3,12.568214372
12125,10030,11360,1,39,10,26,5,8.95880062449
12126,10030,11356,0,39,2,26,2,5.70090419384
12127,10030,10474,1,39,8,26,7,2.95342316464
12128,10030,11697,0,39,1,26,1,17.8939279208
12129,10030,10172,0,39,2,26,2,4.61839020671
12130,10030,11691,0,39,4,26,3,17.8824394963
12131,10030,10470,1,39,6,26,4,7.15568868556
12132,10030,11366,0,39,7,26,5,10.0494160725
12133,10030,10041,0,39,2,26,2,8.67709739499
12134,10030,10278,0,39,1,26,1,7.74664374088
12135,10030,10106,0,39,4,26,1,4.13267868131
12136,10030,11428,0,39,2,26,2,12.587856644
12137,10030,10286,0,39,1,26,1,8.01821576487
12138,10030,10279,0,39,1,26,1,8.01461653163
12139,10030,10103,0,39,1,26,1,4.34070898265
12140,10030,10196,0,39,1,26,1,3.12693458987
12141,10030,10154,0,39,1,26,1,4.424300341
12142,10030,10119,0,39,2,26,2,5.3189255886
12143,10030,10464,0,39,5,26,4,8.5285304167
12144,10030,10166,0,39,2,26,2,4.70977449144
12145,10030,10203,0,39,1,26,1,3.12693458987
12146,10030,11359,0,39,2,26,2,8.91971763401
12147,10030,10177,0,39,1,26,1,4.65850710853
12148,10030,11040,0,39,1,26,1,14.8164096907
12149,10030,11364,0,39,2,26,2,10.8167262257
12150,10030,11692,0,39,2,26,2,17.3710908301
12151,10030,11423,0,39,1,26,1,11.6594747505
12152,10030,11415,0,39,2,26,2,9.72439817491
12153,10030,10175,0,39,2,26,1,4.79876500634
12154,10002,10012,6,258,445,186,357,0.856308588947
12155,10002,11222,4,258,110,186,71,2.26595659409
12156,10002,11231,0,258,65,186,44,2.76196724555
12157,10002,10019,8,258,637,186,440,3.35943592499
12158,10002,11102,1,258,35,186,30,4.97276322954
12159,10002,10003,10,258,493,186,400,1.07450347428
12160,10002,10020,2,258,143,186,116,2.89419952068
12161,10002,10018,3,258,339,186,256,2.6475016811
12162,10002,10001,6,258,670,186,468,2.37871259122
12163,10002,11365,0,258,21,186,9,10.3429328519
12164,10002,10007,9,258,1780,186,1042,1.07274648284
12165,10002,10022,2,258,228,186,164,3.07505246664
12166,10002,10013,9,258,745,186,406,0.990775113595
12167,10002,10472,0,258,23,186,8,9.99350577916
12168,10002,11226,2,258,195,186,123,5.2218124132
12169,10002,10027,2,258,141,186,83,6.80876138419
12170,10002,11210,1,258,34,186,20,6.52246889336
12171,10002,11693,0,258,6,186,6,12.0776830791
12172,10002,11432,1,258,49,186,36,10.1749910773
12173,10002,11103,0,258,35,186,26,5.09820136478
12174,10002,11237,1,258,64,186,53,3.64608082831
12175,10002,10010,3,258,218,186,181,1.53890722394
12176,10002,10014,4,258,397,186,286,1.55333870162
12177,10002,10009,6,258,135,186,91,0.820860987001
12178,10002,10036,4,258,826,186,656,2.93538641389
12179,10002,11216,1,258,60,186,49,3.24593571532
12180,10002,11418,0,258,15,186,11,8.15346887817
12181,10002,11109,0,258,5,186,5,7.60245324108
12182,10002,11371,0,258,71,186,65,6.99378919394
12183,10002,10460,0,258,42,186,22,10.2173401898
12184,10002,10048,1,258,86,186,65,1.37010644994
12185,10002,10128,2,258,51,186,40,4.87005302253
12186,10002,11375,2,258,44,186,27,7.41597658969
12187,10002,10023,4,258,210,186,134,4.08104326179
12188,10002,11211,5,258,352,186,256,1.75207354309
12189,10002,10011,3,258,437,186,352,1.79177243865
12190,10002,10025,1,258,143,186,65,5.70782132168
12191,10002,10032,1,258,65,186,28,8.85890443408
12192,10002,11232,1,258,125,186,24,4.34314370331
12193,10002,11377,0,258,46,186,33,4.71845418881
12194,10002,11361,0,258,19,186,11,11.6275961918
12195,10002,11206,0,258,90,186,63,2.52875636469
12196,10002,11430,1,258,187,186,143,11.048791659
12197,10002,10021,2,258,62,186,45,3.80934193551
12198,10002,11201,4,258,234,186,176,1.50500365339
12199,10002,11238,1,258,109,186,64,2.85084178809
12200,10002,10016,1,258,162,186,110,2.07051151506
12201,10002,11218,0,258,26,186,19,5.03537632681
12202,10002,10301,0,258,45,186,32,8.14881680049
12203,10002,10452,0,258,54,186,34,9.05705326953
12204,10002,10314,1,258,51,186,30,11.286695218
12205,10002,10461,0,258,50,186,20,11.6777655287
12206,10002,11101,2,258,193,186,96,3.18485478001
12207,10002,10029,1,258,50,186,38,5.58073172709
12208,10002,10467,0,258,33,186,22,12.3603484611
12209,10002,11208,0,258,43,186,13,6.74906420298
12210,10002,10024,1,258,101,186,71,4.81330560532
12211,10002,10005,1,258,65,186,41,1.36462854723
12212,10002,10030,0,258,39,186,26,7.34053943157
12213,10002,10002,186,258,258,186,186,0.0
12214,10002,11385,2,258,56,186,31,5.0367095482
12215,10002,11220,0,258,38,186,23,5.43088887402
12216,10002,11215,0,258,123,186,95,3.41859823454
12217,10002,10038,4,258,174,186,85,1.01112263312
12218,10002,11217,3,258,92,186,71,2.45923488579
12219,10002,10462,1,258,104,186,58,10.9499340634
12220,10002,10040,0,258,80,186,27,10.2449708888
12221,10002,10457,0,258,28,186,16,10.0795440485
12222,10002,10017,2,258,277,186,161,2.54301055912
12223,10002,11433,0,258,18,186,12,10.5791926366
12224,10002,10308,0,258,8,186,8,14.3181119392
12225,10002,10468,0,258,52,186,30,11.3335313639
12226,10002,10111,0,258,15,186,13,2.95176218081
12227,10002,10309,0,258,23,186,15,17.556913879
12228,10002,10034,1,258,68,186,33,10.9706774228
12229,10002,10028,3,258,89,186,53,4.46899852969
12230,10002,10035,0,258,65,186,32,6.52243229144
12231,10002,11228,0,258,10,186,8,6.98549237672
12232,10002,11105,0,258,25,186,19,5.73942978343
12233,10002,11355,1,258,26,186,18,9.07673854388
12234,10002,11209,1,258,49,186,28,6.84474646061
12235,10002,11213,0,258,35,186,20,4.20675147648
12236,10002,11369,0,258,12,186,8,6.88281705941
12237,10002,10031,0,258,64,186,45,7.79457582185
12238,10002,11221,3,258,120,186,61,3.64794173055
12239,10002,11212,0,258,12,186,10,5.41447988559
12240,10002,11233,0,258,74,186,34,4.53525756415
12241,10002,11368,0,258,62,186,41,7.06287237556
12242,10002,11205,1,258,37,186,31,1.94432439349
12243,10002,10069,0,258,14,186,8,4.03648926425
12244,10002,11203,0,258,39,186,8,5.48068444385
12245,10002,10459,0,258,16,186,8,8.95087207685
12246,10002,11219,0,258,6,186,4,5.85729958152
12247,10002,11434,0,258,32,186,16,11.6245064266
12248,10002,11230,0,258,11,186,5,6.59830617174
12249,10002,11373,0,258,53,186,27,5.86870086382
12250,10002,11362,0,258,8,186,5,13.6409156939
12251,10002,10305,0,258,11,186,8,9.3656259324
12252,10002,11104,0,258,8,186,6,3.99580180905
12253,10002,10004,2,258,168,186,99,3.09913696181
12254,10002,10275,0,258,13,186,7,4.42631793206
12255,10002,10118,1,258,4,186,3,2.20535919026
12256,10002,10026,0,258,57,186,43,6.15894310502
12257,10002,11235,0,258,19,186,14,9.39488255992
12258,10002,10469,0,258,44,186,12,12.7698654727
12259,10002,10281,1,258,31,186,24,1.4771695352
12260,10002,11223,0,258,10,186,7,8.2404861574
12261,10002,11379,0,258,33,186,13,5.65757659501
12262,10002,10465,0,258,37,186,16,11.6315273832
12263,10002,10455,0,258,20,186,11,7.96983201745
12264,10002,10466,0,258,16,186,11,14.066969056
12265,10002,11239,0,258,4,186,2,7.49693729384
12266,10002,11207,0,258,86,186,31,5.82081858666
12267,10002,11367,0,258,35,186,17,8.7275885179
12268,10002,11106,0,258,21,186,19,4.25720948469
12269,10002,10471,0,258,19,186,15,13.4162956479
12270,10002,11234,0,258,50,186,15,7.61460729723
12271,10002,10167,0,258,11,186,4,2.68535799651
12272,10002,10453,0,258,21,186,16,10.1712091631
12273,10002,10451,0,258,20,186,12,7.85685923229
12274,10002,10033,0,258,86,186,31,9.49035157646
12275,10002,11354,0,258,38,186,25,9.20169724715
12276,10002,10463,1,258,36,186,16,12.0631281356
12277,10002,10169,1,258,4,186,4,2.64535402893
12278,10002,10456,0,258,21,186,12,8.79425400296
12279,10002,11420,0,258,8,186,7,9.55612738988
12280,10002,10153,0,258,6,186,5,3.30903881407
12281,10002,10307,0,258,6,186,3,19.7471886433
12282,10002,10306,1,258,17,186,8,12.2918931792
12283,10002,10165,0,258,2,186,2,2.47356636532
12284,10002,10303,0,258,11,186,7,11.0197398039
12285,10002,11224,1,258,22,186,13,9.69449863847
12286,10002,10304,0,258,8,186,5,9.27279424133
12287,10002,10458,1,258,34,186,31,11.3834858242
12288,10002,11414,0,258,13,186,7,8.57512138545
12289,10002,11204,0,258,9,186,8,6.76984290667
12290,10002,11372,0,258,16,186,11,5.85323830353
12291,10002,11357,0,258,9,186,6,10.42451379
12292,10002,10044,0,258,9,186,8,3.69342641635
12293,10002,11229,0,258,27,186,14,8.47644238246
12294,10002,11236,0,258,15,186,9,6.85996094711
12295,10002,10302,0,258,5,186,5,9.86749856901
12296,10002,11422,0,258,11,186,8,13.7527527845
12297,10002,10312,0,258,4,186,2,15.5895581781
12298,10002,10310,0,258,27,186,6,8.93956033702
12299,10002,11429,0,258,8,186,6,13.0320550387
12300,10002,10152,0,258,2,186,2,2.97141040663
12301,10002,11214,1,258,10,186,6,8.15941767077
12302,10002,11435,0,258,41,186,23,9.37483910305
12303,10002,10039,1,258,8,186,7,7.97302747991
12304,10002,10121,0,258,1,186,1,2.2640717196
12305,10002,11413,0,258,14,186,7,12.78955076
12306,10002,10473,0,258,14,186,9,9.704162637
12307,10002,10454,1,258,19,186,10,7.17088721887
12308,10002,11416,0,258,5,186,5,7.54690370792
12309,10002,10280,0,258,5,186,3,1.74688635053
12310,10002,11694,0,258,5,186,4,12.166851565
12311,10002,11358,0,258,6,186,4,10.4579808441
12312,10002,11421,0,258,4,186,4,6.99644777202
12313,10002,11412,0,258,4,186,4,12.0253272202
12314,10002,10174,0,258,2,186,2,2.46811346094
12315,10002,11417,0,258,3,186,3,8.00041588907
12316,10002,11427,0,258,5,186,4,12.5801401133
12317,10002,11411,0,258,4,186,2,13.2932846943
12318,10002,11374,0,258,10,186,9,6.64255850924
12319,10002,10096,0,258,2,186,2,4.42631793206
12320,10002,10006,1,258,19,186,18,1.52372430211
12321,10002,10037,1,258,15,186,10,7.16319711742
12322,10002,11370,0,258,8,186,4,5.97534451181
12323,10002,10475,0,258,15,186,11,13.9986682918
12324,10002,11225,0,258,17,186,13,4.09501240232
12325,10002,10282,0,258,10,186,9,1.43491341619
12326,10002,11426,0,258,12,186,5,13.9991102579
12327,10002,11378,0,258,18,186,7,4.45187368128
12328,10002,10107,0,258,1,186,1,3.41533653574
12329,10002,11251,0,258,4,186,3,5.43158928684
12330,10002,11436,0,258,6,186,3,10.4148464304
12331,10002,11360,0,258,10,186,5,11.7067951517
12332,10002,11356,0,258,2,186,2,8.88077388406
12333,10002,10474,0,258,8,186,7,8.44154450951
12334,10002,11697,0,258,1,186,1,11.5765818949
12335,10002,10172,0,258,2,186,2,2.73371093089
12336,10002,11691,0,258,4,186,3,14.4208914457
12337,10002,10470,0,258,6,186,4,14.2940728562
12338,10002,11366,0,258,7,186,5,10.0981969953
12339,10002,10041,0,258,2,186,2,1.55011778816
12340,10002,10278,0,258,1,186,1,0.894561658953
12341,10002,10106,0,258,4,186,1,3.34391408059
12342,10002,11428,0,258,2,186,2,12.9026532276
12343,10002,10286,0,258,1,186,1,1.32136102395
12344,10002,10279,0,258,1,186,1,1.16529459013
12345,10002,10103,0,258,1,186,1,3.06533983743
12346,10002,10196,0,258,1,186,1,4.42631793206
12347,10002,10154,0,258,1,186,1,2.92377401817
12348,10002,10119,1,258,2,186,2,2.3515915235
12349,10002,10464,0,258,5,186,4,14.1809343367
12350,10002,10166,0,258,2,186,2,2.6519706657
12351,10002,10203,0,258,1,186,1,4.42631793206
12352,10002,11359,0,258,2,186,2,12.2099316403
12353,10002,10177,1,258,1,186,1,2.70446099768
12354,10002,11040,0,258,1,186,1,16.2683045604
12355,10002,11364,0,258,2,186,2,12.0931331728
12356,10002,11692,0,258,2,186,2,13.2064761933
12357,10002,11423,0,258,1,186,1,11.4871996535
12358,10002,11415,0,258,2,186,2,8.28720519978
12359,10002,10175,0,258,2,186,1,2.59913861537
12360,11385,10012,1,56,445,31,357,5.75948278071
12361,11385,11222,1,56,110,31,71,3.19964273395
12362,11385,11231,2,56,65,31,44,5.99965064072
12363,11385,10019,2,56,637,31,440,6.5104386374
12364,11385,11102,1,56,35,31,30,4.99377104976
12365,11385,10003,1,56,493,31,400,5.45848694191
12366,11385,10020,0,56,143,31,116,5.9800044303
12367,11385,10018,1,56,339,31,256,6.38220968284
12368,11385,10001,2,56,670,31,468,6.35949793773
12369,11385,11365,1,56,21,31,9,5.84150532439
12370,11385,10007,5,56,1780,31,1042,6.05876154289
12371,11385,10022,1,56,228,31,164,5.49392058102
12372,11385,10013,2,56,745,31,406,6.02582384903
12373,11385,10472,1,56,23,31,8,8.87958429203
12374,11385,11226,1,56,195,31,123,5.17273535741
12375,11385,10027,1,56,141,31,83,8.23535776456
12376,11385,11210,1,56,34,31,20,5.87609111537
12377,11385,11693,0,56,6,31,6,8.26770444314
12378,11385,11432,0,56,49,31,36,5.28592828825
12379,11385,11103,1,56,35,31,26,4.2404965764
12380,11385,11237,2,56,64,31,53,1.4221883889
12381,11385,10010,1,56,218,31,181,5.2994527491
12382,11385,10014,1,56,397,31,286,6.29565551876
12383,11385,10009,1,56,135,31,91,4.79964779202
12384,11385,10036,3,56,826,31,656,6.42454964255
12385,11385,11216,1,56,60,31,49,3.30311633501
12386,11385,11418,1,56,15,31,11,3.12493094929
12387,11385,11109,0,56,5,31,5,3.75049723338
12388,11385,11371,1,56,71,31,65,4.85177004297
12389,11385,10460,1,56,42,31,22,9.53673189702
12390,11385,10048,0,56,86,31,65,6.30148213219
12391,11385,10128,1,56,51,31,40,6.22121035954
12392,11385,11375,1,56,44,31,27,2.74777526448
12393,11385,10023,1,56,210,31,134,6.90698706516
12394,11385,11211,2,56,352,31,256,3.28465707626
12395,11385,10011,1,56,437,31,352,6.21033909116
12396,11385,10025,0,56,143,31,65,7.6786113718
12397,11385,10032,1,56,65,31,28,9.83349999312
12398,11385,11232,1,56,125,31,24,6.70989064662
12399,11385,11377,2,56,46,31,33,2.80549006003
12400,11385,11361,1,56,19,31,11,7.49481915112
12401,11385,11206,0,56,90,31,63,2.62771508526
12402,11385,11430,1,56,187,31,143,6.26191203078
12403,11385,10021,1,56,62,31,45,5.73793569467
12404,11385,11201,1,56,234,31,176,5.08156177936
12405,11385,11238,0,56,109,31,64,3.9888807679
12406,11385,10016,1,56,162,31,110,5.35150218637
12407,11385,11218,1,56,26,31,19,5.94671218591
12408,11385,10301,1,56,45,31,32,11.6727138624
12409,11385,10452,1,56,54,31,34,9.48900394539
12410,11385,10314,1,56,51,31,30,14.8429870847
12411,11385,10461,1,56,50,31,20,10.0669190306
12412,11385,11101,1,56,193,31,96,3.79413768863
12413,11385,10029,1,56,50,31,38,6.70919478841
12414,11385,10467,1,56,33,31,22,11.7398216413
12415,11385,11208,0,56,43,31,13,2.35495303802
12416,11385,10024,0,56,101,31,71,7.25242062499
12417,11385,10005,1,56,65,31,41,6.08061368314
12418,11385,10030,1,56,39,31,26,8.37402468657
12419,11385,10002,2,56,258,31,186,5.0367095482
12420,11385,11385,31,56,56,31,31,0.0
12421,11385,11220,1,56,38,31,23,7.73111050953
12422,11385,11215,2,56,123,31,95,5.45493120068
12423,11385,10038,1,56,174,31,85,5.83600219459
12424,11385,11217,1,56,92,31,71,4.69214621465
12425,11385,10462,1,56,104,31,58,9.7651049051
12426,11385,10040,1,56,80,31,27,10.9011400549
12427,11385,10457,1,56,28,31,16,9.91867785458
12428,11385,10017,1,56,277,31,161,5.37331878317
12429,11385,11433,1,56,18,31,12,5.55922248944
12430,11385,10308,0,56,8,31,8,17.1391743978
12431,11385,10468,1,56,52,31,30,11.3239708538
12432,11385,10111,0,56,15,31,13,5.9059717354
12433,11385,10309,1,56,23,31,15,20.651198686
12434,11385,10034,1,56,68,31,33,11.4457341456
12435,11385,10028,1,56,89,31,53,6.01679433194
12436,11385,10035,1,56,65,31,32,7.17943282827
12437,11385,11228,1,56,10,31,8,8.59067020608
12438,11385,11105,0,56,25,31,19,5.00665987308
12439,11385,11355,2,56,26,31,18,5.01109276415
12440,11385,11209,1,56,49,31,28,9.04843014244
12441,11385,11213,0,56,35,31,20,3.11810244756
12442,11385,11369,1,56,12,31,8,4.28873508469
12443,11385,10031,1,56,64,31,45,8.98906831908
12444,11385,11221,0,56,120,31,61,1.94058985991
12445,11385,11212,0,56,12,31,10,3.01791536874
12446,11385,11233,0,56,74,31,34,2.25332815119
12447,11385,11368,1,56,62,31,41,3.53664316801
12448,11385,11205,0,56,37,31,31,3.85305548375
12449,11385,10069,0,56,14,31,8,7.15753410482
12450,11385,11203,0,56,39,31,8,4.2833117212
12451,11385,10459,1,56,16,31,8,8.44342686073
12452,11385,11219,0,56,6,31,4,7.29948183679
12453,11385,11434,1,56,32,31,16,6.60357141233
12454,11385,11230,0,56,11,31,5,6.67922126507
12455,11385,11373,1,56,53,31,27,2.40662162687
12456,11385,11362,2,56,8,31,5,9.24510320784
12457,11385,10305,0,56,11,31,8,11.9670966094
12458,11385,11104,1,56,8,31,6,3.1390167274
12459,11385,10004,2,56,168,31,99,7.794002107
12460,11385,10275,0,56,13,31,7,6.95136698822
12461,11385,10118,0,56,4,31,3,5.84769280934
12462,11385,10026,0,56,57,31,43,7.61216365213
12463,11385,11235,1,56,19,31,14,8.76401404
12464,11385,10469,0,56,44,31,12,11.6716870282
12465,11385,10281,0,56,31,31,24,6.461259637
12466,11385,11223,0,56,10,31,7,8.35758470634
12467,11385,11379,1,56,33,31,13,1.14435330148
12468,11385,10465,1,56,37,31,16,9.34103019163
12469,11385,10455,0,56,20,31,11,7.80118671558
12470,11385,10466,0,56,16,31,11,13.185276104
12471,11385,11239,0,56,4,31,2,4.01303886633
12472,11385,11207,2,56,86,31,31,2.22271697537
12473,11385,11367,1,56,35,31,17,4.14244740137
12474,11385,11106,0,56,21,31,19,4.54440419223
12475,11385,10471,1,56,19,31,15,13.6567647813
12476,11385,11234,0,56,50,31,15,6.02370328041
12477,11385,10167,0,56,11,31,4,5.59870304948
12478,11385,10453,1,56,21,31,16,10.3962242245
12479,11385,10451,1,56,20,31,12,8.19682485379
12480,11385,10033,1,56,86,31,31,10.2932025009
12481,11385,11354,4,56,38,31,25,5.72298351462
12482,11385,10463,2,56,36,31,16,12.3077135559
12483,11385,10169,0,56,4,31,4,5.62629298384
12484,11385,10456,1,56,21,31,12,8.77504180753
12485,11385,11420,0,56,8,31,7,4.60777578027
12486,11385,10153,0,56,6,31,5,5.92329643722
12487,11385,10307,0,56,6,31,3,22.8348554613
12488,11385,10306,0,56,17,31,8,14.9987049696
12489,11385,10165,0,56,2,31,2,5.65414848108
12490,11385,10303,1,56,11,31,7,15.0456936014
12491,11385,11224,0,56,22,31,13,10.1574187017
12492,11385,10304,0,56,8,31,5,12.2632935035
12493,11385,10458,1,56,34,31,31,11.1182120888
12494,11385,11414,1,56,13,31,7,4.04849666735
12495,11385,11204,0,56,9,31,8,7.55011408685
12496,11385,11372,1,56,16,31,11,3.27907196257
12497,11385,11357,0,56,9,31,6,7.12737452304
12498,11385,10044,0,56,9,31,8,5.03711961477
12499,11385,11229,1,56,27,31,14,7.60022578403
12500,11385,11236,2,56,15,31,9,4.35244462629
12501,11385,10302,1,56,5,31,5,13.7623143656
12502,11385,11422,2,56,11,31,8,8.74368538147
12503,11385,10312,0,56,4,31,2,18.5437018668
12504,11385,10310,0,56,27,31,6,12.6817949905
12505,11385,11429,1,56,8,31,6,8.08700082566
12506,11385,10152,0,56,2,31,2,5.66128841873
12507,11385,11214,0,56,10,31,6,9.00115502102
12508,11385,11435,1,56,41,31,23,4.36307585936
12509,11385,10039,1,56,8,31,7,8.80659219169
12510,11385,10121,0,56,1,31,1,6.11200346147
12511,11385,11413,1,56,14,31,7,7.7690122147
12512,11385,10473,1,56,14,31,9,8.16241417503
12513,11385,10454,1,56,19,31,10,7.20596767859
12514,11385,11416,1,56,5,31,5,2.61815683657
12515,11385,10280,0,56,5,31,3,6.56830872654
12516,11385,11694,0,56,5,31,4,9.05759172414
12517,11385,11358,0,56,6,31,4,6.44177997994
12518,11385,11421,1,56,4,31,4,2.00118722257
12519,11385,11412,0,56,4,31,4,7.01572428217
12520,11385,10174,0,56,2,31,2,5.46893195878
12521,11385,11417,1,56,3,31,3,3.16068417133
12522,11385,11427,1,56,5,31,4,7.81003707092
12523,11385,11411,0,56,4,31,2,8.27708729165
12524,11385,11374,1,56,10,31,9,2.25668782863
12525,11385,10096,0,56,2,31,2,6.95136698822
12526,11385,10006,0,56,19,31,18,6.34005809213
12527,11385,10037,1,56,15,31,10,7.94407631084
12528,11385,11370,0,56,8,31,4,4.13823118807
12529,11385,10475,1,56,15,31,11,12.6128565767
12530,11385,11225,1,56,17,31,13,4.28655327531
12531,11385,10282,0,56,10,31,9,6.45249477381
12532,11385,11426,1,56,12,31,5,9.24009515893
12533,11385,11378,1,56,18,31,7,1.54050390852
12534,11385,10107,0,56,1,31,1,6.43191283611
12535,11385,11251,0,56,4,31,3,4.84929701582
12536,11385,11436,1,56,6,31,3,5.42196081557
12537,11385,11360,1,56,10,31,5,7.96931559354
12538,11385,11356,0,56,2,31,2,6.24398072745
12539,11385,10474,1,56,8,31,7,7.60512299848
12540,11385,11697,0,56,1,31,1,9.89649801057
12541,11385,10172,0,56,2,31,2,5.60734973575
12542,11385,11691,0,56,4,31,3,9.97915831554
12543,11385,10470,1,56,6,31,4,13.7360063065
12544,11385,11366,0,56,7,31,5,5.37744965796
12545,11385,10041,0,56,2,31,2,6.15663591863
12546,11385,10278,0,56,1,31,1,5.89861448626
12547,11385,10106,0,56,4,31,1,6.28819219814
12548,11385,11428,0,56,2,31,2,8.04402396168
12549,11385,10286,0,56,1,31,1,6.29817003973
12550,11385,10279,0,56,1,31,1,6.11535928505
12551,11385,10103,0,56,1,31,1,5.98655213927
12552,11385,10196,0,56,1,31,1,6.95136698822
12553,11385,10154,0,56,1,31,1,5.6493050082
12554,11385,10119,0,56,2,31,2,6.19975853107
12555,11385,10464,0,56,5,31,4,11.937354952
12556,11385,10166,0,56,2,31,2,5.63911087868
12557,11385,10203,0,56,1,31,1,6.95136698822
12558,11385,11359,0,56,2,31,2,8.68745275335
12559,11385,10177,0,56,1,31,1,5.6660430837
12560,11385,11040,0,56,1,31,1,11.5606750143
12561,11385,11364,0,56,2,31,2,7.59955690299
12562,11385,11692,0,56,2,31,2,9.15571862002
12563,11385,11423,0,56,1,31,1,6.58852549212
12564,11385,11415,0,56,2,31,2,3.32507234243
12565,11385,10175,0,56,2,31,1,5.77260668646
12566,11220,10012,2,38,445,23,357,5.90349911834
12567,11220,11222,1,38,110,23,71,6.9188052789
12568,11220,11231,2,38,65,23,44,2.66985019043
12569,11220,10019,2,38,637,23,440,8.72028385168
12570,11220,11102,2,38,35,23,30,10.1574730145
12571,11220,10003,2,38,493,23,400,6.43527514911
12572,11220,10020,0,38,143,23,116,8.30123618216
12573,11220,10018,2,38,339,23,256,7.93061844128
12574,11220,10001,2,38,670,23,468,7.60951432425
12575,11220,11365,2,38,21,23,9,13.5385708006
12576,11220,10007,4,38,1780,23,1042,5.07888307615
12577,11220,10022,2,38,228,23,164,8.50233891257
12578,11220,10013,0,38,745,23,406,5.49466643672
12579,11220,10472,2,38,23,23,8,15.1590711002
12580,11220,11226,2,38,195,23,123,3.17559375899
12581,11220,10027,2,38,141,23,83,12.2380222335
12582,11220,11210,2,38,34,23,20,3.80679321724
12583,11220,11693,0,38,6,23,6,10.7507093591
12584,11220,11432,0,38,49,23,36,12.7197834697
12585,11220,11103,2,38,35,23,26,10.0314316942
12586,11220,11237,2,38,64,23,53,6.60237952701
12587,11220,10010,2,38,218,23,181,6.9622471765
12588,11220,10014,2,38,397,23,286,6.45986742921
12589,11220,10009,0,38,135,23,91,6.2234817418
12590,11220,10036,2,38,826,23,656,8.25716849057
12591,11220,11216,2,38,60,23,49,4.45061605191
12592,11220,11418,0,38,15,23,11,10.3450609706
12593,11220,11109,0,38,5,23,5,7.6496192246
12594,11220,11371,2,38,71,23,65,11.6533958997
12595,11220,10460,2,38,42,23,22,15.4923547638
12596,11220,10048,0,38,86,23,65,4.87838566219
12597,11220,10128,2,38,51,23,40,10.2813895419
12598,11220,11375,2,38,44,23,27,10.4624292581
12599,11220,10023,2,38,210,23,134,9.45117089125
12600,11220,11211,2,38,352,23,256,5.84774778327
12601,11220,10011,3,38,437,23,352,6.91974755501
12602,11220,10025,0,38,143,23,65,11.1226505873
12603,11220,10032,2,38,65,23,28,14.28963816
12604,11220,11232,2,38,125,23,24,1.14214548888
12605,11220,11377,2,38,46,23,33,9.14174475889
12606,11220,11361,2,38,19,23,11,15.2258753362
12607,11220,11206,0,38,90,23,63,5.68491175249
12608,11220,11430,2,38,187,23,143,11.5833827414
12609,11220,10021,2,38,62,23,45,9.23066402062
12610,11220,11201,2,38,234,23,176,3.97117697213
12611,11220,11238,0,38,109,23,64,3.86522345462
12612,11220,10016,2,38,162,23,110,7.50013787451
12613,11220,11218,2,38,26,23,19,2.10239525625
12614,11220,10301,2,38,45,23,32,4.18402388111
12615,11220,10452,2,38,54,23,34,14.4704243118
12616,11220,10314,2,38,51,23,30,7.22096275372
12617,11220,10461,1,38,50,23,20,16.7366305325
12618,11220,11101,2,38,193,23,96,8.22306170116
12619,11220,10029,2,38,50,23,38,10.9930451518
12620,11220,10467,2,38,33,23,22,17.6827795411
12621,11220,11208,0,38,43,23,13,7.83054702363
12622,11220,10024,0,38,101,23,71,10.2057342036
12623,11220,10005,2,38,65,23,41,4.47218974427
12624,11220,10030,1,38,39,23,26,12.7696307426
12625,11220,10002,0,38,258,23,186,5.43088887402
12626,11220,11385,1,38,56,23,31,7.73111050953
12627,11220,11220,23,38,38,23,23,0.0
12628,11220,11215,2,38,123,23,95,2.39690481496
12629,11220,10038,2,38,174,23,85,4.75139514101
12630,11220,11217,0,38,92,23,71,3.44051911721
12631,11220,10462,2,38,104,23,58,16.1201147772
12632,11220,10040,2,38,80,23,27,15.6750180825
12633,11220,10457,2,38,28,23,16,15.4430059052
12634,11220,10017,2,38,277,23,161,7.9733095153
12635,11220,11433,2,38,18,23,12,12.5880315775
12636,11220,10308,0,38,8,23,8,9.44635535293
12637,11220,10468,2,38,52,23,30,16.7303825567
12638,11220,10111,0,38,15,23,13,8.36963415555
12639,11220,10309,2,38,23,23,15,12.9272460726
12640,11220,10034,1,38,68,23,33,16.3980865716
12641,11220,10028,2,38,89,23,53,9.8837929721
12642,11220,10035,2,38,65,23,32,11.9144917672
12643,11220,11228,1,38,10,23,8,1.66103699965
12644,11220,11105,0,38,25,23,19,10.7912022875
12645,11220,11355,2,38,26,23,18,12.7232615917
12646,11220,11209,2,38,49,23,28,1.44721519083
12647,11220,11213,0,38,35,23,20,4.72536126106
12648,11220,11369,2,38,12,23,8,11.329484695
12649,11220,10031,1,38,64,23,45,13.2246898253
12650,11220,11221,0,38,120,23,61,5.81862825053
12651,11220,11212,0,38,12,23,10,5.5718082535
12652,11220,11233,0,38,74,23,34,5.66280188285
12653,11220,11368,2,38,62,23,41,11.0212442458
12654,11220,11205,0,38,37,23,31,4.50428866216
12655,11220,10069,0,38,14,23,8,9.34359531316
12656,11220,11203,0,38,39,23,8,4.37829673976
12657,11220,10459,1,38,16,23,8,14.2308375014
12658,11220,11219,0,38,6,23,4,1.19575168179
12659,11220,11434,2,38,32,23,16,12.9782599345
12660,11220,11230,0,38,11,23,5,2.99001380392
12661,11220,11373,2,38,53,23,27,9.74453059107
12662,11220,11362,1,38,8,23,5,16.9322281175
12663,11220,10305,0,38,11,23,8,4.27590678931
12664,11220,11104,0,38,8,23,6,8.6857001354
12665,11220,10004,2,38,168,23,99,4.20565136995
12666,11220,10275,0,38,13,23,7,9.8239236295
12667,11220,10118,0,38,4,23,3,7.57955361394
12668,11220,10026,0,38,57,23,43,11.5898154826
12669,11220,11235,1,38,19,23,14,5.2626472775
12670,11220,10469,0,38,44,23,12,17.9963305348
12671,11220,10281,0,38,31,23,24,5.05158440924
12672,11220,11223,0,38,10,23,7,3.76075302008
12673,11220,11379,2,38,33,23,13,8.82621368086
12674,11220,10465,2,38,37,23,16,16.4305034772
12675,11220,10455,0,38,20,23,11,13.2859456771
12676,11220,10466,0,38,16,23,11,19.3593037558
12677,11220,11239,0,38,4,23,2,7.18348503965
12678,11220,11207,2,38,86,23,31,6.70014227067
12679,11220,11367,2,38,35,23,17,11.8464421018
12680,11220,11106,0,38,21,23,19,9.42370643843
12681,11220,10471,2,38,19,23,15,18.84231833
12682,11220,11234,0,38,50,23,15,5.19459019665
12683,11220,10167,0,38,11,23,4,8.11449337758
12684,11220,10453,1,38,21,23,16,15.5790927821
12685,11220,10451,2,38,20,23,12,13.244334367
12686,11220,10033,2,38,86,23,31,14.9210825163
12687,11220,11354,2,38,38,23,25,13.2889219322
12688,11220,10463,2,38,36,23,16,17.4846904995
12689,11220,10169,0,38,4,23,4,8.07269892559
12690,11220,10456,2,38,21,23,12,14.1549467245
12691,11220,11420,0,38,8,23,7,10.8024435204
12692,11220,10153,0,38,6,23,5,8.73705879036
12693,11220,10307,0,38,6,23,3,15.1158817169
12694,11220,10306,0,38,17,23,8,7.31756161658
12695,11220,10165,0,38,2,23,2,7.8943296003
12696,11220,10303,2,38,11,23,7,7.75308080972
12697,11220,11224,0,38,22,23,13,4.64938059197
12698,11220,10304,0,38,8,23,5,4.53542493006
12699,11220,10458,2,38,34,23,31,16.7501619642
12700,11220,11414,2,38,13,23,7,9.1406764777
12701,11220,11204,0,38,9,23,8,2.25082151769
12702,11220,11372,1,38,16,23,11,10.1930755788
12703,11220,11357,0,38,9,23,6,14.6617294573
12704,11220,10044,0,38,9,23,8,9.03490824876
12705,11220,11229,2,38,27,23,14,4.88251126563
12706,11220,11236,1,38,15,23,9,5.89356494898
12707,11220,10302,2,38,5,23,5,6.42149823991
12708,11220,11422,0,38,11,23,8,14.8181306582
12709,11220,10312,0,38,4,23,2,10.8319797197
12710,11220,10310,0,38,27,23,6,5.28367032444
12711,11220,11429,1,38,8,23,6,15.2627136947
12712,11220,10152,0,38,2,23,2,8.40198782693
12713,11220,11214,0,38,10,23,6,3.10509770798
12714,11220,11435,2,38,41,23,23,11.5484602511
12715,11220,10039,2,38,8,23,7,13.3994865138
12716,11220,10121,0,38,1,23,1,7.57064580476
12717,11220,11413,2,38,14,23,7,14.0310664145
12718,11220,10473,2,38,14,23,9,14.7327187146
12719,11220,10454,2,38,19,23,10,12.4962078207
12720,11220,11416,2,38,5,23,5,9.16045957835
12721,11220,10280,0,38,5,23,3,4.55754246987
12722,11220,11694,0,38,5,23,4,9.93105325602
12723,11220,11358,0,38,6,23,4,14.1611648184
12724,11220,11421,1,38,4,23,4,8.94886414565
12725,11220,11412,0,38,4,23,4,14.0026044309
12726,11220,10174,0,38,2,23,2,7.89836530606
12727,11220,11417,0,38,3,23,3,9.28762910424
12728,11220,11427,2,38,5,23,4,15.2945995103
12729,11220,11411,0,38,4,23,2,15.1443907677
12730,11220,11374,2,38,10,23,9,9.96786573457
12731,11220,10096,0,38,2,23,2,9.8239236295
12732,11220,10006,0,38,19,23,18,4.58803051204
12733,11220,10037,2,38,15,23,10,12.5788324984
12734,11220,11370,0,38,8,23,4,10.6592474394
12735,11220,10475,2,38,15,23,11,19.1666994265
12736,11220,11225,1,38,17,23,13,3.51440207031
12737,11220,10282,0,38,10,23,9,5.2269320143
12738,11220,11426,2,38,12,23,5,16.6973897452
12739,11220,11378,2,38,18,23,7,8.23312410738
12740,11220,10107,0,38,1,23,1,8.79727665507
12741,11220,11251,0,38,4,23,3,3.72499933551
12742,11220,11436,2,38,6,23,3,11.720687588
12743,11220,11360,2,38,10,23,5,15.6549106579
12744,11220,11356,0,38,2,23,2,13.4312389444
12745,11220,10474,1,38,8,23,7,13.6298044164
12746,11220,11697,0,38,1,23,1,7.93811042132
12747,11220,10172,0,38,2,23,2,8.16321812541
12748,11220,11691,0,38,4,23,3,13.7660883627
12749,11220,10470,1,38,6,23,4,19.6471387318
12750,11220,11366,0,38,7,23,5,12.9838342386
12751,11220,10041,0,38,2,23,2,4.26127398687
12752,11220,10278,0,38,1,23,1,5.16308494274
12753,11220,10106,0,38,4,23,1,8.74177116089
12754,11220,11428,0,38,2,23,2,15.4030735227
12755,11220,10286,0,38,1,23,1,5.02704807392
12756,11220,10279,0,38,1,23,1,4.95665715796
12757,11220,10103,0,38,1,23,1,8.481022852
12758,11220,10196,0,38,1,23,1,9.8239236295
12759,11220,10154,0,38,1,23,1,8.35421201029
12760,11220,10119,0,38,2,23,2,7.64279834952
12761,11220,10464,0,38,5,23,4,19.0479395593
12762,11220,10166,0,38,2,23,2,8.07882624485
12763,11220,10203,0,38,1,23,1,9.8239236295
12764,11220,11359,0,38,2,23,2,16.3267005583
12765,11220,10177,0,38,1,23,1,8.13110470271
12766,11220,11040,0,38,1,23,1,19.02392895
12767,11220,11364,0,38,2,23,2,15.27301933
12768,11220,11692,0,38,2,23,2,12.0450305539
12769,11220,11423,0,38,1,23,1,13.9391608453
12770,11220,11415,0,38,2,23,2,10.7657703015
12771,11220,10175,0,38,2,23,1,8.0138679546
12772,11215,10012,5,123,445,95,357,4.08842814459
12773,11215,11222,2,123,110,95,71,4.56877605836
12774,11215,11231,4,123,65,95,44,1.18285621481
12775,11215,10019,5,123,637,95,440,6.77643967603
12776,11215,11102,2,123,35,95,30,7.84399184282
12777,11215,10003,4,123,493,95,400,4.48952674285
12778,11215,10020,1,123,143,95,116,6.29646914503
12779,11215,10018,3,123,339,95,256,6.05786622261
12780,11215,10001,7,123,670,95,468,5.77193352912
12781,11215,11365,3,123,21,95,9,11.2953809325
12782,11215,10007,4,123,1780,95,1042,3.45199837808
12783,11215,10022,4,123,228,95,164,6.38671999296
12784,11215,10013,0,123,745,95,406,3.81057042451
12785,11215,10472,2,123,23,95,8,12.8119152631
12786,11215,11226,4,123,195,95,123,2.20328466388
12787,11215,10027,2,123,141,95,83,10.1442280747
12788,11215,11210,3,123,34,95,20,3.44807239659
12789,11215,11693,0,123,6,95,6,9.98409356466
12790,11215,11432,1,123,49,95,36,10.6033642371
12791,11215,11103,3,123,35,95,26,7.66590343081
12792,11215,11237,2,123,64,95,53,4.24463484603
12793,11215,10010,3,123,218,95,181,4.9381389566
12794,11215,10014,4,123,397,95,286,4.75184944987
12795,11215,10009,0,123,135,95,91,4.12770412932
12796,11215,10036,3,123,826,95,656,6.35298770132
12797,11215,11216,3,123,60,95,49,2.15486697052
12798,11215,11418,0,123,15,95,11,8.26300454651
12799,11215,11109,0,123,5,95,5,6.13533498939
12800,11215,11371,2,123,71,95,65,9.25845781462
12801,11215,10460,3,123,42,95,22,13.1805748897
12802,11215,10048,0,123,86,95,65,3.37991690361
12803,11215,10128,4,123,51,95,40,8.1064498434
12804,11215,11375,4,123,44,95,27,8.20258079656
12805,11215,10023,4,123,210,95,134,7.4944259879
12806,11215,11211,3,123,352,95,256,3.48871935503
12807,11215,10011,5,123,437,95,352,5.12892629056
12808,11215,10025,2,123,143,95,65,9.08541387768
12809,11215,10032,2,123,65,95,28,12.171354012
12810,11215,11232,6,123,125,95,24,1.28375708225
12811,11215,11377,2,123,46,95,33,6.74574183034
12812,11215,11361,3,123,19,95,11,12.9266201525
12813,11215,11206,1,123,90,95,63,3.28857656913
12814,11215,11430,2,123,187,95,143,10.0489880023
12815,11215,10021,2,123,62,95,45,7.08724908455
12816,11215,11201,5,123,234,95,176,1.9253818913
12817,11215,11238,0,123,109,95,64,1.49137924577
12818,11215,10016,4,123,162,95,110,5.44480957364
12819,11215,11218,4,123,26,95,19,1.66319403979
12820,11215,10301,3,123,45,95,32,6.22307317743
12821,11215,10452,3,123,54,95,34,12.2732482958
12822,11215,10314,5,123,51,95,30,9.38806079978
12823,11215,10461,1,123,50,95,20,14.3641367284
12824,11215,11101,3,123,193,95,96,5.90030594366
12825,11215,10029,3,123,50,95,38,8.8135219777
12826,11215,10467,4,123,33,95,22,15.3884128173
12827,11215,11208,0,123,43,95,13,5.95385708525
12828,11215,10024,0,123,101,95,71,8.21509412671
12829,11215,10005,2,123,65,95,41,2.91862640191
12830,11215,10030,1,123,39,95,26,10.6268785145
12831,11215,10002,0,123,258,95,186,3.41859823454
12832,11215,11385,2,123,56,95,31,5.45493120068
12833,11215,11220,2,123,38,95,23,2.39690481496
12834,11215,11215,95,123,123,95,95,0.0
12835,11215,10038,4,123,174,95,85,3.0603003984
12836,11215,11217,4,123,92,95,71,1.0858329569
12837,11215,10462,3,123,104,95,58,13.7715023096
12838,11215,10040,2,123,80,95,27,13.5285800872
12839,11215,10457,3,123,28,95,16,13.1832326515
12840,11215,10017,2,123,277,95,161,5.88264319829
12841,11215,11433,2,123,18,95,12,10.6054099887
12842,11215,10308,0,123,8,95,8,11.826700789
12843,11215,10468,2,123,52,95,30,14.500277081
12844,11215,10111,0,123,15,95,13,6.34277594365
12845,11215,10309,3,123,23,95,15,15.2790262255
12846,11215,10034,1,123,68,95,33,14.2329347216
12847,11215,10028,2,123,89,95,53,7.71903912863
12848,11215,10035,3,123,65,95,32,9.69962420588
12849,11215,11228,1,123,10,95,8,3.7088883929
12850,11215,11105,1,123,25,95,19,8.43933272412
12851,11215,11355,2,123,26,95,18,10.3985879638
12852,11215,11209,4,123,49,95,28,3.82640285557
12853,11215,11213,0,123,35,95,20,2.69047233736
12854,11215,11369,2,123,12,95,8,8.93296542524
12855,11215,10031,1,123,64,95,45,11.1193234065
12856,11215,11221,0,123,120,95,61,3.51587207973
12857,11215,11212,0,123,12,95,10,3.81758674846
12858,11215,11233,0,123,74,95,34,3.58066877208
12859,11215,11368,2,123,62,95,41,8.64830182089
12860,11215,11205,0,123,37,95,31,2.12932943141
12861,11215,10069,0,123,14,95,8,7.45455525009
12862,11215,11203,0,123,39,95,8,3.04119145566
12863,11215,10459,1,123,16,95,8,11.9258601492
12864,11215,11219,0,123,6,95,4,2.48350351388
12865,11215,11434,3,123,32,95,16,11.1969476147
12866,11215,11230,0,123,11,95,5,3.26972484348
12867,11215,11373,3,123,53,95,27,7.3681843389
12868,11215,11362,1,123,8,95,5,14.6986061769
12869,11215,10305,0,123,11,95,8,6.66580222003
12870,11215,11104,1,123,8,95,6,6.30566716997
12871,11215,10004,3,123,168,95,99,3.64879127012
12872,11215,10275,0,123,13,95,7,7.82652353487
12873,11215,10118,0,123,4,95,3,5.62317338426
12874,11215,10026,1,123,57,95,43,9.47884081837
12875,11215,11235,2,123,19,95,14,6.06835588947
12876,11215,10469,0,123,44,95,12,15.6597531373
12877,11215,10281,0,123,31,95,24,3.59941535062
12878,11215,11223,0,123,10,95,7,4.83721431252
12879,11215,11379,3,123,33,95,13,6.51222764317
12880,11215,10465,4,123,37,95,16,14.0355321573
12881,11215,10455,1,123,20,95,11,11.0034314399
12882,11215,10466,0,123,16,95,11,17.0457599131
12883,11215,11239,1,123,4,95,2,5.78808246387
12884,11215,11207,2,123,86,95,31,4.8056417235
12885,11215,11367,2,123,35,95,17,9.59657609846
12886,11215,11106,0,123,21,95,19,7.11340214872
12887,11215,10471,2,123,19,95,15,16.6655220731
12888,11215,11234,2,123,50,95,15,4.76680416949
12889,11215,10167,0,123,11,95,4,6.05350445034
12890,11215,10453,1,123,21,95,16,13.368326777
12891,11215,10451,3,123,20,95,12,11.0164739241
12892,11215,10033,5,123,86,95,31,12.786294689
12893,11215,11354,2,123,38,95,25,10.9170955923
12894,11215,10463,4,123,36,95,16,15.2965139618
12895,11215,10169,0,123,4,95,4,6.02096202586
12896,11215,10456,2,123,21,95,12,11.8979546248
12897,11215,11420,0,123,8,95,7,9.00145193924
12898,11215,10153,0,123,6,95,5,6.67492380704
12899,11215,10307,0,123,6,95,3,17.4727201301
12900,11215,10306,0,123,17,95,8,9.70492687017
12901,11215,10165,0,123,2,95,2,5.86512255481
12902,11215,10303,2,123,11,95,7,9.65537841319
12903,11215,11224,0,123,22,95,13,6.28176321217
12904,11215,10304,0,123,8,95,5,6.85545555266
12905,11215,10458,3,123,34,95,31,14.4889529565
12906,11215,11414,2,123,13,95,7,7.50942186261
12907,11215,11204,1,123,9,95,8,3.35129684809
12908,11215,11372,2,123,16,95,11,7.79688238506
12909,11215,11357,0,123,9,95,6,12.2819843533
12910,11215,10044,0,123,9,95,8,6.80644657206
12911,11215,11229,3,123,27,95,14,5.25658429019
12912,11215,11236,1,123,15,95,9,4.6932347771
12913,11215,10302,3,123,5,95,5,8.35099364577
12914,11215,11422,1,123,11,95,8,13.1643730322
12915,11215,10312,0,123,4,95,2,13.1994931788
12916,11215,10310,1,123,27,95,6,7.25092909773
12917,11215,11429,1,123,8,95,6,13.2612340492
12918,11215,10152,0,123,2,95,2,6.32538704818
12919,11215,11214,0,123,10,95,6,4.75972891672
12920,11215,11435,3,123,41,95,23,9.50077598013
12921,11215,10039,2,123,8,95,7,11.2408020962
12922,11215,10121,0,123,1,95,1,5.6769016919
12923,11215,11413,2,123,14,95,7,12.3056720585
12924,11215,10473,2,123,14,95,9,12.3598682351
12925,11215,10454,2,123,19,95,10,10.2234245221
12926,11215,11416,2,123,5,95,5,7.19101046549
12927,11215,10280,0,123,5,95,3,3.23465131013
12928,11215,11694,0,123,5,95,4,9.61167107962
12929,11215,11358,0,123,6,95,4,11.8391960101
12930,11215,11421,1,123,4,95,4,6.87987522592
12931,11215,11412,0,123,4,95,4,12.0531970991
12932,11215,10174,0,123,2,95,2,5.83221790331
12933,11215,11417,1,123,3,95,3,7.42012734484
12934,11215,11427,2,123,5,95,4,13.1718211002
12935,11215,11411,0,123,4,95,2,13.247663209
12936,11215,11374,3,123,10,95,9,7.65490612531
12937,11215,10096,0,123,2,95,2,7.82652353487
12938,11215,10006,0,123,19,95,18,3.14719958582
12939,11215,10037,2,123,15,95,10,10.3949550724
12940,11215,11370,1,123,8,95,4,8.26747436262
12941,11215,10475,3,123,15,95,11,16.8114689644
12942,11215,11225,1,123,17,95,13,1.63441730484
12943,11215,10282,0,123,10,95,9,3.74485921488
12944,11215,11426,2,123,12,95,5,14.5918407666
12945,11215,11378,3,123,18,95,7,5.84787619681
12946,11215,10107,0,123,1,95,1,6.82744202618
12947,11215,11251,0,123,4,95,3,2.63356253966
12948,11215,11436,2,123,6,95,3,9.92614475018
12949,11215,11360,2,123,10,95,5,13.308084933
12950,11215,11356,0,123,2,95,2,11.0346682335
12951,11215,10474,1,123,8,95,7,11.294282609
12952,11215,11697,0,123,1,95,1,8.43327938842
12953,11215,10172,0,123,2,95,2,6.09929201081
12954,11215,11691,0,123,4,95,3,12.7593368177
12955,11215,10470,1,123,6,95,4,17.3684350975
12956,11215,11366,0,123,7,95,5,10.7955479653
12957,11215,10041,0,123,2,95,2,2.76887650749
12958,11215,10278,0,123,1,95,1,3.46358574024
12959,11215,10106,0,123,4,95,1,6.7493828278
12960,11215,11428,0,123,2,95,2,13.3333375168
12961,11215,10286,0,123,1,95,1,3.50734063804
12962,11215,10279,0,123,1,95,1,3.36689380763
12963,11215,10103,0,123,1,95,1,6.45812678978
12964,11215,10196,0,123,1,95,1,7.82652353487
12965,11215,10154,0,123,1,95,1,6.27998944486
12966,11215,10119,0,123,2,95,2,5.76171744584
12967,11215,10464,0,123,5,95,4,16.6542476728
12968,11215,10166,0,123,2,95,2,6.02899453339
12969,11215,10203,0,123,1,95,1,7.82652353487
12970,11215,11359,0,123,2,95,2,13.9628718878
12971,11215,10177,0,123,1,95,1,6.08148376777
12972,11215,11040,0,123,1,95,1,16.9221118928
12973,11215,11364,0,123,2,95,2,13.0491879671
12974,11215,11692,0,123,2,95,2,11.2319955294
12975,11215,11423,0,123,1,95,1,11.8633803394
12976,11215,11415,0,123,2,95,2,8.62663574451
12977,11215,10175,0,123,2,95,1,5.99697227045
12978,10038,10012,4,174,445,85,357,1.1576344356
12979,10038,11222,1,174,110,85,71,3.25694446156
12980,10038,11231,2,174,65,85,44,2.13137309114
12981,10038,10019,9,174,637,85,440,3.98106112272
12982,10038,11102,2,174,35,85,30,5.93941580121
12983,10038,10003,3,174,493,85,400,1.74518829188
12984,10038,10020,3,174,143,85,116,3.5968286015
12985,10038,10018,5,174,339,85,256,3.1804771043
12986,10038,10001,7,174,670,85,468,2.85812746233
12987,10038,11365,2,174,21,85,9,11.2887298872
12988,10038,10007,13,174,1780,85,1042,0.397072607447
12989,10038,10022,4,174,228,85,164,3.90212104184
12990,10038,10013,3,174,745,85,406,0.762963218606
12991,10038,10472,2,174,23,85,8,10.941158065
12992,10038,11226,4,174,195,85,123,5.11368459901
12993,10038,10027,4,174,141,85,83,7.55115637964
12994,10038,11210,4,174,34,85,20,6.4134768736
12995,10038,11693,0,174,6,85,6,12.404100712
12996,10038,11432,2,174,49,85,36,11.0521147305
12997,10038,11103,3,174,35,85,26,6.10047757337
12998,10038,11237,2,174,64,85,53,4.41775980899
12999,10038,10010,3,174,218,85,181,2.32075368967
13000,10038,10014,4,174,397,85,286,1.73011099141
13001,10038,10009,0,174,135,85,91,1.77997017474
13002,10038,10036,5,174,826,85,656,3.51049741473
13003,10038,11216,3,174,60,85,49,3.54264529839
13004,10038,11418,0,174,15,85,11,8.9604309138
13005,10038,11109,0,174,5,85,5,8.05607112223
13006,10038,11371,2,174,71,85,65,8.00388442301
13007,10038,10460,2,174,42,85,22,11.1300472389
13008,10038,10048,0,174,86,85,65,0.482169030177
13009,10038,10128,4,174,51,85,40,5.71351735144
13010,10038,11375,5,174,44,85,27,8.32044908721
13011,10038,10023,6,174,210,85,134,4.71149644785
13012,10038,11211,3,174,352,85,256,2.59813399174
13013,10038,10011,6,174,437,85,352,2.17011668592
13014,10038,10025,3,174,143,85,65,6.4066002789
13015,10038,10032,3,174,65,85,28,9.60920629202
13016,10038,11232,3,174,125,85,24,3.73975484587
13017,10038,11377,2,174,46,85,33,5.72159127653
13018,10038,11361,3,174,19,85,11,12.6102689456
13019,10038,11206,0,174,90,85,63,3.23090406603
13020,10038,11430,2,174,187,85,143,11.6630880667
13021,10038,10021,3,174,62,85,45,4.64446387952
13022,10038,11201,8,174,234,85,176,1.25390763562
13023,10038,11238,2,174,109,85,64,2.96771109731
13024,10038,10016,5,174,162,85,110,2.86630557023
13025,10038,11218,3,174,26,85,19,4.7234810396
13026,10038,10301,2,174,45,85,32,7.18241829816
13027,10038,10452,2,174,54,85,34,9.87476177768
13028,10038,10314,5,174,51,85,30,10.3013779713
13029,10038,10461,1,174,50,85,20,12.6435329605
13030,10038,11101,4,174,193,85,96,4.18909494003
13031,10038,10029,3,174,50,85,38,6.41685164809
13032,10038,10467,3,174,33,85,22,13.2461378491
13033,10038,11208,0,174,43,85,13,7.34747815991
13034,10038,10024,3,174,101,85,71,5.47362940277
13035,10038,10005,3,174,65,85,41,0.361559167208
13036,10038,10030,2,174,39,85,26,8.12287773546
13037,10038,10002,4,174,258,85,186,1.01112263312
13038,10038,11385,1,174,56,85,31,5.83600219459
13039,10038,11220,2,174,38,85,23,4.75139514101
13040,10038,11215,4,174,123,85,95,3.0603003984
13041,10038,10038,85,174,174,85,85,0.0
13042,10038,11217,4,174,92,85,71,2.3371705578
13043,10038,10462,4,174,104,85,58,11.8938673341
13044,10038,10040,2,174,80,85,27,11.012280337
13045,10038,10457,3,174,28,85,16,10.9459281254
13046,10038,10017,4,174,277,85,161,3.36142210447
13047,10038,11433,2,174,18,85,12,11.3952205098
13048,10038,10308,0,174,8,85,8,13.3915283842
13049,10038,10468,2,174,52,85,30,12.1671553578
13050,10038,10111,0,174,15,85,13,3.67993890334
13051,10038,10309,3,174,23,85,15,16.5935193006
13052,10038,10034,2,174,68,85,33,11.7505286611
13053,10038,10028,3,174,89,85,53,5.31036637426
13054,10038,10035,2,174,65,85,32,7.3787470365
13055,10038,11228,1,174,10,85,8,6.37000810031
13056,10038,11105,0,174,25,85,19,6.72590837055
13057,10038,11355,2,174,26,85,18,10.0532805593
13058,10038,11209,5,174,49,85,28,6.11497380453
13059,10038,11213,0,174,35,85,20,4.50583764547
13060,10038,11369,2,174,12,85,8,7.89290325949
13061,10038,10031,1,174,64,85,45,8.54007336887
13062,10038,11221,0,174,120,85,61,4.25322154925
13063,10038,11212,0,174,12,85,10,5.76789457438
13064,10038,11233,0,174,74,85,34,5.0065787485
13065,10038,11368,2,174,62,85,41,8.0511726563
13066,10038,11205,1,174,37,85,31,2.27956098274
13067,10038,10069,0,174,14,85,8,4.59252291904
13068,10038,11203,0,174,39,85,8,5.59053334151
13069,10038,10459,1,174,16,85,8,9.86571850546
13070,10038,11219,0,174,6,85,4,5.34287833815
13071,10038,11434,2,174,32,85,16,12.3651012722
13072,10038,11230,0,174,11,85,5,6.32904535
13073,10038,11373,2,174,53,85,27,6.84118884643
13074,10038,11362,1,174,8,85,5,14.6078203345
13075,10038,10305,0,174,11,85,8,8.5070983302
13076,10038,11104,1,174,8,85,6,5.00608254314
13077,10038,10004,3,174,168,85,99,2.09857124442
13078,10038,10275,0,174,13,85,7,5.09720787977
13079,10038,10118,1,174,4,85,3,2.85924191366
13080,10038,10026,0,174,57,85,43,6.92326164197
13081,10038,11235,1,174,19,85,14,9.12864792392
13082,10038,10469,0,174,44,85,12,13.6936721935
13083,10038,10281,1,174,31,85,24,0.685524157251
13084,10038,11223,0,174,10,85,7,7.87056106905
13085,10038,11379,3,174,33,85,13,6.5463568873
13086,10038,10465,3,174,37,85,16,12.6283801292
13087,10038,10455,0,174,20,85,11,8.87227351119
13088,10038,10466,0,174,16,85,11,14.9638435132
13089,10038,11239,0,174,4,85,2,7.88332034323
13090,10038,11207,2,174,86,85,31,6.33970217597
13091,10038,11367,2,174,35,85,17,9.65442006997
13092,10038,11106,0,174,21,85,19,5.2339383394
13093,10038,10471,2,174,19,85,15,14.1969100809
13094,10038,11234,1,174,50,85,15,7.62330849709
13095,10038,10167,0,174,11,85,4,3.46274492071
13096,10038,10453,1,174,21,85,16,10.9940149672
13097,10038,10451,3,174,20,85,12,8.71109554021
13098,10038,10033,4,174,86,85,31,10.2514529008
13099,10038,11354,2,174,38,85,25,10.2047010965
13100,10038,10463,4,174,36,85,16,12.8578718974
13101,10038,10169,1,174,4,85,4,3.41284901929
13102,10038,10456,2,174,21,85,12,9.66685628842
13103,10038,11420,0,174,8,85,7,10.2530841369
13104,10038,10153,0,174,6,85,5,4.069377204
13105,10038,10307,0,174,6,85,3,18.7804297573
13106,10038,10306,1,174,17,85,8,11.3898724646
13107,10038,10165,0,174,2,85,2,3.21865821855
13108,10038,10303,2,174,11,85,7,10.0101904238
13109,10038,11224,0,174,22,85,13,9.20464320954
13110,10038,10304,0,174,8,85,5,8.3602948993
13111,10038,10458,4,174,34,85,31,12.2440715261
13112,10038,11414,2,174,13,85,7,9.14588772697
13113,10038,11204,1,174,9,85,8,6.3391642403
13114,10038,11372,2,174,16,85,11,6.85764729286
13115,10038,11357,0,174,9,85,6,11.4338187986
13116,10038,10044,0,174,9,85,8,4.61505646429
13117,10038,11229,3,174,27,85,14,8.29637182294
13118,10038,11236,1,174,15,85,9,7.09808649069
13119,10038,10302,2,174,5,85,5,8.86410771526
13120,10038,11422,0,174,11,85,8,14.4740733453
13121,10038,10312,0,174,4,85,2,14.6442462749
13122,10038,10310,0,174,27,85,6,7.94843927366
13123,10038,11429,1,174,8,85,6,13.8948453719
13124,10038,10152,0,174,2,85,2,3.75779956432
13125,10038,11214,1,174,10,85,6,7.64757054049
13126,10038,11435,2,174,41,85,23,10.1978130716
13127,10038,10039,2,174,8,85,7,8.76452594569
13128,10038,10121,0,174,1,85,1,2.82580770866
13129,10038,11413,2,174,14,85,7,13.5265038369
13130,10038,10473,2,174,14,85,9,10.6794626123
13131,10038,10454,2,174,19,85,10,8.07237482414
13132,10038,11416,2,174,5,85,5,8.25675812323
13133,10038,10280,0,174,5,85,3,0.758486859836
13134,10038,11694,0,174,5,85,4,12.331561099
13135,10038,11358,0,174,6,85,4,11.4438865634
13136,10038,11421,1,174,4,85,4,7.74366020277
13137,10038,11412,0,174,4,85,4,12.850974646
13138,10038,10174,0,174,2,85,2,3.2599184773
13139,10038,11417,1,174,3,85,3,8.67129054607
13140,10038,11427,2,174,5,85,4,13.4921327377
13141,10038,11411,0,174,4,85,2,14.1130894211
13142,10038,11374,3,174,10,85,9,7.56833124513
13143,10038,10096,0,174,2,85,2,5.09720787977
13144,10038,10006,1,174,19,85,18,0.527395039163
13145,10038,10037,2,174,15,85,10,7.98430669583
13146,10038,11370,1,174,8,85,4,6.98597132504
13147,10038,10475,3,174,15,85,11,14.9369279515
13148,10038,11225,1,174,17,85,13,4.11431390066
13149,10038,10282,0,174,10,85,9,0.763158227004
13150,10038,11426,2,174,12,85,5,14.9161144132
13151,10038,11378,2,174,18,85,7,5.39216237815
13152,10038,10107,0,174,1,85,1,4.06708080106
13153,10038,11251,0,174,4,85,3,5.41651199816
13154,10038,11436,2,174,6,85,3,11.1337594515
13155,10038,11360,2,174,10,85,5,12.7084751848
13156,10038,11356,0,174,2,85,2,9.89134124092
13157,10038,10474,1,174,8,85,7,9.38847147262
13158,10038,11697,0,174,1,85,1,11.4555560069
13159,10038,10172,0,174,2,85,2,3.51297141341
13160,10038,11691,0,174,4,85,3,14.8898242524
13161,10038,10470,1,174,6,85,4,15.1584592667
13162,10038,11366,0,174,7,85,5,11.0121001189
13163,10038,10041,0,174,2,85,2,0.569179370995
13164,10038,10278,0,174,1,85,1,0.417346963605
13165,10038,10106,0,174,4,85,1,4.02309912702
13166,10038,11428,0,174,2,85,2,13.794291836
13167,10038,10286,0,174,1,85,1,0.534937353161
13168,10038,10279,0,174,1,85,1,0.34826963287
13169,10038,10103,0,174,1,85,1,3.78601872554
13170,10038,10196,0,174,1,85,1,5.09720787977
13171,10038,10154,0,174,1,85,1,3.70891607207
13172,10038,10119,1,174,2,85,2,2.89487817323
13173,10038,10464,0,174,5,85,4,15.1684486008
13174,10038,10166,0,174,2,85,2,3.41690324771
13175,10038,10203,0,174,1,85,1,5.09720787977
13176,10038,11359,0,174,2,85,2,13.2178508848
13177,10038,10177,0,174,1,85,1,3.46739321844
13178,10038,11040,0,174,1,85,1,17.1985478837
13179,10038,11364,0,174,2,85,2,13.045972707
13180,10038,11692,0,174,2,85,2,13.5772063493
13181,10038,11423,0,174,1,85,1,12.364504032
13182,10038,11415,0,174,2,85,2,9.13436794712
13183,10038,10175,0,174,2,85,1,3.32454147602
13184,11217,10012,3,92,445,71,357,3.21301574905
13185,11217,11222,0,92,110,71,71,3.48900236319
13186,11217,11231,1,92,65,71,44,1.31773954375
13187,11217,10019,6,92,637,71,440,5.78465472078
13188,11217,11102,0,92,35,71,30,6.75891810347
13189,11217,10003,6,92,493,71,400,3.53121902776
13190,11217,10020,2,92,143,71,116,5.28550700319
13191,11217,10018,3,92,339,71,256,5.10356320101
13192,11217,10001,7,92,670,71,468,4.83781736476
13193,11217,11365,0,92,21,71,9,10.5131540146
13194,11217,10007,3,92,1780,71,1042,2.73142125791
13195,11217,10022,4,92,228,71,164,5.33660654925
13196,11217,10013,2,92,745,71,406,3.02659388877
13197,11217,10472,0,92,23,71,8,11.733841141
13198,11217,11226,2,92,195,71,123,2.79870011636
13199,11217,10027,2,92,141,71,83,9.08939865925
13200,11217,11210,2,92,34,71,20,4.10375061195
13201,11217,11693,0,92,6,71,6,10.1745505917
13202,11217,11432,1,92,49,71,36,9.94322591454
13203,11217,11103,1,92,35,71,26,6.59448794896
13204,11217,11237,0,92,64,71,53,3.37647743499
13205,11217,10010,3,92,218,71,181,3.93467876931
13206,11217,10014,2,92,397,71,286,3.90781487058
13207,11217,10009,1,92,135,71,91,3.1055952222
13208,11217,10036,2,92,826,71,656,5.38149491378
13209,11217,11216,2,92,60,71,49,1.55874796279
13210,11217,11418,1,92,15,71,11,7.65681820428
13211,11217,11109,0,92,5,71,5,6.01060825661
13212,11217,11371,1,92,71,71,65,8.22426790456
13213,11217,10460,0,92,42,71,22,12.0960128044
13214,11217,10048,0,92,86,71,65,2.74871875301
13215,11217,10128,2,92,51,71,40,7.03573232913
13216,11217,11375,6,92,44,71,27,7.42266257598
13217,11217,10023,2,92,210,71,134,6.49220119525
13218,11217,11211,2,92,352,71,256,2.41166221818
13219,11217,10011,4,92,437,71,352,4.23084899382
13220,11217,10025,2,92,143,71,65,8.04891135618
13221,11217,10032,1,92,65,71,28,11.1079769927
13222,11217,11232,1,92,125,71,24,2.30141785942
13223,11217,11377,0,92,46,71,33,5.71923782423
13224,11217,11361,1,92,19,71,11,12.0788686366
13225,11217,11206,0,92,90,71,63,2.30727166588
13226,11217,11430,0,92,187,71,143,9.81582748938
13227,11217,10021,1,92,62,71,45,6.02644222504
13228,11217,11201,11,92,234,71,176,1.0851924599
13229,11217,11238,5,92,109,71,64,0.812769977526
13230,11217,10016,4,92,162,71,110,4.42237332659
13231,11217,11218,1,92,26,71,19,2.59206726605
13232,11217,10301,0,92,45,71,32,7.03746164987
13233,11217,10452,0,92,54,71,34,11.1948553511
13234,11217,10314,3,92,51,71,30,10.229465787
13235,11217,10461,0,92,50,71,20,13.2977845248
13236,11217,11101,2,92,193,71,96,4.81560924801
13237,11217,10029,2,92,50,71,38,7.74084543151
13238,11217,10467,1,92,33,71,22,14.3028472821
13239,11217,11208,0,92,43,71,13,5.57245059537
13240,11217,10024,1,92,101,71,71,7.19685953754
13241,11217,10005,2,92,65,71,41,2.30965456042
13242,11217,10030,0,92,39,71,26,9.5597537364
13243,11217,10002,3,92,258,71,186,2.45923488579
13244,11217,11385,1,92,56,71,31,4.69214621465
13245,11217,11220,0,92,38,71,23,3.44051911721
13246,11217,11215,4,92,123,71,95,1.0858329569
13247,11217,10038,4,92,174,71,85,2.3371705578
13248,11217,11217,71,92,92,71,71,0.0
13249,11217,10462,2,92,104,71,58,12.6939939465
13250,11217,10040,0,92,80,71,27,12.4582923085
13251,11217,10457,0,92,28,71,16,12.0980170596
13252,11217,10017,3,92,277,71,161,4.84360048383
13253,11217,11433,0,92,18,71,12,10.0548199617
13254,11217,10308,0,92,8,71,8,12.8167024873
13255,11217,10468,0,92,52,71,30,13.4171381653
13256,11217,10111,0,92,15,71,13,5.32318768252
13257,11217,10309,1,92,23,71,15,16.232692702
13258,11217,10034,1,92,68,71,33,13.1588468479
13259,11217,10028,1,92,89,71,53,6.65131690015
13260,11217,10035,1,92,65,71,32,8.61994095481
13261,11217,11228,0,92,10,71,8,4.7947028428
13262,11217,11105,0,92,25,71,19,7.36199042286
13263,11217,11355,0,92,26,71,18,9.52857076247
13264,11217,11209,3,92,49,71,28,4.88325419121
13265,11217,11213,1,92,35,71,20,2.39838873872
13266,11217,11369,0,92,12,71,8,7.92464577735
13267,11217,10031,1,92,64,71,45,10.0601311025
13268,11217,11221,0,92,120,71,61,2.77565113596
13269,11217,11212,1,92,12,71,10,3.65870749918
13270,11217,11233,0,92,74,71,34,3.13273243622
13271,11217,11368,1,92,62,71,41,7.71099806643
13272,11217,11205,3,92,37,71,31,1.06475349724
13273,11217,10069,0,92,14,71,8,6.47816234666
13274,11217,11203,0,92,39,71,8,3.27614473023
13275,11217,10459,0,92,16,71,8,10.8406583605
13276,11217,11219,0,92,6,71,4,3.56001971927
13277,11217,11434,0,92,32,71,16,10.7874197358
13278,11217,11230,0,92,11,71,5,4.13951388746
13279,11217,11373,0,92,53,71,27,6.4290252746
13280,11217,11362,0,92,8,71,5,13.9133146242
13281,11217,10305,0,92,11,71,8,7.67832621169
13282,11217,11104,1,92,8,71,6,5.24521368559
13283,11217,10004,2,92,168,71,99,3.53117284402
13284,11217,10275,0,92,13,71,7,6.80793821632
13285,11217,10118,1,92,4,71,3,4.6390218006
13286,11217,10026,0,92,57,71,43,8.42084088362
13287,11217,11235,0,92,19,71,14,6.93582986975
13288,11217,10469,1,92,44,71,12,14.5792250124
13289,11217,10281,2,92,31,71,24,2.97446017097
13290,11217,11223,0,92,10,71,7,5.79984265931
13291,11217,11379,1,92,33,71,13,5.68206349892
13292,11217,10465,1,92,37,71,16,12.9998421799
13293,11217,10455,0,92,20,71,11,9.91761455856
13294,11217,10466,0,92,16,71,11,15.9616426903
13295,11217,11239,0,92,4,71,2,5.75468838828
13296,11217,11207,0,92,86,71,31,4.45899073832
13297,11217,11367,0,92,35,71,17,8.81691621531
13298,11217,11106,0,92,21,71,19,6.02798060228
13299,11217,10471,0,92,19,71,15,15.5886594553
13300,11217,11234,1,92,50,71,15,5.28665889244
13301,11217,10167,0,92,11,71,4,5.02371280907
13302,11217,10453,0,92,21,71,16,12.2876337406
13303,11217,10451,1,92,20,71,12,9.93443488411
13304,11217,10033,2,92,86,71,31,11.7188434209
13305,11217,11354,0,92,38,71,25,9.97581971039
13306,11217,10463,2,92,36,71,16,14.2183489046
13307,11217,10169,1,92,4,71,4,4.99476927885
13308,11217,10456,0,92,21,71,12,10.813034835
13309,11217,11420,0,92,8,71,7,8.60610025586
13310,11217,10153,0,92,6,71,5,5.64066488027
13311,11217,10307,0,92,6,71,3,18.4295706466
13312,11217,10306,2,92,17,71,8,10.7078715953
13313,11217,10165,0,92,2,71,2,4.84870342463
13314,11217,10303,0,92,11,71,7,10.3565589235
13315,11217,11224,0,92,22,71,13,7.31623224895
13316,11217,10304,0,92,8,71,5,7.80569142736
13317,11217,10458,2,92,34,71,31,13.4035746735
13318,11217,11414,0,92,13,71,7,7.26254153186
13319,11217,11204,1,92,9,71,8,4.3722327345
13320,11217,11372,1,92,16,71,11,6.79345475235
13321,11217,11357,0,92,9,71,6,11.3232836745
13322,11217,10044,0,92,9,71,8,5.72715652661
13323,11217,11229,1,92,27,71,14,6.03156641395
13324,11217,11236,1,92,15,71,9,4.84050437798
13325,11217,10302,0,92,5,71,5,9.08072708166
13326,11217,11422,0,92,11,71,8,12.821435709
13327,11217,10312,0,92,4,71,2,14.1721495484
13328,11217,10310,0,92,27,71,6,8.01458298052
13329,11217,11429,0,92,8,71,6,12.6765790254
13330,11217,10152,0,92,2,71,2,5.28830681473
13331,11217,11214,1,92,10,71,6,5.81368823539
13332,11217,11435,0,92,41,71,23,8.90899370416
13333,11217,10039,0,92,8,71,7,10.1697838398
13334,11217,10121,0,92,1,71,1,4.71918924428
13335,11217,11413,0,92,14,71,7,11.9233585728
13336,11217,10473,0,92,14,71,9,11.2936396993
13337,11217,10454,0,92,19,71,10,9.13788263158
13338,11217,11416,0,92,5,71,5,6.69955528593
13339,11217,10280,0,92,5,71,3,2.73366117744
13340,11217,11694,0,92,5,71,4,10.0123302513
13341,11217,11358,0,92,6,71,4,10.9677989846
13342,11217,11421,0,92,4,71,4,6.3086543585
13343,11217,11412,0,92,4,71,4,11.5157537712
13344,11217,10174,0,92,2,71,2,4.80226050037
13345,11217,11417,1,92,3,71,3,7.00507300618
13346,11217,11427,0,92,5,71,4,12.4908092014
13347,11217,11411,0,92,4,71,2,12.7403029107
13348,11217,11374,1,92,10,71,9,6.81526332965
13349,11217,10096,0,92,2,71,2,6.80793821632
13350,11217,10006,1,92,19,71,18,2.58196108609
13351,11217,10037,0,92,15,71,10,9.31988044786
13352,11217,11370,1,92,8,71,4,7.22429591117
13353,11217,10475,1,92,15,71,11,15.7365339522
13354,11217,11225,0,92,17,71,13,1.78384758513
13355,11217,10282,0,92,10,71,9,3.08812275711
13356,11217,11426,0,92,12,71,5,13.9189095584
13357,11217,11378,0,92,18,71,7,4.89516348751
13358,11217,10107,0,92,1,71,1,5.82527011835
13359,11217,11251,0,92,4,71,3,3.07974925929
13360,11217,11436,0,92,6,71,3,9.52210307681
13361,11217,11360,0,92,10,71,5,12.4009417783
13362,11217,11356,0,92,2,71,2,10.0237029055
13363,11217,10474,0,92,8,71,7,10.2130095061
13364,11217,11697,0,92,1,71,1,9.16004224268
13365,11217,10172,0,92,2,71,2,5.06811748965
13366,11217,11691,0,92,4,71,3,12.7913365948
13367,11217,10470,0,92,6,71,4,16.2826023542
13368,11217,11366,0,92,7,71,5,10.0694129221
13369,11217,10041,0,92,2,71,2,2.22731183621
13370,11217,10278,0,92,1,71,1,2.69571187616
13371,11217,10106,0,92,4,71,1,5.73938835452
13372,11217,11428,0,92,2,71,2,12.6950235859
13373,11217,10286,0,92,1,71,1,2.84940380553
13374,11217,10279,0,92,1,71,1,2.67835255656
13375,11217,10103,0,92,1,71,1,5.43911086338
13376,11217,10196,0,92,1,71,1,6.80793821632
13377,11217,10154,0,92,1,71,1,5.24400334632
13378,11217,10119,1,92,2,71,2,4.80826128621
13379,11217,10464,0,92,5,71,4,15.6140110598
13380,11217,10166,0,92,2,71,2,5.00343526872
13381,11217,10203,0,92,1,71,1,6.80793821632
13382,11217,11359,0,92,2,71,2,13.0298273505
13383,11217,10177,0,92,1,71,1,5.05559058723
13384,11217,11040,0,92,1,71,1,16.2441993714
13385,11217,11364,0,92,2,71,2,12.2785824463
13386,11217,11692,0,92,2,71,2,11.3804617456
13387,11217,11423,0,92,1,71,1,11.2286384277
13388,11217,11415,0,92,2,71,2,7.9643962115
13389,11217,10175,0,92,2,71,1,4.98405605624
13390,10462,10012,6,104,445,58,357,10.8631593088
13391,10462,11222,1,104,110,58,71,9.20514863096
13392,10462,11231,2,104,65,58,44,13.5685422856
13393,10462,10019,6,104,637,58,440,8.49499252156
13394,10462,11102,4,104,35,58,30,5.9917577861
13395,10462,10003,5,104,493,58,400,10.2113549837
13396,10462,10020,3,104,143,58,116,8.59495159935
13397,10462,10018,6,104,339,58,256,9.27510881943
13398,10462,10001,12,104,670,58,468,9.59713918295
13399,10462,11365,2,104,21,58,9,7.92934990798
13400,10462,10007,19,104,1780,58,1042,11.7495805344
13401,10462,10022,4,104,228,58,164,8.08794258262
13402,10462,10013,2,104,745,58,406,11.3778888537
13403,10462,10472,2,104,23,58,8,0.961435481702
13404,10462,11226,12,104,195,58,123,14.5084394476
13405,10462,10027,3,104,141,58,83,5.44620939766
13406,10462,11210,5,104,34,58,20,15.4699067644
13407,10462,11693,0,104,6,58,6,17.0427631216
13408,10462,11432,5,104,49,58,36,9.4766836897
13409,10462,11103,2,104,35,58,26,6.11459400924
13410,10462,11237,2,104,64,58,53,10.104380403
13411,10462,10010,6,104,218,58,181,9.62104898612
13412,10462,10014,3,104,397,58,286,10.6851843735
13413,10462,10009,1,104,135,58,91,10.1332916288
13414,10462,10036,8,104,826,58,656,8.95163113246
13415,10462,11216,4,104,60,58,49,12.1128442729
13416,10462,11418,0,104,15,58,11,10.0010528052
13417,10462,11109,0,104,5,58,5,13.1808165842
13418,10462,11371,2,104,71,58,65,4.91368196221
13419,10462,10460,4,104,42,58,22,1.14238800254
13420,10462,10048,0,104,86,58,65,12.0637568561
13421,10462,10128,4,104,51,58,40,6.35998022597
13422,10462,11375,8,104,44,58,27,8.42020466694
13423,10462,10023,4,104,210,58,134,7.95054052961
13424,10462,11211,5,104,352,58,256,10.2831946291
13425,10462,10011,5,104,437,58,352,10.1879338296
13426,10462,10025,3,104,143,58,65,6.48255106217
13427,10462,10032,4,104,65,58,28,4.34657338472
13428,10462,11232,2,104,125,58,24,14.9782528631
13429,10462,11377,2,104,46,58,33,7.24985324403
13430,10462,11361,2,104,19,58,11,7.03119749083
13431,10462,11206,0,104,90,58,63,10.6126498577
13432,10462,11430,2,104,187,58,143,13.6310098953
13433,10462,10021,3,104,62,58,45,7.37613060629
13434,10462,11201,7,104,234,58,176,12.2297109062
13435,10462,11238,1,104,109,58,64,12.4397382023
13436,10462,10016,5,104,162,58,110,9.09943358062
13437,10462,11218,3,104,26,58,19,14.9621848706
13438,10462,10301,2,104,45,58,32,19.0739257279
13439,10462,10452,2,104,54,58,34,3.34761650474
13440,10462,10314,8,104,51,58,30,22.1594617192
13441,10462,10461,1,104,50,58,20,1.0718315466
13442,10462,11101,8,104,193,58,96,7.90220525404
13443,10462,10029,4,104,50,58,38,5.74877701449
13444,10462,10467,4,104,33,58,22,2.1514941239
13445,10462,11208,0,104,43,58,13,11.7190420795
13446,10462,10024,2,104,101,58,71,7.30704738548
13447,10462,10005,3,104,65,58,41,12.2534985101
13448,10462,10030,2,104,39,58,26,4.74809302734
13449,10462,10002,1,104,258,58,186,10.9499340634
13450,10462,11385,1,104,56,58,31,9.7651049051
13451,10462,11220,2,104,38,58,23,16.1201147772
13452,10462,11215,3,104,123,58,95,13.7715023096
13453,10462,10038,4,104,174,58,85,11.8938673341
13454,10462,11217,2,104,92,58,71,12.6939939465
13455,10462,10462,58,104,104,58,58,0.0
13456,10462,10040,2,104,80,58,27,3.83658788388
13457,10462,10457,3,104,28,58,16,2.11916651873
13458,10462,10017,5,104,277,58,161,8.60946104669
13459,10462,11433,2,104,18,58,12,10.7224295748
13460,10462,10308,0,104,8,58,8,25.2673807196
13461,10462,10468,2,104,52,58,30,2.73346856118
13462,10462,10111,0,104,15,58,13,8.47197881301
13463,10462,10309,3,104,23,58,15,28.4835094436
13464,10462,10034,2,104,68,58,33,3.66517334111
13465,10462,10028,3,104,89,58,53,6.7396384858
13466,10462,10035,2,104,65,58,32,4.79353731932
13467,10462,11228,1,104,10,58,8,17.4573682097
13468,10462,11105,0,104,25,58,19,5.33221764971
13469,10462,11355,2,104,26,58,18,6.71961341932
13470,10462,11209,4,104,49,58,28,17.5672243161
13471,10462,11213,0,104,35,58,20,12.4700495699
13472,10462,11369,2,104,12,58,8,5.50866865352
13473,10462,10031,1,104,64,58,45,4.85262185017
13474,10462,11221,0,104,120,58,61,11.0050231379
13475,10462,11212,0,104,12,58,10,12.7461602753
13476,10462,11233,1,104,74,58,34,11.8277530976
13477,10462,11368,2,104,62,58,41,6.55994251457
13478,10462,11205,2,104,37,58,31,11.642696978
13479,10462,10069,0,104,14,58,8,8.30604944877
13480,10462,11203,0,104,39,58,8,13.8859222988
13481,10462,10459,1,104,16,58,8,2.1522966295
13482,10462,11219,0,104,6,58,4,16.1751546996
13483,10462,11434,2,104,32,58,16,12.3922383724
13484,10462,11230,0,104,11,58,5,16.108548784
13485,10462,11373,3,104,53,58,27,7.3915349556
13486,10462,11362,2,104,8,58,5,8.69681222884
13487,10462,10305,0,104,11,58,8,20.2628594833
13488,10462,11104,1,104,8,58,6,7.50142320854
13489,10462,10004,3,104,168,58,99,13.7482450999
13490,10462,10275,0,104,13,58,7,7.52339581058
13491,10462,10118,1,104,4,58,3,9.28897562688
13492,10462,10026,0,104,57,58,43,5.72123265142
13493,10462,11235,1,104,19,58,14,18.4650337291
13494,10462,10469,1,104,44,58,12,1.9196059423
13495,10462,10281,1,104,31,58,24,12.028628573
13496,10462,11223,0,104,10,58,7,17.8649006995
13497,10462,11379,3,104,33,58,13,8.77139445548
13498,10462,10465,3,104,37,58,16,2.434710371
13499,10462,10455,0,104,20,58,11,3.16116804067
13500,10462,10466,0,104,16,58,11,3.42022609269
13501,10462,11239,0,104,4,58,2,13.5898855321
13502,10462,11207,2,104,86,58,31,11.9669607217
13503,10462,11367,3,104,35,58,17,8.07479420893
13504,10462,11106,0,104,21,58,19,6.72218694228
13505,10462,10471,2,104,19,58,15,4.67929459843
13506,10462,11234,2,104,50,58,15,15.7799607175
13507,10462,10167,0,104,11,58,4,8.57373778517
13508,10462,10453,1,104,21,58,16,2.90252867666
13509,10462,10451,3,104,20,58,12,3.67944267412
13510,10462,10033,3,104,86,58,31,4.02607004635
13511,10462,11354,4,104,38,58,25,5.41595519438
13512,10462,10463,4,104,36,58,16,3.71009077061
13513,10462,10169,1,104,4,58,4,8.63453702033
13514,10462,10456,4,104,21,58,12,2.7556876699
13515,10462,11420,0,104,8,58,7,11.8921156268
13516,10462,10153,0,104,6,58,5,8.06587448232
13517,10462,10307,0,104,6,58,3,30.6666121459
13518,10462,10306,2,104,17,58,8,23.2288007335
13519,10462,10165,0,104,2,58,2,8.84282962703
13520,10462,10303,2,104,11,58,7,21.6719392096
13521,10462,11224,0,104,22,58,13,19.6132987952
13522,10462,10304,0,104,8,58,5,20.2190195114
13523,10462,10458,4,104,34,58,31,2.19208348445
13524,10462,11414,3,104,13,58,7,12.7211900225
13525,10462,11204,1,104,9,58,8,16.765545252
13526,10462,11372,2,104,16,58,11,6.49170887942
13527,10462,11357,0,104,9,58,6,4.75086589867
13528,10462,10044,0,104,9,58,8,7.28121660896
13529,10462,11229,4,104,27,58,14,17.3131674805
13530,10462,11236,1,104,15,58,9,14.1131101505
13531,10462,10302,2,104,5,58,5,20.6346870702
13532,10462,11422,0,104,11,58,8,13.9867018767
13533,10462,10312,0,104,4,58,2,26.536256512
13534,10462,10310,0,104,27,58,6,19.7959025891
13535,10462,11429,1,104,8,58,6,11.1359425244
13536,10462,10152,0,104,2,58,2,8.29077879715
13537,10462,11214,1,104,10,58,6,18.2665527608
13538,10462,11435,2,104,41,58,23,10.1338074246
13539,10462,10039,2,104,8,58,7,4.25859255346
13540,10462,10121,0,104,1,58,1,9.46627040034
13541,10462,11413,2,104,14,58,7,13.1363523107
13542,10462,10473,2,104,14,58,9,1.63263849913
13543,10462,10454,2,104,19,58,10,3.92127397509
13544,10462,11416,3,104,5,58,5,10.9713083605
13545,10462,10280,0,104,5,58,3,12.4949007268
13546,10462,11694,0,104,5,58,4,18.3425013945
13547,10462,11358,0,104,6,58,4,6.51800454994
13548,10462,11421,1,104,4,58,4,10.4403605104
13549,10462,11412,1,104,4,58,4,11.2755372905
13550,10462,10174,0,104,2,58,2,8.73840980901
13551,10462,11417,1,104,3,58,3,11.5215319264
13552,10462,11427,2,104,5,58,4,9.7766762061
13553,10462,11411,1,104,4,58,2,12.1139825813
13554,10462,11374,3,104,10,58,9,8.08997942698
13555,10462,10096,0,104,2,58,2,7.52339581058
13556,10462,10006,1,104,19,58,18,12.3198306143
13557,10462,10037,3,104,15,58,10,4.52374871281
13558,10462,11370,1,104,8,58,4,5.71253720214
13559,10462,10475,4,104,15,58,11,3.05258655725
13560,10462,11225,1,104,17,58,13,13.3665369358
13561,10462,10282,0,104,10,58,9,11.8784260559
13562,10462,11426,3,104,12,58,5,10.4680245461
13563,10462,11378,2,104,18,58,7,8.46950074533
13564,10462,10107,0,104,1,58,1,8.34647785561
13565,10462,11251,0,104,4,58,3,14.3348792228
13566,10462,11436,2,104,6,58,3,12.0385296234
13567,10462,11360,2,104,10,58,5,5.92840032573
13568,10462,11356,0,104,2,58,2,3.99107551808
13569,10462,10474,1,104,8,58,7,2.50870168392
13570,10462,11697,0,104,1,58,1,19.6374051507
13571,10462,10172,0,104,2,58,2,8.52517490192
13572,10462,11691,0,104,4,58,3,17.4987908764
13573,10462,10470,1,104,6,58,4,4.03520645398
13574,10462,11366,1,104,7,58,5,8.67392471599
13575,10462,10041,0,104,2,58,2,12.4621655305
13576,10462,10278,0,104,1,58,1,11.5864828046
13577,10462,10106,0,104,4,58,1,8.30531570647
13578,10462,11428,0,104,2,58,2,10.4392960954
13579,10462,10286,0,104,1,58,1,11.9406942856
13580,10462,10279,0,104,1,58,1,11.8843587527
13581,10462,10103,0,104,1,58,1,8.3979487937
13582,10462,10196,0,104,1,58,1,7.52339581058
13583,10462,10154,0,104,1,58,1,8.33738437686
13584,10462,10119,1,104,2,58,2,9.45035536458
13585,10462,10464,0,104,5,58,4,3.78750044181
13586,10462,10166,0,104,2,58,2,8.63500862007
13587,10462,10203,0,104,1,58,1,7.52339581058
13588,10462,11359,0,104,2,58,2,5.48258549651
13589,10462,10177,0,104,1,58,1,8.59308569528
13590,10462,11040,0,104,1,58,1,11.6492502601
13591,10462,11364,0,104,2,58,2,8.37641125438
13592,10462,11692,0,104,2,58,2,17.5123103274
13593,10462,11423,0,104,1,58,1,10.0189304022
13594,10462,11415,0,104,2,58,2,9.45626161593
13595,10462,10175,0,104,2,58,1,8.78233533211
13596,10040,10012,2,80,445,27,357,9.86430074927
13597,10040,11222,1,80,110,27,71,9.17986442349
13598,10040,11231,2,80,65,27,44,13.0069240507
13599,10040,10019,3,80,637,27,440,7.07992588671
13600,10040,11102,2,80,35,27,30,6.03562785891
13601,10040,10003,0,80,493,27,400,9.27358092114
13602,10040,10020,0,80,143,27,116,7.41621928007
13603,10040,10018,2,80,339,27,256,7.91613780434
13604,10040,10001,3,80,670,27,468,8.25900055533
13605,10040,11365,2,80,21,27,9,10.9286270987
13606,10040,10007,5,80,1780,27,1042,10.7560661852
13607,10040,10022,2,80,228,27,164,7.17322502394
13608,10040,10013,0,80,745,27,406,10.3402208905
13609,10040,10472,2,80,23,27,8,3.70457955041
13610,10040,11226,2,80,195,27,123,14.7964815896
13611,10040,10027,3,80,141,27,83,3.46633728779
13612,10040,11210,2,80,34,27,20,15.9478524336
13613,10040,11693,0,80,6,27,6,18.941755617
13614,10040,11432,0,80,49,27,36,12.2413389577
13615,10040,11103,2,80,35,27,26,6.67038991222
13616,10040,11237,2,80,64,27,53,10.7290447932
13617,10040,10010,2,80,218,27,181,8.72228638723
13618,10040,10014,2,80,397,27,286,9.45573039599
13619,10040,10009,0,80,135,27,91,9.45414925818
13620,10040,10036,2,80,826,27,656,7.56970250956
13621,10040,11216,2,80,60,27,49,12.347009461
13622,10040,11418,0,80,15,27,11,12.1241426714
13623,10040,11109,0,80,5,27,5,14.6234866448
13624,10040,11371,2,80,71,27,65,6.60183690385
13625,10040,10460,2,80,42,27,22,2.80560321378
13626,10040,10048,0,80,86,27,65,11.0293054564
13627,10040,10128,2,80,51,27,40,5.42262411132
13628,10040,11375,2,80,44,27,27,10.4744894576
13629,10040,10023,3,80,210,27,134,6.37176385933
13630,10040,11211,2,80,352,27,256,10.206501836
13631,10040,10011,2,80,437,27,352,8.94679185802
13632,10040,10025,0,80,143,27,65,4.64336340064
13633,10040,10032,3,80,65,27,28,1.41793266629
13634,10040,11232,2,80,125,27,24,14.5747836197
13635,10040,11377,2,80,46,27,33,8.0977563306
13636,10040,11361,2,80,19,27,11,10.4477996701
13637,10040,11206,0,80,90,27,63,10.8152666451
13638,10040,11430,2,80,187,27,143,15.9676137901
13639,10040,10021,2,80,62,27,45,6.45074995509
13640,10040,11201,2,80,234,27,176,11.7149614793
13641,10040,11238,0,80,109,27,64,12.4498327723
13642,10040,10016,2,80,162,27,110,8.17957659857
13643,10040,11218,2,80,26,27,19,14.9851165897
13644,10040,10301,2,80,45,27,32,17.9135675995
13645,10040,10452,2,80,54,27,34,1.41492555257
13646,10040,10314,2,80,51,27,30,20.796790187
13647,10040,10461,1,80,50,27,20,4.85726888058
13648,10040,11101,2,80,193,27,96,7.84192281352
13649,10040,10029,2,80,50,27,38,4.71852107233
13650,10040,10467,2,80,33,27,22,3.23730938564
13651,10040,11208,0,80,43,27,13,13.1696529536
13652,10040,10024,1,80,101,27,71,5.60186047509
13653,10040,10005,2,80,65,27,41,11.341545304
13654,10040,10030,1,80,39,27,26,2.90634502773
13655,10040,10002,0,80,258,27,186,10.2449708888
13656,10040,11385,1,80,56,27,31,10.9011400549
13657,10040,11220,2,80,38,27,23,15.6750180825
13658,10040,11215,2,80,123,27,95,13.5285800872
13659,10040,10038,2,80,174,27,85,11.012280337
13660,10040,11217,0,80,92,27,71,12.4582923085
13661,10040,10462,2,80,104,27,58,3.83658788388
13662,10040,10040,27,80,80,27,27,0.0
13663,10040,10457,2,80,28,27,16,1.77160174148
13664,10040,10017,2,80,277,27,161,7.70199192301
13665,10040,11433,2,80,18,27,12,13.4188049184
13666,10040,10308,0,80,8,27,8,24.2120522193
13667,10040,10468,2,80,52,27,30,1.64424954885
13668,10040,10111,0,80,15,27,13,7.3327924896
13669,10040,10309,2,80,23,27,15,27.1753591864
13670,10040,10034,3,80,68,27,33,0.762242429962
13671,10040,10028,2,80,89,27,53,5.80999650474
13672,10040,10035,2,80,65,27,32,3.89456783925
13673,10040,11228,1,80,10,27,8,17.2021431361
13674,10040,11105,0,80,25,27,19,5.89506339194
13675,10040,11355,2,80,26,27,18,9.46348802315
13676,10040,11209,2,80,49,27,28,17.0880041833
13677,10040,11213,0,80,35,27,20,12.9603633377
13678,10040,11369,2,80,12,27,8,7.2799612787
13679,10040,10031,4,80,64,27,45,2.48142788232
13680,10040,11221,0,80,120,27,61,11.5564875466
13681,10040,11212,0,80,12,27,10,13.5835383203
13682,10040,11233,0,80,74,27,34,12.5532411064
13683,10040,11368,2,80,62,27,41,8.5340228824
13684,10040,11205,0,80,37,27,31,11.5129331471
13685,10040,10069,0,80,14,27,8,6.59813949608
13686,10040,11203,0,80,39,27,8,14.4680160969
13687,10040,10459,1,80,16,27,8,2.94708956177
13688,10040,11219,0,80,6,27,4,16.012052965
13689,10040,11434,2,80,32,27,16,15.0902360635
13690,10040,11230,0,80,11,27,5,16.3724056924
13691,10040,11373,2,80,53,27,27,8.86627989355
13692,10040,11362,1,80,8,27,5,12.3102533505
13693,10040,10305,0,80,11,27,8,19.4992526888
13694,10040,11104,0,80,8,27,6,7.94318922995
13695,10040,10004,2,80,168,27,99,12.4905201386
13696,10040,10275,0,80,13,27,7,5.95302852284
13697,10040,10118,0,80,4,27,3,8.15688122118
13698,10040,10026,0,80,57,27,43,4.09091199053
13699,10040,11235,1,80,19,27,14,19.0028689041
13700,10040,10469,0,80,44,27,12,4.30770229872
13701,10040,10281,0,80,31,27,24,10.9253871988
13702,10040,11223,0,80,10,27,7,18.1255610265
13703,10040,11379,2,80,33,27,13,10.1786981679
13704,10040,10465,2,80,37,27,16,6.24655029987
13705,10040,10455,0,80,20,27,11,3.17081682935
13706,10040,10466,0,80,16,27,11,4.81438111691
13707,10040,11239,0,80,4,27,2,14.9140955084
13708,10040,11207,2,80,86,27,31,13.0850689943
13709,10040,11367,2,80,35,27,17,10.5883614215
13710,10040,11106,0,80,21,27,19,6.67385919391
13711,10040,10471,2,80,19,27,15,3.18875219564
13712,10040,11234,0,80,50,27,15,16.5744736512
13713,10040,10167,0,80,11,27,4,7.56752197204
13714,10040,10453,1,80,21,27,16,0.94413841534
13715,10040,10451,2,80,20,27,12,2.70916693084
13716,10040,10033,3,80,86,27,31,0.764171047692
13717,10040,11354,2,80,38,27,25,8.28753289202
13718,10040,10463,2,80,36,27,16,1.89736209773
13719,10040,10169,0,80,4,27,4,7.6124522015
13720,10040,10456,2,80,21,27,12,2.25992941042
13721,10040,11420,0,80,8,27,7,14.1347412631
13722,10040,10153,0,80,6,27,5,6.94951475618
13723,10040,10307,0,80,6,27,3,29.3097683871
13724,10040,10306,0,80,17,27,8,22.3008741251
13725,10040,10165,0,80,2,27,2,7.79927646502
13726,10040,10303,2,80,11,27,7,20.0219708461
13727,10040,11224,0,80,22,27,13,19.7472595501
13728,10040,10304,0,80,8,27,5,19.2698142722
13729,10040,10458,2,80,34,27,31,2.11472944147
13730,10040,11414,2,80,13,27,7,14.5423617555
13731,10040,11204,0,80,9,27,8,16.8049452995
13732,10040,11372,1,80,16,27,11,7.84118190191
13733,10040,11357,0,80,9,27,6,8.0849447669
13734,10040,10044,0,80,9,27,8,6.74822900818
13735,10040,11229,2,80,27,27,14,17.9148574418
13736,10040,11236,1,80,15,27,9,15.1114448303
13737,10040,10302,2,80,5,27,5,19.1432641612
13738,10040,11422,0,80,11,27,8,16.9168525689
13739,10040,10312,0,80,4,27,2,25.3667922418
13740,10040,10310,0,80,27,27,6,18.4590934356
13741,10040,11429,1,80,8,27,6,14.3434874581
13742,10040,10152,0,80,2,27,2,7.27687200979
13743,10040,11214,0,80,10,27,6,18.2683673158
13744,10040,11435,2,80,41,27,23,12.5924047871
13745,10040,10039,2,80,8,27,7,2.28870510299
13746,10040,10121,0,80,1,27,1,8.22642026337
13747,10040,11413,2,80,14,27,7,15.989163789
13748,10040,10473,2,80,14,27,9,4.58204893166
13749,10040,10454,2,80,19,27,10,3.69518323173
13750,10040,11416,2,80,5,27,5,12.780164295
13751,10040,10280,0,80,5,27,3,11.4380762628
13752,10040,11694,0,80,5,27,4,19.9359467797
13753,10040,11358,0,80,6,27,4,9.7001447086
13754,10040,11421,1,80,4,27,4,12.1532098465
13755,10040,11412,0,80,4,27,4,14.2423143639
13756,10040,10174,0,80,2,27,2,7.7807875417
13757,10040,11417,0,80,3,27,3,13.3815244832
13758,10040,11427,2,80,5,27,4,13.0713283182
13759,10040,11411,0,80,4,27,2,15.2368493121
13760,10040,11374,2,80,10,27,9,9.88779797881
13761,10040,10096,0,80,2,27,2,5.95302852284
13762,10040,10006,0,80,19,27,18,11.3182362646
13763,10040,10037,2,80,15,27,10,3.15264282169
13764,10040,11370,0,80,8,27,4,6.89703804488
13765,10040,10475,2,80,15,27,11,5.57213580052
13766,10040,11225,1,80,17,27,13,13.5832542907
13767,10040,10282,0,80,10,27,9,10.7525528687
13768,10040,11426,2,80,12,27,5,13.9462963842
13769,10040,11378,2,80,18,27,7,9.38656554693
13770,10040,10107,0,80,1,27,1,6.97253109182
13771,10040,11251,0,80,4,27,3,14.7647412809
13772,10040,11436,2,80,6,27,3,14.4876517723
13773,10040,11360,2,80,10,27,5,9.47571143813
13774,10040,11356,0,80,2,27,2,6.73310475854
13775,10040,10474,1,80,8,27,7,3.80362411838
13776,10040,11697,0,80,1,27,1,20.6254579318
13777,10040,10172,0,80,2,27,2,7.51813774067
13778,10040,11691,0,80,4,27,3,19.9306485811
13779,10040,10470,1,80,6,27,4,4.5806716178
13780,10040,11366,0,80,7,27,5,11.5195743643
13781,10040,10041,0,80,2,27,2,11.5617256857
13782,10040,10278,0,80,1,27,1,10.6296639338
13783,10040,10106,0,80,4,27,1,6.99980894498
13784,10040,11428,0,80,2,27,2,13.7142031642
13785,10040,10286,0,80,1,27,1,10.8857536304
13786,10040,10279,0,80,1,27,1,10.8912899754
13787,10040,10103,0,80,1,27,1,7.22626169735
13788,10040,10196,0,80,1,27,1,5.95302852284
13789,10040,10154,0,80,1,27,1,7.32507697134
13790,10040,10119,0,80,2,27,2,8.17326426923
13791,10040,10464,0,80,5,27,4,7.30951662716
13792,10040,10166,0,80,2,27,2,7.60717004297
13793,10040,10203,0,80,1,27,1,5.95302852284
13794,10040,11359,0,80,2,27,2,9.16672577429
13795,10040,10177,0,80,1,27,1,7.55548520721
13796,10040,11040,0,80,1,27,1,15.3337230607
13797,10040,11364,0,80,2,27,2,11.7412894569
13798,10040,11692,0,80,2,27,2,19.6197369448
13799,10040,11423,0,80,1,27,1,13.0390131031
13800,10040,11415,0,80,2,27,2,11.686499243
13801,10040,10175,0,80,2,27,1,7.68876790386
13802,10457,10012,3,28,445,16,357,9.83990734316
13803,10457,11222,2,28,110,16,71,8.66850671998
13804,10457,11231,2,28,65,16,44,12.807445206
13805,10457,10019,4,28,637,16,440,7.21575587858
13806,10457,11102,2,28,35,16,30,5.38254340339
13807,10457,10003,0,28,493,16,400,9.20776171976
13808,10457,10020,0,28,143,16,116,7.4336168466
13809,10457,10018,2,28,339,16,256,8.04233401524
13810,10457,10001,3,28,670,16,468,8.38150281989
13811,10457,11365,3,28,21,16,9,9.30044577092
13812,10457,10007,5,28,1780,16,1042,10.7424115795
13813,10457,10022,4,28,228,16,164,7.04463367713
13814,10457,10013,0,28,745,16,406,10.3429868405
13815,10457,10472,2,28,23,16,8,1.94136993385
13816,10457,11226,2,28,195,16,123,14.2205465318
13817,10457,10027,3,28,141,16,83,3.77659764916
13818,10457,11210,2,28,34,16,20,15.2971314171
13819,10457,11693,0,28,6,16,6,17.7256945979
13820,10457,11432,1,28,49,16,36,10.6895626705
13821,10457,11103,2,28,35,16,26,5.81675751282
13822,10457,11237,2,28,64,16,53,9.95734504588
13823,10457,10010,2,28,218,16,181,8.62557655378
13824,10457,10014,2,28,397,16,286,9.54332475996
13825,10457,10009,0,28,135,16,91,9.2620327886
13826,10457,10036,4,28,826,16,656,7.70014798896
13827,10457,11216,2,28,60,16,49,11.7700551869
13828,10457,11418,0,28,15,16,11,10.7829994494
13829,10457,11109,0,28,5,16,5,13.5597299276
13830,10457,11371,2,28,71,16,65,5.2981948889
13831,10457,10460,3,28,42,16,22,1.03657805417
13832,10457,10048,0,28,86,16,65,11.0400307453
13833,10457,10128,3,28,51,16,40,5.23394366802
13834,10457,11375,2,28,44,16,27,9.13843458499
13835,10457,10023,3,28,210,16,134,6.57795803828
13836,10457,11211,2,28,352,16,256,9.73948828429
13837,10457,10011,3,28,437,16,352,9.03152948925
13838,10457,10025,2,28,143,16,65,4.93499755156
13839,10457,10032,2,28,65,16,28,2.28815955745
13840,10457,11232,4,28,125,16,24,14.3144899749
13841,10457,11377,2,28,46,16,33,7.17288602497
13842,10457,11361,2,28,19,16,11,8.71756289839
13843,10457,11206,0,28,90,16,63,10.2308713789
13844,10457,11430,2,28,187,16,143,14.5779456368
13845,10457,10021,2,28,62,16,45,6.30264745354
13846,10457,11201,4,28,234,16,176,11.478049714
13847,10457,11238,0,28,109,16,64,11.9756372962
13848,10457,10016,2,28,162,16,110,8.0813116703
13849,10457,11218,2,28,26,16,19,14.530236558
13850,10457,10301,2,28,45,16,32,18.0427565177
13851,10457,10452,3,28,54,16,34,1.36055190177
13852,10457,10314,3,28,51,16,30,21.0393481938
13853,10457,10461,1,28,50,16,20,3.17710387831
13854,10457,11101,3,28,193,16,96,7.31181161954
13855,10457,10029,4,28,50,16,38,4.53801118098
13856,10457,10467,3,28,33,16,22,2.3340370931
13857,10457,11208,0,28,43,16,13,12.0899286421
13858,10457,10024,1,28,101,16,71,5.85434294678
13859,10457,10005,2,28,65,16,41,11.2946899982
13860,10457,10030,2,28,39,16,26,3.07098781659
13861,10457,10002,0,28,258,16,186,10.0795440485
13862,10457,11385,1,28,56,16,31,9.91867785458
13863,10457,11220,2,28,38,16,23,15.4430059052
13864,10457,11215,3,28,123,16,95,13.1832326515
13865,10457,10038,3,28,174,16,85,10.9459281254
13866,10457,11217,0,28,92,16,71,12.0980170596
13867,10457,10462,3,28,104,16,58,2.11916651873
13868,10457,10040,2,28,80,16,27,1.77160174148
13869,10457,10457,16,28,28,16,16,0.0
13870,10457,10017,3,28,277,16,161,7.58510127053
13871,10457,11433,2,28,18,16,12,11.8953625279
13872,10457,10308,0,28,8,16,8,24.3127042119
13873,10457,10468,3,28,52,16,30,1.40535451937
13874,10457,10111,0,28,15,16,13,7.32686861325
13875,10457,10309,2,28,23,16,15,27.4079823565
13876,10457,10034,2,28,68,16,33,1.82684637891
13877,10457,10028,2,28,89,16,53,5.6367893503
13878,10457,10035,3,28,65,16,32,3.56755608207
13879,10457,11228,1,28,10,16,8,16.8911676513
13880,10457,11105,1,28,25,16,19,4.99746313003
13881,10457,11355,2,28,26,16,18,7.89365307856
13882,10457,11209,2,28,49,16,28,16.8815176309
13883,10457,11213,0,28,35,16,20,12.2772575544
13884,10457,11369,2,28,12,16,8,5.9733213135
13885,10457,10031,1,28,64,16,45,2.98759027991
13886,10457,11221,0,28,120,16,61,10.8290859875
13887,10457,11212,0,28,12,16,10,12.7579778558
13888,10457,11233,0,28,74,16,34,11.7639181667
13889,10457,11368,2,28,62,16,41,7.19179349749
13890,10457,11205,0,28,37,16,31,11.0911559614
13891,10457,10069,0,28,14,16,8,6.88430127074
13892,10457,11203,0,28,39,16,8,13.7600033261
13893,10457,10459,1,28,16,16,8,1.49706772349
13894,10457,11219,0,28,6,16,4,15.6504742847
13895,10457,11434,3,28,32,16,16,13.5745621056
13896,10457,11230,0,28,11,16,5,15.8193531345
13897,10457,11373,3,28,53,16,27,7.71233362235
13898,10457,11362,1,28,8,16,5,10.5495953192
13899,10457,10305,0,28,11,16,8,19.4413546898
13900,10457,11104,0,28,8,16,6,7.18770614586
13901,10457,10004,3,28,168,16,99,12.6313821043
13902,10457,10275,0,28,13,16,7,6.14045611347
13903,10457,10118,0,28,4,16,3,8.16813810386
13904,10457,10026,1,28,57,16,43,4.2214061605
13905,10457,11235,2,28,19,16,14,18.3445926958
13906,10457,10469,0,28,44,16,12,3.08150014242
13907,10457,10281,0,28,31,16,24,10.9696910986
13908,10457,11223,0,28,10,16,7,17.5848830533
13909,10457,11379,2,28,33,16,13,9.07685546194
13910,10457,10465,3,28,37,16,16,4.49045403256
13911,10457,10455,1,28,20,16,11,2.20417016321
13912,10457,10466,0,28,16,16,11,4.07523988294
13913,10457,11239,1,28,4,16,2,13.8998385788
13914,10457,11207,2,28,86,16,31,12.1377580917
13915,10457,11367,2,28,35,16,17,9.10065374771
13916,10457,11106,0,28,21,16,19,6.09543944647
13917,10457,10471,2,28,19,16,15,3.74000553647
13918,10457,11234,1,28,50,16,15,15.7914396669
13919,10457,10167,0,28,11,16,4,7.49815945329
13920,10457,10453,2,28,21,16,16,0.830605100174
13921,10457,10451,2,28,20,16,12,2.23983291861
13922,10457,10033,4,28,86,16,31,1.90980255939
13923,10457,11354,2,28,38,16,25,6.66780335447
13924,10457,10463,4,28,36,16,16,2.4148982289
13925,10457,10169,0,28,4,16,4,7.55259824373
13926,10457,10456,2,28,21,16,12,1.28809151448
13927,10457,11420,0,28,8,16,7,12.7676677765
13928,10457,10153,0,28,6,16,5,6.92005566026
13929,10457,10307,0,28,6,16,3,29.5707716456
13930,10457,10306,0,28,17,16,8,22.3334774089
13931,10457,10165,0,28,2,16,2,7.75555272552
13932,10457,10303,2,28,11,16,7,20.4082035148
13933,10457,11224,0,28,22,16,13,19.2717796219
13934,10457,10304,0,28,8,16,5,19.3010696897
13935,10457,10458,2,28,34,16,31,1.3071810854
13936,10457,11414,2,28,13,16,7,13.3317595117
13937,10457,11204,0,28,9,16,8,16.3559125855
13938,10457,11372,1,28,16,16,11,6.70757676013
13939,10457,11357,0,28,9,16,6,6.35898901808
13940,10457,10044,0,28,9,16,8,6.4096141916
13941,10457,11229,3,28,27,16,14,17.2229362418
13942,10457,11236,1,28,15,16,9,14.2320117163
13943,10457,10302,3,28,5,16,5,19.4449006721
13944,10457,11422,1,28,11,16,8,15.3342993721
13945,10457,10312,0,28,4,16,2,25.5265924061
13946,10457,10310,0,28,27,16,6,18.6793734085
13947,10457,11429,1,28,8,16,6,12.67394118
13948,10457,10152,0,28,2,16,2,7.20323755888
13949,10457,11214,0,28,10,16,6,17.8452220007
13950,10457,11435,3,28,41,16,23,11.1405804878
13951,10457,10039,2,28,8,16,7,2.4662927321
13952,10457,10121,0,28,1,16,1,8.2959781396
13953,10457,11413,2,28,14,16,7,14.4277655931
13954,10457,10473,2,28,14,16,9,2.84954841223
13955,10457,10454,2,28,19,16,10,2.96227636797
13956,10457,11416,2,28,5,16,5,11.5593962929
13957,10457,10280,0,28,5,16,3,11.4652681198
13958,10457,11694,0,28,5,16,4,18.8424782675
13959,10457,11358,0,28,6,16,4,8.01736230861
13960,10457,11421,1,28,4,16,4,10.9619508708
13961,10457,11412,0,28,4,16,4,12.6399951937
13962,10457,10174,0,28,2,16,2,7.69191757159
13963,10457,11417,0,28,3,16,3,12.1471948833
13964,10457,11427,2,28,5,16,4,11.3761116361
13965,10457,11411,0,28,4,16,2,13.5928331009
13966,10457,11374,2,28,10,16,9,8.63416064477
13967,10457,10096,0,28,2,16,2,6.14045611347
13968,10457,10006,0,28,19,16,18,11.3160669208
13969,10457,10037,3,28,15,16,10,3.02861541816
13970,10457,11370,0,28,8,16,4,5.79320146735
13971,10457,10475,2,28,15,16,11,4.41741720466
13972,10457,11225,1,28,17,16,13,13.027930704
13973,10457,10282,0,28,10,16,9,10.8061171183
13974,10457,11426,2,28,12,16,5,12.2113520934
13975,10457,11378,3,28,18,16,7,8.46589555699
13976,10457,10107,0,28,1,16,1,7.08284240051
13977,10457,11251,0,28,4,16,3,14.1257728343
13978,10457,11436,2,28,6,16,3,13.0513966665
13979,10457,11360,2,28,10,16,5,7.72020419101
13980,10457,11356,0,28,2,16,2,5.11671188193
13981,10457,10474,1,28,8,16,7,2.38554227507
13982,10457,11697,0,28,1,16,1,19.7818911991
13983,10457,10172,0,28,2,16,2,7.44783751206
13984,10457,11691,0,28,4,16,3,18.522342459
13985,10457,10470,1,28,6,16,4,4.21472951265
13986,10457,11366,0,28,7,16,5,9.93876706937
13987,10457,10041,0,28,2,16,2,11.5118763783
13988,10457,10278,0,28,1,16,1,10.5957143356
13989,10457,10106,0,28,4,16,1,7.07361884748
13990,10457,11428,0,28,2,16,2,12.0256070012
13991,10457,10286,0,28,1,16,1,10.9049677788
13992,10457,10279,0,28,1,16,1,10.8792626487
13993,10457,10103,0,28,1,16,1,7.23460663611
13994,10457,10196,0,28,1,16,1,6.14045611347
13995,10457,10154,0,28,1,16,1,7.25202321438
13996,10457,10119,0,28,2,16,2,8.26140989923
13997,10457,10464,0,28,5,16,4,5.78514417829
13998,10457,10166,0,28,2,16,2,7.55017885502
13999,10457,10203,0,28,1,16,1,6.14045611347
14000,10457,11359,0,28,2,16,2,7.39639583205
14001,10457,10177,0,28,1,16,1,7.50219408497
14002,10457,11040,0,28,1,16,1,13.5660157645
14003,10457,11364,0,28,2,16,2,10.0259135384
14004,10457,11692,0,28,2,16,2,18.3279430735
14005,10457,11423,0,28,1,16,1,11.4163656866
14006,10457,11415,0,28,2,16,2,10.3037748684
14007,10457,10175,0,28,2,16,1,7.66838151865
14008,10017,10012,5,277,445,161,357,2.26596148559
14009,10017,11222,2,277,110,161,71,2.26937591323
14010,10017,11231,2,277,65,161,44,5.30493627729
14011,10017,10019,8,277,637,161,440,1.16666053445
14012,10017,11102,2,277,35,161,30,2.82890044319
14013,10017,10003,5,277,493,161,400,1.62426472355
14014,10017,10020,4,277,143,161,116,0.612213405295
14015,10017,10018,14,277,339,161,256,1.12358048919
14016,10017,10001,18,277,670,161,468,1.27470185056
14017,10017,11365,2,277,21,161,9,9.50148802905
14018,10017,10007,25,277,1780,161,1042,3.16504670627
14019,10017,10022,13,277,228,161,164,0.540707625495
14020,10017,10013,4,277,745,161,406,2.77728705229
14021,10017,10472,2,277,23,161,8,7.66956929035
14022,10017,11226,6,277,195,161,123,7.42898049014
14023,10017,10027,4,277,141,161,83,4.27279084299
14024,10017,11210,5,277,34,161,20,8.68567720546
14025,10017,11693,0,277,6,161,6,13.3752073496
14026,10017,11432,2,277,49,161,36,9.758451221
14027,10017,11103,2,277,35,161,26,3.30688370784
14028,10017,11237,2,277,64,161,53,4.34753969918
14029,10017,10010,6,277,218,161,181,1.04067118123
14030,10017,10014,3,277,397,161,286,2.10940655458
14031,10017,10009,1,277,135,161,91,1.76123660266
14032,10017,10036,22,277,826,161,656,1.06656799912
14033,10017,11216,3,277,60,161,49,5.11039241461
14034,10017,11418,0,277,15,161,11,8.16708829812
14035,10017,11109,0,277,5,161,5,8.76286020951
14036,10017,11371,3,277,71,161,65,5.28264123475
14037,10017,10460,5,277,42,161,22,7.79669520451
14038,10017,10048,1,277,86,161,65,3.47066737199
14039,10017,10128,3,277,51,161,40,2.35209574992
14040,10017,11375,4,277,44,161,27,6.98849119059
14041,10017,10023,6,277,210,161,134,1.74202686702
14042,10017,11211,7,277,352,161,256,2.92251936085
14043,10017,10011,7,277,437,161,352,1.64972309278
14044,10017,10025,2,277,143,161,65,3.20538662251
14045,10017,10032,4,277,65,161,28,6.31816624148
14046,10017,11232,2,277,125,161,24,6.87848097046
14047,10017,11377,3,277,46,161,33,3.65352999719
14048,10017,11361,2,277,19,161,11,10.4372847729
14049,10017,11206,0,277,90,161,63,3.76832014615
14050,10017,11430,4,277,187,161,143,11.6290296851
14051,10017,10021,3,277,62,161,45,1.28305477399
14052,10017,11201,8,277,234,161,176,4.02179453115
14053,10017,11238,1,277,109,161,64,4.99537491458
14054,10017,10016,6,277,162,161,110,0.496974578483
14055,10017,11218,2,277,26,161,19,7.42756705714
14056,10017,10301,3,277,45,161,32,10.4912665315
14057,10017,10452,4,277,54,161,34,6.52410699437
14058,10017,10314,4,277,51,161,30,13.5522472505
14059,10017,10461,2,277,50,161,20,9.4172463315
14060,10017,11101,11,277,193,161,96,1.80667152583
14061,10017,10029,5,277,50,161,38,3.05661098027
14062,10017,10467,3,277,33,161,22,9.89002189859
14063,10017,11208,0,277,43,161,13,7.58697842284
14064,10017,10024,4,277,101,161,71,2.37510719859
14065,10017,10005,4,277,65,161,41,3.7096194783
14066,10017,10030,2,277,39,161,26,4.7976483809
14067,10017,10002,2,277,258,161,186,2.54301055912
14068,10017,11385,1,277,56,161,31,5.37331878317
14069,10017,11220,2,277,38,161,23,7.9733095153
14070,10017,11215,2,277,123,161,95,5.88264319829
14071,10017,10038,4,277,174,161,85,3.36142210447
14072,10017,11217,3,277,92,161,71,4.84360048383
14073,10017,10462,5,277,104,161,58,8.60946104669
14074,10017,10040,2,277,80,161,27,7.70199192301
14075,10017,10457,3,277,28,161,16,7.58510127053
14076,10017,10017,161,277,277,161,161,0.0
14077,10017,11433,3,277,18,161,12,10.4412207338
14078,10017,10308,0,277,8,161,8,16.7377670819
14079,10017,10468,3,277,52,161,30,8.8103514392
14080,10017,10111,0,277,15,161,13,0.565580125682
14081,10017,10309,2,277,23,161,15,19.8902277572
14082,10017,10034,2,277,68,161,33,8.42818370611
14083,10017,10028,3,277,89,161,53,1.94894452588
14084,10017,10035,5,277,65,161,32,4.01762811408
14085,10017,11228,1,277,10,161,8,9.51483561144
14086,10017,11105,0,277,25,161,19,3.70728914949
14087,10017,11355,3,277,26,161,18,8.02567114427
14088,10017,11209,3,277,49,161,28,9.38719714112
14089,10017,11213,1,277,35,161,20,5.94415375168
14090,10017,11369,2,277,12,161,8,5.39221703178
14091,10017,10031,1,277,64,161,45,5.25592965565
14092,10017,11221,0,277,120,161,61,4.84665141768
14093,10017,11212,1,277,12,161,10,6.93880330521
14094,10017,11233,0,277,74,161,34,5.90751593749
14095,10017,11368,3,277,62,161,41,5.98880616457
14096,10017,11205,1,277,37,161,31,4.01529072181
14097,10017,10069,0,277,14,161,8,1.87074399213
14098,10017,11203,0,277,39,161,8,7.40699639838
14099,10017,10459,1,277,16,161,8,6.53814999998
14100,10017,11219,0,277,6,161,4,8.3556961004
14101,10017,11434,2,277,32,161,16,11.7588110404
14102,10017,11230,0,277,11,161,5,8.92263611667
14103,10017,11373,4,277,53,161,27,5.07030987285
14104,10017,11362,2,277,8,161,5,12.556167841
14105,10017,10305,1,277,11,161,8,11.8649856791
14106,10017,11104,0,277,8,161,6,2.83130966987
14107,10017,10004,5,277,168,161,99,5.13921777124
14108,10017,10275,0,277,13,161,7,1.98941896999
14109,10017,10118,1,277,4,161,3,0.774257505801
14110,10017,10026,0,277,57,161,43,3.61781423466
14111,10017,11235,1,277,19,161,14,11.6748434798
14112,10017,10469,0,277,44,161,12,10.369576605
14113,10017,10281,1,277,31,161,24,3.42235524112
14114,10017,11223,0,277,10,161,7,10.6274504164
14115,10017,11379,2,277,33,161,13,5.48406859175
14116,10017,10465,2,277,37,161,16,9.57459252445
14117,10017,10455,0,277,20,161,11,5.53344704185
14118,10017,10466,0,277,16,161,11,11.6127010054
14119,10017,11239,0,277,4,161,2,8.81631349968
14120,10017,11207,2,277,86,161,31,6.94711603426
14121,10017,11367,4,277,35,161,17,8.08266806229
14122,10017,11106,0,277,21,161,19,2.24816989496
14123,10017,10471,3,277,19,161,15,10.874194423
14124,10017,11234,0,277,50,161,15,9.5956281925
14125,10017,10167,4,277,11,161,4,0.232332010849
14126,10017,10453,1,277,21,161,16,7.6412835357
14127,10017,10451,3,277,20,161,12,5.34967375106
14128,10017,10033,2,277,86,161,31,6.94781599697
14129,10017,11354,2,277,38,161,25,7.80779382553
14130,10017,10463,4,277,36,161,16,9.52330422964
14131,10017,10169,4,277,4,161,4,0.252974674645
14132,10017,10456,3,277,21,161,12,6.30782408146
14133,10017,11420,0,277,8,161,7,9.92210688314
14134,10017,10153,1,277,6,161,5,0.799495105733
14135,10017,10307,0,277,6,161,3,22.068000061
14136,10017,10306,2,277,17,161,8,14.7487228773
14137,10017,10165,2,277,2,161,2,0.346068247083
14138,10017,10303,2,277,11,161,7,13.0906728471
14139,10017,11224,1,277,22,161,13,12.1574763879
14140,10017,10304,0,277,8,161,5,11.7170652859
14141,10017,10458,4,277,34,161,31,8.88266288576
14142,10017,11414,2,277,13,161,7,9.38097808649
14143,10017,11204,0,277,9,161,8,9.21521296127
14144,10017,11372,1,277,16,161,11,4.61886657008
14145,10017,11357,0,277,9,161,6,8.84142300999
14146,10017,10044,0,277,9,161,8,1.39705934666
14147,10017,11229,3,277,27,161,14,10.6765791296
14148,10017,11236,2,277,15,161,9,8.50574234965
14149,10017,10302,2,277,5,161,5,12.029256613
14150,10017,11422,0,277,11,161,8,13.9045918881
14151,10017,10312,0,277,4,161,2,17.9715052034
14152,10017,10310,0,277,27,161,6,11.1881132913
14153,10017,11429,1,277,8,161,6,12.6048879449
14154,10017,10152,0,277,2,161,2,0.445225616245
14155,10017,11214,1,277,10,161,6,10.6423643362
14156,10017,11435,2,277,41,161,23,9.25436472186
14157,10017,10039,2,277,8,161,7,5.43130522379
14158,10017,10121,0,277,1,161,1,1.04201742009
14159,10017,11413,2,277,14,161,7,12.9058925369
14160,10017,10473,2,277,14,161,9,7.50510343347
14161,10017,10454,2,277,19,161,10,4.73537234485
14162,10017,11416,2,277,5,161,5,7.97550144188
14163,10017,10280,0,277,5,161,3,3.90026613214
14164,10017,11694,0,277,5,161,4,13.7889959642
14165,10017,11358,0,277,6,161,4,9.26289744694
14166,10017,11421,1,277,4,161,4,7.32955109672
14167,10017,11412,0,277,4,161,4,11.7990708642
14168,10017,10174,2,277,2,161,2,0.153527692001
14169,10017,11417,0,277,3,161,3,8.53257508148
14170,10017,11427,2,277,5,161,4,11.8971996767
14171,10017,11411,0,277,4,161,2,13.0614683497
14172,10017,11374,2,277,10,161,9,6.14150517347
14173,10017,10096,0,277,2,161,2,1.98941896999
14174,10017,10006,1,277,19,161,18,3.73922740432
14175,10017,10037,2,277,15,161,10,4.63075861148
14176,10017,11370,0,277,8,161,4,4.35642875502
14177,10017,10475,2,277,15,161,11,11.6334829086
14178,10017,11225,1,277,17,161,13,6.22563277447
14179,10017,10282,0,277,10,161,9,3.26962792461
14180,10017,11426,2,277,12,161,5,13.2565882981
14181,10017,11378,2,277,18,161,7,4.13449895714
14182,10017,10107,0,277,1,161,1,1.12621925085
14183,10017,11251,0,277,4,161,3,7.52497978378
14184,10017,11436,2,277,6,161,3,10.6690801275
14185,10017,11360,2,277,10,161,5,10.2729503832
14186,10017,11356,0,277,2,161,2,7.12965661434
14187,10017,10474,1,277,8,161,7,6.12463835532
14188,10017,11697,0,277,1,161,1,13.6602648448
14189,10017,10172,2,277,2,161,2,0.256522051658
14190,10017,11691,0,277,4,161,3,15.3314168821
14191,10017,10470,1,277,6,161,4,11.7970933121
14192,10017,11366,0,277,7,161,5,9.47668175793
14193,10017,10041,0,277,2,161,2,3.92680170412
14194,10017,10278,0,277,1,161,1,3.01327913074
14195,10017,10106,0,277,4,161,1,0.998491064247
14196,10017,11428,0,277,2,161,2,12.3282269659
14197,10017,10286,0,277,1,161,1,3.34164312579
14198,10017,10279,0,277,1,161,1,3.30159946028
14199,10017,10103,0,277,1,161,1,0.670480464667
14200,10017,10196,0,277,1,161,1,1.98941896999
14201,10017,10154,0,277,1,161,1,0.402522567418
14202,10017,10119,1,277,2,161,2,1.08385810743
14203,10017,10464,0,277,5,161,4,12.0293251823
14204,10017,10166,2,277,2,161,2,0.265792451895
14205,10017,10203,0,277,1,161,1,1.98941896999
14206,10017,11359,0,277,2,161,2,10.6373008859
14207,10017,10177,1,277,1,161,1,0.296096493247
14208,10017,11040,0,277,1,161,1,15.4082334747
14209,10017,11364,0,277,2,161,2,11.1507871501
14210,10017,11692,0,277,2,161,2,14.3810110506
14211,10017,11423,0,277,1,161,1,11.0261051649
14212,10017,11415,0,277,2,161,2,8.10970009693
14213,10017,10175,1,277,2,161,1,0.419114490667
14214,11433,10012,3,18,445,12,357,11.2633809632
14215,11433,11222,1,18,110,12,71,8.55921245445
14216,11433,11231,2,18,65,12,44,11.3694898546
14217,11433,10019,3,18,637,12,440,11.4493452193
14218,11433,11102,2,18,35,12,30,8.86140790543
14219,11433,10003,0,18,493,12,400,10.8929044875
14220,11433,10020,0,18,143,12,116,10.9961713046
14221,11433,10018,3,18,339,12,256,11.5458428356
14222,11433,10001,3,18,670,12,468,11.6012804977
14223,11433,11365,2,18,21,12,9,2.9394011779
14224,11433,10007,3,18,1780,12,1042,11.6138239826
14225,11433,10022,2,18,228,12,164,10.3849115959
14226,11433,10013,0,18,745,12,406,11.5631867112
14227,11433,10472,2,18,23,12,8,10.1705560113
14228,11433,11226,3,18,195,12,123,9.51859701662
14229,11433,10027,3,18,141,12,83,11.8994596712
14230,11433,11210,2,18,34,12,20,9.56469621421
14231,11433,11693,0,18,6,12,6,7.07946664663
14232,11433,11432,0,18,49,12,36,1.25373520472
14233,11433,11103,2,18,35,12,26,7.94264237992
14234,11433,11237,2,18,64,12,53,6.97890568073
14235,11433,10010,2,18,218,12,181,10.6345954816
14236,11433,10014,2,18,397,12,286,11.7439616845
14237,11433,10009,0,18,135,12,91,10.2633292639
14238,11433,10036,3,18,826,12,656,11.5007754188
14239,11433,11216,2,18,60,12,49,8.52426478348
14240,11433,11418,0,18,15,12,11,2.4357911466
14241,11433,11109,0,18,5,12,5,5.37826062776
14242,11433,11371,2,18,71,12,65,6.95552626126
14243,11433,10460,2,18,42,12,22,11.0955968591
14244,11433,10048,0,18,86,12,65,11.8601700628
14245,11433,10128,2,18,51,12,40,10.388575295
14246,11433,11375,2,18,44,12,27,3.48871204829
14247,11433,10023,2,18,210,12,134,11.6379580907
14248,11433,11211,2,18,352,12,256,8.83128762524
14249,11433,10011,3,18,437,12,352,11.5849566108
14250,11433,10025,0,18,143,12,65,11.8108199323
14251,11433,10032,2,18,65,12,28,12.8209445349
14252,11433,11232,2,18,125,12,24,11.741592127
14253,11433,11377,2,18,46,12,33,6.89812060085
14254,11433,11361,2,18,19,12,11,4.65190139677
14255,11433,11206,0,18,90,12,63,8.17816034317
14256,11433,11430,2,18,187,12,143,3.2054076391
14257,11433,10021,2,18,62,12,45,10.3521563771
14258,11433,11201,2,18,234,12,176,10.5949496785
14259,11433,11238,0,18,109,12,64,9.27314195702
14260,11433,10016,2,18,162,12,110,10.5589393707
14261,11433,11218,2,18,26,12,19,10.5385879975
14262,11433,10301,2,18,45,12,32,16.73742438
14263,11433,10452,2,18,54,12,34,12.1016341334
14264,11433,10314,2,18,51,12,30,19.8064723421
14265,11433,10461,1,18,50,12,20,10.44691098
14266,11433,11101,2,18,193,12,96,8.64825154854
14267,11433,10029,2,18,50,12,38,10.5890929045
14268,11433,10467,2,18,33,12,22,12.8663698891
14269,11433,11208,0,18,43,12,13,4.76590770977
14270,11433,10024,0,18,101,12,71,11.7308144803
14271,11433,10005,2,18,65,12,41,11.6367085454
14272,11433,10030,1,18,39,12,26,11.7288596898
14273,11433,10002,0,18,258,12,186,10.5791926366
14274,11433,11385,1,18,56,12,31,5.55922248944
14275,11433,11220,2,18,38,12,23,12.5880315775
14276,11433,11215,2,18,123,12,95,10.6054099887
14277,11433,10038,2,18,174,12,85,11.3952205098
14278,11433,11217,0,18,92,12,71,10.0548199617
14279,11433,10462,2,18,104,12,58,10.7224295748
14280,11433,10040,2,18,80,12,27,13.4188049184
14281,11433,10457,2,18,28,12,16,11.8953625279
14282,11433,10017,3,18,277,12,161,10.4412207338
14283,11433,11433,12,18,18,12,12,0.0
14284,11433,10308,0,18,8,12,8,21.5840833547
14285,11433,10468,2,18,52,12,30,13.150174526
14286,11433,10111,0,18,15,12,13,10.8913939098
14287,11433,10309,2,18,23,12,15,25.1699851556
14288,11433,10034,1,18,68,12,33,13.7051760139
14289,11433,10028,2,18,89,12,53,10.3568516552
14290,11433,10035,2,18,65,12,32,10.5950740428
14291,11433,11228,1,18,10,12,8,12.9874466965
14292,11433,11105,0,18,25,12,19,8.32425470039
14293,11433,11355,3,18,26,12,18,4.02134647564
14294,11433,11209,2,18,49,12,28,13.692295306
14295,11433,11213,0,18,35,12,20,7.93394680401
14296,11433,11369,2,18,12,12,8,6.32451160835
14297,11433,10031,1,18,64,12,45,12.3209536808
14298,11433,11221,0,18,120,12,61,7.31106322273
14299,11433,11212,0,18,12,12,10,7.02753837377
14300,11433,11233,0,18,74,12,34,7.0249153912
14301,11433,11368,2,18,62,12,41,5.10728277073
14302,11433,11205,0,18,37,12,31,9.3471537992
14303,11433,10069,0,18,14,12,8,11.9739557213
14304,11433,11203,0,18,39,12,8,8.3262385267
14305,11433,10459,1,18,16,12,8,10.4878139541
14306,11433,11219,0,18,6,12,4,11.8361003266
14307,11433,11434,2,18,32,12,16,1.68019638917
14308,11433,11230,0,18,11,12,5,10.5919385546
14309,11433,11373,2,18,53,12,27,5.48814442138
14310,11433,11362,1,18,8,12,5,5.20169160332
14311,11433,10305,0,18,11,12,8,16.5496310074
14312,11433,11104,0,18,8,12,6,7.66596507989
14313,11433,10004,2,18,168,12,99,13.3322427841
14314,11433,10275,0,18,13,12,7,11.5345393563
14315,11433,10118,0,18,4,12,3,11.0626870493
14316,11433,10026,0,18,57,12,43,11.4436850632
14317,11433,11235,1,18,19,12,14,11.566367116
14318,11433,10469,0,18,44,12,12,12.2858121292
14319,11433,10281,0,18,31,12,24,12.0175814657
14320,11433,11223,0,18,10,12,7,11.8567570568
14321,11433,11379,2,18,33,12,13,5.01011754047
14322,11433,10465,2,18,37,12,16,9.05395036317
14323,11433,10455,0,18,20,12,11,10.3605698741
14324,11433,10466,0,18,16,12,11,13.7752986544
14325,11433,11239,0,18,4,12,2,5.95991259906
14326,11433,11207,3,18,86,12,31,5.88789165005
14327,11433,11367,3,18,35,12,17,2.84716179401
14328,11433,11106,0,18,21,12,19,8.812013161
14329,11433,10471,2,18,19,12,15,15.3552008326
14330,11433,11234,0,18,50,12,15,8.87277097134
14331,11433,10167,0,18,11,12,4,10.6391884329
14332,11433,10453,1,18,21,12,16,12.627126071
14333,11433,10451,2,18,20,12,12,11.0636349526
14334,11433,10033,2,18,86,12,31,13.0500189099
14335,11433,11354,2,18,38,12,25,5.30976247361
14336,11433,10463,2,18,36,12,16,14.2081572392
14337,11433,10169,0,18,4,12,4,10.6828470339
14338,11433,10456,3,18,21,12,12,11.1735248953
14339,11433,11420,0,18,8,12,7,2.15218825088
14340,11433,10153,0,18,6,12,5,10.7774840785
14341,11433,10307,0,18,6,12,3,27.2987278201
14342,11433,10306,0,18,17,12,8,19.4636161164
14343,11433,10165,0,18,2,12,2,10.7684948932
14344,11433,10303,2,18,11,12,7,20.243251208
14345,11433,11224,0,18,22,12,13,13.5617463633
14346,11433,10304,0,18,8,12,5,17.0374013465
14347,11433,10458,2,18,34,12,31,12.7326015686
14348,11433,11414,2,18,13,12,7,3.95182291315
14349,11433,11204,0,18,9,12,8,11.6729116762
14350,11433,11372,1,18,16,12,11,6.29353564798
14351,11433,11357,0,18,9,12,6,6.17409437722
14352,11433,10044,0,18,9,12,8,9.62677030146
14353,11433,11229,2,18,27,12,14,10.5085985235
14354,11433,11236,1,18,15,12,9,7.22921555303
14355,11433,10302,2,18,5,12,5,18.9264151688
14356,11433,11422,0,18,11,12,8,3.60879279327
14357,11433,10312,0,18,4,12,2,23.0274382464
14358,11433,10310,0,18,27,12,6,17.8068848768
14359,11433,11429,1,18,8,12,6,2.67501842458
14360,11433,10152,0,18,2,12,2,10.6086774075
14361,11433,11214,0,18,10,12,6,12.8721220074
14362,11433,11435,3,18,41,12,23,1.20750145847
14363,11433,10039,2,18,8,12,7,11.9065687323
14364,11433,10121,0,18,1,12,1,11.3462219672
14365,11433,11413,2,18,14,12,7,2.62307198948
14366,11433,10473,2,18,14,12,9,9.21687089995
14367,11433,10454,2,18,19,12,10,10.1389307995
14368,11433,11416,2,18,5,12,5,3.43069654977
14369,11433,10280,0,18,5,12,3,12.1258293752
14370,11433,11694,0,18,5,12,4,8.86115437841
14371,11433,11358,0,18,6,12,4,4.43904321281
14372,11433,11421,1,18,4,12,4,3.7462714527
14373,11433,11412,0,18,4,12,4,1.46383777014
14374,11433,10174,0,18,2,12,2,10.5679980083
14375,11433,11417,0,18,3,12,3,3.34622088716
14376,11433,11427,2,18,5,12,4,3.01486794379
14377,11433,11411,0,18,4,12,2,2.71789558288
14378,11433,11374,2,18,10,12,9,4.33133437146
14379,11433,10096,0,18,2,12,2,11.5345393563
14380,11433,10006,0,18,19,12,18,11.8981832579
14381,11433,10037,2,18,15,12,10,11.2244147328
14382,11433,11370,0,18,8,12,4,7.09758994798
14383,11433,10475,2,18,15,12,11,12.7152118286
14384,11433,11225,1,18,17,12,13,9.11284276463
14385,11433,10282,0,18,10,12,9,12.0040615998
14386,11433,11426,2,18,12,12,5,4.26280735692
14387,11433,11378,2,18,18,12,7,6.34922173186
14388,11433,10107,0,18,1,12,1,11.3333483289
14389,11433,11251,0,18,4,12,3,9.01318085668
14390,11433,11436,2,18,6,12,3,1.62415797485
14391,11433,11360,2,18,10,12,5,5.79836435176
14392,11433,11356,0,18,2,12,2,6.81083138603
14393,11433,10474,1,18,8,12,7,9.61576010073
14394,11433,11697,0,18,1,12,1,11.3749901166
14395,11433,10172,0,18,2,12,2,10.6324334653
14396,11433,11691,0,18,4,12,3,6.81736675191
14397,11433,10470,1,18,6,12,4,14.5991688674
14398,11433,11366,0,18,7,12,5,2.08182544536
14399,11433,10041,0,18,2,12,2,11.7064673691
14400,11433,10278,0,18,1,12,1,11.4510978353
14401,11433,10106,0,18,4,12,1,11.1898514185
14402,11433,11428,0,18,2,12,2,2.91010088144
14403,11433,10286,0,18,1,12,1,11.8546979566
14404,11433,10279,0,18,1,12,1,11.672986439
14405,11433,10103,0,18,1,12,1,10.9426407279
14406,11433,10196,0,18,1,12,1,11.5345393563
14407,11433,10154,0,18,1,12,1,10.6125501594
14408,11433,10119,0,18,2,12,2,11.4224092232
14409,11433,10464,0,18,5,12,4,11.0738904319
14410,11433,10166,0,18,2,12,2,10.6948093667
14411,11433,10203,0,18,1,12,1,11.5345393563
14412,11433,11359,0,18,2,12,2,6.66438141594
14413,11433,10177,0,18,1,12,1,10.707163414
14414,11433,11040,0,18,1,12,1,6.52810122066
14415,11433,11364,0,18,2,12,2,3.74944479139
14416,11433,11692,1,18,2,12,2,7.16190659139
14417,11433,11423,0,18,1,12,1,1.58160845985
14418,11433,11415,0,18,2,12,2,2.33814670318
14419,11433,10175,0,18,2,12,1,10.8602946273
14420,10308,10012,0,8,445,8,357,14.4751728239
14421,10308,11222,0,8,110,8,71,16.1950646953
14422,10308,11231,0,8,65,8,44,11.7582563089
14423,10308,10019,0,8,637,8,440,17.1552860655
14424,10308,11102,0,8,35,8,30,19.2815014581
14425,10308,10003,0,8,493,8,400,15.113664657
14426,10308,10020,0,8,143,8,116,16.8860488085
14427,10308,10018,0,8,339,8,256,16.317388262
14428,10308,10001,0,8,670,8,468,15.9740788327
14429,10308,11365,0,8,21,8,9,22.8783589293
14430,10308,10007,0,8,1780,8,1042,13.5735676501
14431,10308,10022,0,8,228,8,164,17.2763013203
14432,10308,10013,0,8,745,8,406,13.9700360502
14433,10308,10472,0,8,23,8,8,24.3099210198
14434,10308,11226,0,8,195,8,123,12.1513617212
14435,10308,10027,0,8,141,8,83,20.7631856397
14436,10308,11210,0,8,34,8,20,12.0306078644
14437,10308,11693,0,8,6,8,6,17.7076692267
14438,10308,11432,0,8,49,8,36,21.9050573429
14439,10308,11103,0,8,35,8,26,19.2966602102
14440,10308,11237,0,8,64,8,53,16.0484033356
14441,10308,10010,0,8,218,8,181,15.7009249033
14442,10308,10014,0,8,397,8,286,14.7884177118
14443,10308,10009,0,8,135,8,91,15.1363056665
14444,10308,10036,0,8,826,8,656,16.6642627671
14445,10308,11216,0,8,60,8,49,13.8898880949
14446,10308,11418,0,8,15,8,11,19.5296000337
14447,10308,11109,0,8,5,8,5,16.2727215583
14448,10308,11371,0,8,71,8,65,21.0263669262
14449,10308,10460,0,8,42,8,22,24.5215659453
14450,10308,10048,0,8,86,8,65,13.273150854
14451,10308,10128,0,8,51,8,40,19.0822625202
14452,10308,11375,0,8,44,8,27,19.8390807173
14453,10308,10023,0,8,210,8,134,17.8475888983
14454,10308,11211,0,8,352,8,256,15.1639308933
14455,10308,10011,0,8,437,8,352,15.3012933303
14456,10308,10025,0,8,143,8,65,19.5735947923
14457,10308,10032,0,8,65,8,28,22.7941268681
14458,10308,11232,0,8,125,8,24,10.5441455723
14459,10308,11377,0,8,46,8,33,18.5321536902
14460,10308,11361,0,8,19,8,11,24.6217655231
14461,10308,11206,0,8,90,8,63,15.107771605
14462,10308,11430,0,8,187,8,143,19.9002460127
14463,10308,10021,0,8,62,8,45,18.0159648542
14464,10308,11201,0,8,234,8,176,13.080466392
14465,10308,11238,0,8,109,8,64,13.3087010506
14466,10308,10016,0,8,162,8,110,16.2407993205
14467,10308,11218,0,8,26,8,19,11.2295159972
14468,10308,10301,0,8,45,8,32,6.29888029094
14469,10308,10452,0,8,54,8,34,23.1828785729
14470,10308,10314,1,8,51,8,30,3.80639460636
14471,10308,10461,0,8,50,8,20,25.9730598417
14472,10308,11101,0,8,193,8,96,17.41281757
14473,10308,10029,0,8,50,8,38,19.7747026637
14474,10308,10467,0,8,33,8,22,26.6265488853
14475,10308,11208,0,8,43,8,13,16.8682717199
14476,10308,10024,0,8,101,8,71,18.6140987471
14477,10308,10005,0,8,65,8,41,13.0360051115
14478,10308,10030,0,8,39,8,26,21.3933476258
14479,10308,10002,0,8,258,8,186,14.3181119392
14480,10308,11385,0,8,56,8,31,17.1391743978
14481,10308,11220,0,8,38,8,23,9.44635535293
14482,10308,11215,0,8,123,8,95,11.826700789
14483,10308,10038,0,8,174,8,85,13.3915283842
14484,10308,11217,0,8,92,8,71,12.8167024873
14485,10308,10462,0,8,104,8,58,25.2673807196
14486,10308,10040,0,8,80,8,27,24.2120522193
14487,10308,10457,0,8,28,8,16,24.3127042119
14488,10308,10017,0,8,277,8,161,16.7377670819
14489,10308,11433,0,8,18,8,12,21.5840833547
14490,10308,10308,8,8,8,8,8,0.0
14491,10308,10468,0,8,52,8,30,25.4860992157
14492,10308,10111,0,8,15,8,13,16.9889980301
14493,10308,10309,2,8,23,8,15,3.59090086485
14494,10308,10034,0,8,68,8,33,24.9688328891
14495,10308,10028,0,8,89,8,53,18.6805005508
14496,10308,10035,0,8,65,8,32,20.7481644395
14497,10308,11228,0,8,10,8,8,8.63548433752
14498,10308,11105,0,8,25,8,19,20.0066642819
14499,10308,11355,0,8,26,8,18,22.1474958205
14500,10308,11209,0,8,49,8,28,8.09078932478
14501,10308,11213,0,8,35,8,20,14.0557969426
14502,10308,11369,0,8,12,8,8,20.7413469329
14503,10308,10031,0,8,64,8,45,21.7360193115
14504,10308,11221,0,8,120,8,61,15.2519272087
14505,10308,11212,0,8,12,8,10,14.6543040388
14506,10308,11233,0,8,74,8,34,14.9808314492
14507,10308,11368,0,8,62,8,41,20.4674949653
14508,10308,11205,0,8,37,8,31,13.8738948845
14509,10308,10069,0,8,14,8,8,17.6144065759
14510,10308,11203,0,8,39,8,8,13.2979640618
14511,10308,10459,0,8,16,8,8,23.2570108354
14512,10308,11219,0,8,6,8,4,9.87513199916
14513,10308,11434,0,8,32,8,16,21.6407968602
14514,10308,11230,0,8,11,8,5,10.9955279922
14515,10308,11373,0,8,53,8,27,19.1901265125
14516,10308,11362,0,8,8,8,5,26.241212697
14517,10308,10305,0,8,11,8,8,5.17554118101
14518,10308,11104,0,8,8,8,6,18.00963996
14519,10308,10004,0,8,168,8,99,11.7231812158
14520,10308,10275,0,8,13,8,7,18.274037329
14521,10308,10118,0,8,4,8,3,16.1474843664
14522,10308,10026,0,8,57,8,43,20.1859053796
14523,10308,11235,0,8,19,8,14,10.8000876696
14524,10308,10469,0,8,44,8,12,27.0833592502
14525,10308,10281,0,8,31,8,24,13.3446097272
14526,10308,11223,0,8,10,8,7,9.94042726249
14527,10308,11379,0,8,33,8,13,18.2524003323
14528,10308,10465,0,8,37,8,16,25.7914776359
14529,10308,10455,0,8,20,8,11,22.2632152448
14530,10308,10466,0,8,16,8,11,28.3504185266
14531,10308,11239,0,8,4,8,2,15.7116123565
14532,10308,11207,0,8,86,8,31,15.8203577929
14533,10308,11367,0,8,35,8,17,21.2041962673
14534,10308,11106,0,8,21,8,19,18.55663056
14535,10308,10471,0,8,19,8,15,27.3916434727
14536,10308,11234,0,8,50,8,15,12.9271311401
14537,10308,10167,0,8,11,8,4,16.8156657956
14538,10308,10453,0,8,21,8,16,24.3021315485
14539,10308,10451,0,8,20,8,12,22.0729877574
14540,10308,10033,0,8,86,8,31,23.4487945509
14541,10308,11354,0,8,38,8,25,22.7352764967
14542,10308,10463,0,8,36,8,16,26.0977996129
14543,10308,10169,0,8,4,8,4,16.7606323667
14544,10308,10456,0,8,21,8,12,23.0422260422
14545,10308,11420,0,8,8,8,7,19.5910121183
14546,10308,10153,0,8,6,8,5,17.3942694592
14547,10308,10307,0,8,6,8,3,5.72302673306
14548,10308,10306,0,8,17,8,8,2.14226340868
14549,10308,10165,0,8,2,8,2,16.5572286029
14550,10308,10303,0,8,11,8,7,5.42193737487
14551,10308,11224,0,8,22,8,13,8.55959621791
14552,10308,10304,0,8,8,8,5,5.05276036714
14553,10308,10458,0,8,34,8,31,25.6010686711
14554,10308,11414,0,8,13,8,7,17.78533909
14555,10308,11204,0,8,9,8,8,9.91151613067
14556,10308,11372,0,8,16,8,11,19.6095849655
14557,10308,11357,0,8,9,8,6,24.1066777743
14558,10308,10044,0,8,9,8,8,18.0022309347
14559,10308,11229,0,8,27,8,14,11.5225255904
14560,10308,11236,0,8,15,8,9,14.3920611184
14561,10308,10302,0,8,5,8,5,5.55233238746
14562,10308,11422,0,8,11,8,8,23.1750615835
14563,10308,10312,0,8,4,8,2,1.44786096884
14564,10308,10310,0,8,27,8,6,5.87700309456
14565,10308,11429,0,8,8,8,6,24.2295901768
14566,10308,10152,0,8,2,8,2,17.110201032
14567,10308,11214,0,8,10,8,6,8.78634286699
14568,10308,11435,0,8,41,8,23,20.6621668426
14569,10308,10039,0,8,8,8,7,22.0413376044
14570,10308,10121,0,8,1,8,1,16.0344857305
14571,10308,11413,0,8,14,8,7,22.5536080689
14572,10308,10473,0,8,14,8,9,23.9826585974
14573,10308,10454,0,8,19,8,10,21.4634025478
14574,10308,11416,0,8,5,8,5,18.2440197657
14575,10308,10280,0,8,5,8,3,12.8474392818
14576,10308,11694,0,8,5,8,4,16.0788674212
14577,10308,11358,0,8,6,8,4,23.5808094479
14578,10308,11421,0,8,4,8,4,18.1523874457
14579,10308,11412,0,8,4,8,4,22.9111686493
14580,10308,10174,0,8,2,8,2,16.6253594912
14581,10308,11417,0,8,3,8,3,18.24001384
14582,10308,11427,0,8,5,8,4,24.4546423016
14583,10308,11411,0,8,4,8,2,23.934922582
14584,10308,11374,0,8,10,8,9,19.3899056212
14585,10308,10096,0,8,2,8,2,18.274037329
14586,10308,10006,0,8,19,8,18,12.9993924926
14587,10308,10037,0,8,15,8,10,21.3130868965
14588,10308,11370,0,8,8,8,4,20.0159429359
14589,10308,10475,0,8,15,8,11,28.3167621416
14590,10308,11225,0,8,17,8,13,12.8590257898
14591,10308,10282,0,8,10,8,9,13.5101358515
14592,10308,11426,0,8,12,8,5,25.8140322885
14593,10308,11378,0,8,18,8,7,17.6742917915
14594,10308,10107,0,8,1,8,1,17.2745706501
14595,10308,11251,0,8,4,8,3,12.6163494417
14596,10308,11436,0,8,6,8,3,20.4575534104
14597,10308,11360,0,8,10,8,5,25.0917268606
14598,10308,11356,0,8,2,8,2,22.8399495826
14599,10308,10474,0,8,8,8,7,22.758721965
14600,10308,11697,0,8,1,8,1,12.754311779
14601,10308,10172,0,8,2,8,2,16.865936577
14602,10308,11691,0,8,4,8,3,20.8626364314
14603,10308,10470,0,8,6,8,4,28.5135607996
14604,10308,11366,0,8,7,8,5,22.2605993617
14605,10308,10041,0,8,2,8,2,12.8224525751
14606,10308,10278,0,8,1,8,1,13.7247835145
14607,10308,10106,0,8,4,8,1,17.2665043108
14608,10308,11428,0,8,2,8,2,24.4789405055
14609,10308,10286,0,8,1,8,1,13.4077477386
14610,10308,10279,0,8,1,8,1,13.43683503
14611,10308,10103,0,8,1,8,1,17.0841287063
14612,10308,10196,0,8,1,8,1,18.274037329
14613,10308,10154,0,8,1,8,1,17.0614851829
14614,10308,10119,0,8,2,8,2,16.0769681202
14615,10308,10464,0,8,5,8,4,28.391992877
14616,10308,10166,0,8,2,8,2,16.7628873416
14617,10308,10203,0,8,1,8,1,18.274037329
14618,10308,11359,0,8,2,8,2,25.7716042853
14619,10308,10177,0,8,1,8,1,16.8106606005
14620,10308,11040,0,8,1,8,1,28.1095887791
14621,10308,11364,0,8,2,8,2,24.5779847611
14622,10308,11692,0,8,2,8,2,18.9133109108
14623,10308,11423,0,8,1,8,1,23.0470933055
14624,10308,11415,0,8,2,8,2,20.0104971704
14625,10308,10175,0,8,2,8,1,16.644989812
14626,10468,10012,2,52,445,30,357,11.04127754
14627,10468,11222,1,52,110,30,71,10.0164266145
14628,10468,11231,2,52,65,30,44,14.0800410284
14629,10468,10019,2,52,637,30,440,8.33578671752
14630,10468,11102,2,52,35,30,30,6.74534546807
14631,10468,10003,0,52,493,30,400,10.422460689
14632,10468,10020,0,52,143,30,116,8.60582715424
14633,10468,10018,2,52,339,30,256,9.17227047033
14634,10468,10001,2,52,670,30,468,9.51504849937
14635,10468,11365,2,52,21,30,9,10.472905191
14636,10468,10007,3,52,1780,30,1042,11.9427758342
14637,10468,10022,4,52,228,30,164,8.27053102543
14638,10468,10013,0,52,745,30,406,11.5355009558
14639,10468,10472,2,52,23,30,8,3.00032581872
14640,10468,11226,2,52,195,30,123,15.5914623977
14641,10468,10027,2,52,141,30,83,4.76162952824
14642,10468,11210,2,52,34,30,20,16.6811145265
14643,10468,11693,0,52,6,30,6,19.1008809598
14644,10468,11432,0,52,49,30,36,11.9274243097
14645,10468,11103,2,52,35,30,26,7.2123070564
14646,10468,11237,3,52,64,30,53,11.3517889598
14647,10468,10010,3,52,218,30,181,9.84914469054
14648,10468,10014,3,52,397,30,286,10.6976902551
14649,10468,10009,0,52,135,30,91,10.5220798575
14650,10468,10036,3,52,826,30,656,8.82602372496
14651,10468,11216,2,52,60,30,49,13.1382127531
14652,10468,11418,0,52,15,30,11,12.1321764127
14653,10468,11109,0,52,5,30,5,14.9602039697
14654,10468,11371,2,52,71,30,65,6.67803825859
14655,10468,10460,2,52,42,30,22,2.05622148409
14656,10468,10048,0,52,86,30,65,12.2316734464
14657,10468,10128,2,52,51,30,40,6.46417488755
14658,10468,11375,2,52,44,30,27,10.4936336864
14659,10468,10023,2,52,210,30,134,7.66046803554
14660,10468,11211,2,52,352,30,256,11.0802598062
14661,10468,10011,3,52,437,30,352,10.1848064196
14662,10468,10025,0,52,143,30,65,5.95565878741
14663,10468,10032,2,52,65,30,28,2.87304799573
14664,10468,11232,3,52,125,30,24,15.6088945709
14665,10468,11377,3,52,46,30,33,8.57624618233
14666,10468,11361,2,52,19,30,11,9.72313123825
14667,10468,11206,0,52,90,30,63,11.5978303625
14668,10468,11430,2,52,187,30,143,15.9010588872
14669,10468,10021,2,52,62,30,45,7.52967785714
14670,10468,11201,2,52,234,30,176,12.7596582779
14671,10468,11238,0,52,109,30,64,13.3228613381
14672,10468,10016,3,52,162,30,110,9.30262472618
14673,10468,11218,2,52,26,30,19,15.876708845
14674,10468,10301,2,52,45,30,32,19.198302913
14675,10468,10452,3,52,54,30,34,2.30331520876
14676,10468,10314,2,52,51,30,30,22.1460443442
14677,10468,10461,2,52,50,30,20,3.60425708288
14678,10468,11101,4,52,193,30,96,8.65891778317
14679,10468,10029,2,52,50,30,38,5.7549995905
14680,10468,10467,2,52,33,30,22,1.60053650016
14681,10468,11208,0,52,43,30,13,13.489807276
14682,10468,10024,0,52,101,30,71,6.90723478853
14683,10468,10005,3,52,65,30,41,12.5095892914
14684,10468,10030,1,52,39,30,26,4.10040030387
14685,10468,10002,0,52,258,30,186,11.3335313639
14686,10468,11385,1,52,56,30,31,11.3239708538
14687,10468,11220,2,52,38,30,23,16.7303825567
14688,10468,11215,2,52,123,30,95,14.500277081
14689,10468,10038,2,52,174,30,85,12.1671553578
14690,10468,11217,0,52,92,30,71,13.4171381653
14691,10468,10462,2,52,104,30,58,2.73346856118
14692,10468,10040,2,52,80,30,27,1.64424954885
14693,10468,10457,3,52,28,30,16,1.40535451937
14694,10468,10017,3,52,277,30,161,8.8103514392
14695,10468,11433,2,52,18,30,12,13.150174526
14696,10468,10308,0,52,8,30,8,25.4860992157
14697,10468,10468,30,52,52,30,30,0.0
14698,10468,10111,0,52,15,30,13,8.50778077606
14699,10468,10309,2,52,23,30,15,28.5237090094
14700,10468,10034,1,52,68,30,33,1.09232891895
14701,10468,10028,2,52,89,30,53,6.86625406975
14702,10468,10035,3,52,65,30,32,4.81618006844
14703,10468,11228,1,52,10,30,8,18.2036476554
14704,10468,11105,0,52,25,30,19,6.39480393421
14705,10468,11355,2,52,26,30,18,9.13141214483
14706,10468,11209,2,52,49,30,28,18.1626723778
14707,10468,11213,0,52,35,30,20,13.6633192536
14708,10468,11369,2,52,12,30,8,7.34894409626
14709,10468,10031,1,52,64,30,45,3.83805918594
14710,10468,11221,0,52,120,30,61,12.219412315
14711,10468,11212,0,52,12,30,10,14.1591853751
14712,10468,11233,0,52,74,30,34,13.1617105886
14713,10468,11368,2,52,62,30,41,8.55207220418
14714,10468,11205,0,52,37,30,31,12.4241686418
14715,10468,10069,0,52,14,30,8,7.9311533548
14716,10468,11203,0,52,39,30,8,15.1505737553
14717,10468,10459,1,52,16,30,8,2.8922505138
14718,10468,11219,0,52,6,30,4,16.9753231895
14719,10468,11434,2,52,32,30,16,14.8302289957
14720,10468,11230,0,52,11,30,5,17.1875214624
14721,10468,11373,2,52,53,30,27,9.10914252705
14722,10468,11362,1,52,8,30,5,11.4292346771
14723,10468,10305,0,52,11,30,8,20.6740245946
14724,10468,11104,0,52,8,30,6,8.57538284874
14725,10468,10004,2,52,168,30,99,13.7725521501
14726,10468,10275,0,52,13,30,7,7.22733083622
14727,10468,10118,0,52,4,30,3,9.34747045869
14728,10468,10026,0,52,57,30,43,5.30416490942
14729,10468,11235,1,52,19,30,14,19.7313497333
14730,10468,10469,0,52,44,30,12,2.71605471704
14731,10468,10281,0,52,31,30,24,12.1474781848
14732,10468,11223,0,52,10,30,7,18.9520600293
14733,10468,11379,2,52,33,30,13,10.4770939479
14734,10468,10465,2,52,37,30,16,5.14336124673
14735,10468,10455,1,52,20,30,11,3.58511619574
14736,10468,10466,0,52,16,30,11,3.18814252975
14737,10468,11239,0,52,4,30,2,15.3034011942
14738,10468,11207,2,52,86,30,31,13.5431110275
14739,10468,11367,2,52,35,30,17,10.3890198022
14740,10468,11106,0,52,21,30,19,7.4471149844
14741,10468,10471,2,52,19,30,15,2.33719819537
14742,10468,11234,0,52,50,30,15,17.1907109887
14743,10468,10167,0,52,11,30,4,8.70508428963
14744,10468,10453,2,52,21,30,16,1.18647604769
14745,10468,10451,2,52,20,30,12,3.48690053224
14746,10468,10033,2,52,86,30,31,2.26274203832
14747,10468,11354,2,52,38,30,25,7.86943298349
14748,10468,10463,2,52,36,30,16,1.05869767
14749,10468,10169,0,52,4,30,4,8.75623805014
14750,10468,10456,2,52,21,30,12,2.62942861661
14751,10468,11420,0,52,8,30,7,14.1032155009
14752,10468,10153,2,52,6,30,5,8.10731538462
14753,10468,10307,0,52,6,30,3,30.6738968796
14754,10468,10306,0,52,17,30,8,23.5336688264
14755,10468,10165,0,52,2,30,2,8.95424693607
14756,10468,10303,2,52,11,30,7,21.4417161473
14757,10468,11224,0,52,22,30,13,20.6269576456
14758,10468,10304,0,52,8,30,5,20.4991428578
14759,10468,10458,5,52,34,30,31,0.578922811456
14760,10468,11414,2,52,13,30,7,14.711842179
14761,10468,11204,0,52,9,30,8,17.7029805871
14762,10468,11372,1,52,16,30,11,8.10807465933
14763,10468,11357,0,52,9,30,6,7.39960241383
14764,10468,10044,0,52,9,30,8,7.70078745555
14765,10468,11229,3,52,27,30,14,18.613525399
14766,10468,11236,1,52,15,30,9,15.6363932752
14767,10468,10302,2,52,5,30,5,20.5211640813
14768,10468,11422,0,52,11,30,8,16.5320003969
14769,10468,10312,0,52,4,30,2,26.6748833515
14770,10468,10310,0,52,27,30,6,19.7943001963
14771,10468,11429,1,52,8,30,6,13.7770560044
14772,10468,10152,0,52,2,30,2,8.40977734952
14773,10468,11214,0,52,10,30,6,19.1875894975
14774,10468,11435,2,52,41,30,23,12.4415079107
14775,10468,10039,2,52,8,30,7,3.45364444664
14776,10468,10121,0,52,1,30,1,9.45189245251
14777,10468,11413,2,52,14,30,7,15.646341473
14778,10468,10473,2,52,14,30,9,3.96077226855
14779,10468,10454,2,52,19,30,10,4.31317212776
14780,10468,11416,2,52,5,30,5,12.9395417045
14781,10468,10280,0,52,5,30,3,12.6515506469
14782,10468,11694,0,52,5,30,4,20.2378669505
14783,10468,11358,0,52,6,30,4,9.12542801553
14784,10468,11421,1,52,4,30,4,12.3484911921
14785,10468,11412,0,52,4,30,4,13.8256760032
14786,10468,10174,0,52,2,30,2,8.9074509366
14787,10468,11417,0,52,3,30,3,13.523638524
14788,10468,11427,2,52,5,30,4,12.4421796711
14789,10468,11411,0,52,4,30,2,14.728154461
14790,10468,11374,2,52,10,30,9,10.0127165488
14791,10468,10096,0,52,2,30,2,7.22733083622
14792,10468,10006,0,52,19,30,18,12.5136770219
14793,10468,10037,2,52,15,30,10,4.18350293508
14794,10468,11370,0,52,8,30,4,7.19697786913
14795,10468,10475,2,52,15,30,11,3.94247964821
14796,10468,11225,1,52,17,30,13,14.3936961821
14797,10468,10282,0,52,10,30,9,11.9795477666
14798,10468,11426,2,52,12,30,5,13.1835544479
14799,10468,11378,2,52,18,30,7,9.86997896219
14800,10468,10107,0,52,1,30,1,8.21311872644
14801,10468,11251,0,52,4,30,3,15.5071068773
14802,10468,11436,2,52,6,30,3,14.3555304351
14803,10468,11360,2,52,10,30,5,8.64815734317
14804,10468,11356,0,52,2,30,2,6.34054846937
14805,10468,10474,1,52,8,30,7,3.76853574912
14806,10468,11697,0,52,1,30,1,21.185740235
14807,10468,10172,0,52,2,30,2,8.65478753882
14808,10468,11691,0,52,4,30,3,19.8317502444
14809,10468,10470,1,52,6,30,4,3.06650145243
14810,10468,11366,0,52,7,30,5,11.1554992804
14811,10468,10041,0,52,2,30,2,12.7285304346
14812,10468,10278,0,52,1,30,1,11.8034994401
14813,10468,10106,0,52,4,30,1,8.21960809225
14814,10468,11428,0,52,2,30,2,13.1006032416
14815,10468,10286,0,52,1,30,1,12.0927735002
14816,10468,10279,0,52,1,30,1,12.0794270179
14817,10468,10103,0,52,1,30,1,8.40908981162
14818,10468,10196,0,52,1,30,1,7.22733083622
14819,10468,10154,0,52,1,30,1,8.45868598672
14820,10468,10119,0,52,2,30,2,9.40920544455
14821,10468,10464,0,52,5,30,4,5.81135130794
14822,10468,10166,0,52,2,30,2,8.75270154757
14823,10468,10203,0,52,1,30,1,7.22733083622
14824,10468,11359,0,52,2,30,2,8.215950246
14825,10468,10177,0,52,1,30,1,8.70297444273
14826,10468,11040,0,52,1,30,1,14.3795548713
14827,10468,11364,0,52,2,30,2,11.0586204729
14828,10468,11692,0,52,2,30,2,19.6826256261
14829,10468,11423,0,52,1,30,1,12.5848359192
14830,10468,11415,0,52,2,30,2,11.6388794013
14831,10468,10175,0,52,2,30,1,8.85736561934
14832,10111,10012,0,15,445,13,357,2.53763810765
14833,10111,11222,0,15,110,13,71,2.83069197316
14834,10111,11231,0,15,65,13,44,5.70075579491
14835,10111,10019,2,15,637,13,440,0.607865791253
14836,10111,11102,0,15,35,13,30,2.90881637667
14837,10111,10003,0,15,493,13,400,1.94204392727
14838,10111,10020,2,15,143,13,116,0.136400525973
14839,10111,10018,1,15,339,13,256,0.867813545247
14840,10111,10001,2,15,670,13,468,1.14652299961
14841,10111,11365,0,15,21,13,9,9.84257123672
14842,10111,10007,1,15,1780,13,1042,3.43678706874
14843,10111,10022,1,15,228,13,164,0.547462605882
14844,10111,10013,0,15,745,13,406,3.02778915469
14845,10111,10472,0,15,23,13,8,7.54809406271
14846,10111,11226,0,15,195,13,123,7.95088191311
14847,10111,10027,0,15,141,13,83,3.87527086309
14848,10111,11210,0,15,34,13,20,9.21599563779
14849,10111,11693,0,15,6,13,6,13.9372488019
14850,10111,11432,0,15,49,13,36,10.1718588557
14851,10111,11103,0,15,35,13,26,3.51637402939
14852,10111,11237,0,15,64,13,53,4.90703736341
14853,10111,10010,0,15,218,13,181,1.41288693827
14854,10111,10014,0,15,397,13,286,2.22605235724
14855,10111,10009,0,15,135,13,91,2.21837388434
14856,10111,10036,1,15,826,13,656,0.652990223141
14857,10111,11216,0,15,60,13,49,5.65624987106
14858,10111,11418,0,15,15,13,11,8.64808417477
14859,10111,11109,0,15,5,13,5,9.32424816865
14860,10111,11371,0,15,71,13,65,5.45829836182
14861,10111,10460,0,15,42,13,22,7.60746149574
14862,10111,10048,0,15,86,13,65,3.72390620007
14863,10111,10128,0,15,51,13,40,2.1224410077
14864,10111,11375,0,15,44,13,27,7.42132497734
14865,10111,10023,0,15,210,13,134,1.19402831616
14866,10111,11211,0,15,352,13,256,3.478741304
14867,10111,10011,1,15,437,13,352,1.72022244238
14868,10111,10025,1,15,143,13,65,2.7563208537
14869,10111,10032,0,15,65,13,28,5.93245072534
14870,10111,11232,0,15,125,13,24,7.29312916379
14871,10111,11377,0,15,46,13,33,4.0430484283
14872,10111,11361,0,15,19,13,11,10.6978873626
14873,10111,11206,0,15,90,13,63,4.33111783967
14874,10111,11430,0,15,187,13,143,12.1529172686
14875,10111,10021,0,15,62,13,45,1.10703239475
14876,10111,11201,0,15,234,13,176,4.45246789387
14877,10111,11238,0,15,109,13,64,5.51527754341
14878,10111,10016,0,15,162,13,110,0.900869776113
14879,10111,11218,0,15,26,13,19,7.91393483171
14880,10111,10301,0,15,45,13,32,10.7159984286
14881,10111,10452,0,15,54,13,34,6.20834049009
14882,10111,10314,0,15,51,13,30,13.733619172
14883,10111,10461,0,15,50,13,20,9.32178343841
14884,10111,11101,0,15,193,13,96,2.24474401492
14885,10111,10029,0,15,50,13,38,2.79301474077
14886,10111,10467,0,15,33,13,22,9.64956336852
14887,10111,11208,0,15,43,13,13,8.13816867251
14888,10111,10024,2,15,101,13,71,1.87388857112
14889,10111,10005,0,15,65,13,41,4.01280769844
14890,10111,10030,0,15,39,13,26,4.44433267063
14891,10111,10002,0,15,258,13,186,2.95176218081
14892,10111,11385,0,15,56,13,31,5.9059717354
14893,10111,11220,0,15,38,13,23,8.36963415555
14894,10111,11215,0,15,123,13,95,6.34277594365
14895,10111,10038,0,15,174,13,85,3.67993890334
14896,10111,11217,0,15,92,13,71,5.32318768252
14897,10111,10462,0,15,104,13,58,8.47197881301
14898,10111,10040,0,15,80,13,27,7.3327924896
14899,10111,10457,0,15,28,13,16,7.32686861325
14900,10111,10017,0,15,277,13,161,0.565580125682
14901,10111,11433,0,15,18,13,12,10.8913939098
14902,10111,10308,0,15,8,13,8,16.9889980301
14903,10111,10468,0,15,52,13,30,8.50778077606
14904,10111,10111,13,15,15,13,13,0.0
14905,10111,10309,0,15,23,13,15,20.0916776269
14906,10111,10034,0,15,68,13,33,8.07063058062
14907,10111,10028,0,15,89,13,53,1.73337593523
14908,10111,10035,0,15,65,13,32,3.77288496217
14909,10111,11228,0,15,10,13,8,9.93676691838
14910,10111,11105,0,15,25,13,19,3.8033820539
14911,10111,11355,0,15,26,13,18,8.33585828474
14912,10111,11209,0,15,49,13,28,9.76764629614
14913,10111,11213,0,15,35,13,20,6.50052138725
14914,10111,11369,0,15,12,13,8,5.63215659982
14915,10111,10031,0,15,64,13,45,4.86405133589
14916,10111,11221,0,15,120,13,61,5.41221578819
14917,10111,11212,0,15,12,13,10,7.50325938963
14918,10111,11233,0,15,74,13,34,6.47285050869
14919,10111,11368,0,15,62,13,41,6.31945375812
14920,10111,11205,0,15,37,13,31,4.53403337746
14921,10111,10069,0,15,14,13,8,1.30517968333
14922,10111,11203,0,15,39,13,8,7.95666118516
14923,10111,10459,0,15,16,13,8,6.36341771672
14924,10111,11219,0,15,6,13,4,8.80251269787
14925,10111,11434,0,15,32,13,16,12.2380990184
14926,10111,11230,0,15,11,13,5,9.4275233424
14927,10111,11373,0,15,53,13,27,5.47116746513
14928,10111,11362,0,15,8,13,5,12.8302236794
14929,10111,10305,0,15,11,13,8,12.1790611671
14930,10111,11104,0,15,8,13,6,3.23749504532
14931,10111,10004,0,15,168,13,99,5.31339848767
14932,10111,10275,0,15,13,13,7,1.48496621043
14933,10111,10118,0,15,4,13,3,0.841543474139
14934,10111,10026,0,15,57,13,43,3.24333129963
14935,10111,11235,0,15,19,13,14,12.1914058063
14936,10111,10469,0,15,44,13,12,10.1848370631
14937,10111,10281,0,15,31,13,24,3.64438954934
14938,10111,11223,0,15,10,13,7,11.1194138973
14939,10111,11379,0,15,33,13,13,5.9679310165
14940,10111,10465,0,15,37,13,16,9.57392740019
14941,10111,10455,0,15,20,13,11,5.34778593426
14942,10111,10466,0,15,16,13,11,11.3825755437
14943,10111,11239,0,15,4,13,2,9.38095241608
14944,10111,11207,0,15,86,13,31,7.50994684115
14945,10111,11367,0,15,35,13,17,8.47053890087
14946,10111,11106,0,15,21,13,19,2.43576172479
14947,10111,10471,0,15,19,13,15,10.5169712511
14948,10111,11234,0,15,50,13,15,10.1449297228
14949,10111,10167,0,15,11,13,4,0.335614997417
14950,10111,10453,0,15,21,13,16,7.32880945341
14951,10111,10451,0,15,20,13,12,5.08739104622
14952,10111,10033,0,15,86,13,31,6.57260496352
14953,10111,11354,0,15,38,13,25,8.03882881819
14954,10111,10463,0,15,36,13,16,9.17944481983
14955,10111,10169,0,15,4,13,4,0.341012513413
14956,10111,10456,0,15,21,13,12,6.0655863022
14957,10111,11420,0,15,8,13,7,10.4317084835
14958,10111,10153,0,15,6,13,5,0.409241932601
14959,10111,10307,0,15,6,13,3,22.2612703781
14960,10111,10306,0,15,17,13,8,15.026048218
14961,10111,10165,0,15,2,13,2,0.478627085307
14962,10111,10303,0,15,11,13,7,13.1999735082
14963,10111,11224,0,15,22,13,13,12.6242428523
14964,10111,10304,0,15,8,13,5,11.9915696451
14965,10111,10458,0,15,34,13,31,8.61214647484
14966,10111,11414,0,15,13,13,7,9.92585507099
14967,10111,11204,0,15,9,13,8,9.68729493881
14968,10111,11372,0,15,16,13,11,4.94194064318
14969,10111,11357,0,15,9,13,6,9.01054253979
14970,10111,10044,1,15,9,13,8,1.51318102588
14971,10111,11229,0,15,27,13,14,11.2047629502
14972,10111,11236,0,15,15,13,9,9.06914649995
14973,10111,10302,0,15,5,13,5,12.1747146003
14974,10111,11422,0,15,11,13,8,14.3803422744
14975,10111,10312,0,15,4,13,2,18.1999842034
14976,10111,10310,0,15,27,13,6,11.3700948026
14977,10111,11429,0,15,8,13,6,13.0038173155
14978,10111,10152,0,15,2,13,2,0.292813073015
14979,10111,11214,0,15,10,13,6,11.0989109975
14980,10111,11435,0,15,41,13,23,9.71265348757
14981,10111,10039,0,15,8,13,7,5.08765335638
14982,10111,10121,0,15,1,13,1,0.994376692984
14983,10111,11413,0,15,14,13,7,13.3798322671
14984,10111,10473,0,15,14,13,9,7.45415321223
14985,10111,10454,0,15,19,13,10,4.56003124069
14986,10111,11416,0,15,5,13,5,8.49839621221
14987,10111,10280,0,15,5,13,3,4.14478950607
14988,10111,11694,0,15,5,13,4,14.3543084029
14989,10111,11358,0,15,6,13,4,9.53025638109
14990,10111,11421,0,15,4,13,4,7.84775630566
14991,10111,11412,0,15,4,13,4,12.2315005371
14992,10111,10174,0,15,2,13,2,0.540341645535
14993,10111,11417,0,15,3,13,3,9.06137324201
14994,10111,11427,0,15,5,13,4,12.2551126431
14995,10111,11411,0,15,4,13,2,13.4888265031
14996,10111,11374,0,15,10,13,9,6.57319249031
14997,10111,10096,0,15,2,13,2,1.48496621043
14998,10111,10006,0,15,19,13,18,4.0063688966
14999,10111,10037,0,15,15,13,10,4.3266199229
15000,10111,11370,0,15,8,13,4,4.58416349341
15001,10111,10475,0,15,15,13,11,11.4685961121
15002,10111,11225,0,15,17,13,13,6.75351524892
15003,10111,10282,0,15,10,13,9,3.47958722648
15004,10111,11426,0,15,12,13,5,13.5981207728
15005,10111,11378,0,15,18,13,7,4.62486130174
15006,10111,10107,0,15,1,13,1,0.560921144956
15007,10111,11251,0,15,4,13,3,8.06086330269
15008,10111,11436,0,15,6,13,3,11.1650588966
15009,10111,11360,0,15,10,13,5,10.4736520837
15010,10111,11356,0,15,2,13,2,7.2632519053
15011,10111,10474,0,15,8,13,7,6.02094715074
15012,10111,11697,0,15,1,13,1,14.2043377661
15013,10111,10172,0,15,2,13,2,0.310250549055
15014,10111,11691,0,15,4,13,3,15.8743952032
15015,10111,10470,0,15,6,13,4,11.5246824498
15016,10111,11366,0,15,7,13,5,9.85822425486
15017,10111,10041,0,15,2,13,2,4.23277383458
15018,10111,10278,0,15,1,13,1,3.30249346607
15019,10111,10106,0,15,4,13,1,0.437900731759
15020,10111,11428,0,15,2,13,2,12.7036237237
15021,10111,10286,0,15,1,13,1,3.58542505968
15022,10111,10279,0,15,1,13,1,3.5731972672
15023,10111,10103,0,15,1,13,1,0.116043412199
15024,10111,10196,0,15,1,13,1,1.48496621043
15025,10111,10154,0,15,1,13,1,0.280131912489
15026,10111,10119,0,15,2,13,2,0.983850885566
15027,10111,10464,0,15,5,13,4,11.9762495492
15028,10111,10166,0,15,2,13,2,0.3301237348
15029,10111,10203,0,15,1,13,1,1.48496621043
15030,10111,11359,0,15,2,13,2,10.7972077642
15031,10111,10177,0,15,1,13,1,0.282199097001
15032,10111,11040,0,15,1,13,1,15.7200912716
15033,10111,11364,0,15,2,13,2,11.4619201773
15034,10111,11692,0,15,2,13,2,14.9384301751
15035,10111,11423,0,15,1,13,1,11.4259775668
15036,10111,11415,0,15,2,13,2,8.5676536628
15037,10111,10175,0,15,2,13,1,0.35650099359
15038,10309,10012,3,23,445,15,357,17.6266933328
15039,10309,11222,1,23,110,15,71,19.535406863
15040,10309,11231,2,23,65,15,44,15.1104599906
15041,10309,10019,3,23,637,15,440,20.1986564085
15042,10309,11102,2,23,35,15,30,22.5283093617
15043,10309,10003,1,23,493,15,400,18.2762092823
15044,10309,10020,1,23,143,15,116,19.9804234596
15045,10309,10018,3,23,339,15,256,19.3674955181
15046,10309,10001,3,23,670,15,468,19.0272672547
15047,10309,11365,2,23,21,15,9,26.4213646227
15048,10309,10007,3,23,1780,15,1042,16.7353226627
15049,10309,10022,2,23,228,15,164,20.4219123863
15050,10309,10013,0,23,745,15,406,17.1134919315
15051,10309,10472,2,23,23,15,8,27.5330633281
15052,10309,11226,3,23,195,15,123,15.716728514
15053,10309,10027,2,23,141,15,83,23.7676276745
15054,10309,11210,3,23,34,15,20,15.6204053992
15055,10309,11693,0,23,6,15,6,21.2076274493
15056,10309,11432,0,23,49,15,36,25.476365936
15057,10309,11103,2,23,35,15,26,22.6078640298
15058,10309,11237,2,23,64,15,53,19.5198830917
15059,10309,10010,2,23,218,15,181,18.8667780862
15060,10309,10014,2,23,397,15,286,17.8679729119
15061,10309,10009,0,23,135,15,91,18.3649939703
15062,10309,10036,4,23,826,15,656,19.711280434
15063,10309,11216,2,23,60,15,49,17.3776468978
15064,10309,11418,0,23,15,15,11,23.0984096927
15065,10309,11109,0,23,5,15,5,19.863415366
15066,10309,11371,2,23,71,15,65,24.3930014319
15067,10309,10460,2,23,42,15,22,27.6852237399
15068,10309,10048,0,23,86,15,65,16.4232126108
15069,10309,10128,3,23,51,15,40,22.2082605954
15070,10309,11375,3,23,44,15,27,23.3673964097
15071,10309,10023,3,23,210,15,134,20.863550784
15072,10309,11211,2,23,352,15,256,18.5312975169
15073,10309,10011,3,23,437,15,352,18.378537529
15074,10309,10025,1,23,143,15,65,22.572514953
15075,10309,10032,2,23,65,15,28,25.7624779255
15076,10309,11232,2,23,125,15,24,13.996016103
15077,10309,11377,2,23,46,15,33,21.9212248354
15078,10309,11361,2,23,19,15,11,28.1437531521
15079,10309,11206,0,23,90,15,63,18.537231413
15080,10309,11430,2,23,187,15,143,23.4826601085
15081,10309,10021,2,23,62,15,45,21.1527980727
15082,10309,11201,3,23,234,15,176,16.4064311038
15083,10309,11238,0,23,109,15,64,16.7689960709
15084,10309,10016,3,23,162,15,110,19.3957706624
15085,10309,11218,3,23,26,15,19,14.7749035238
15086,10309,10301,3,23,45,15,32,9.41110721872
15087,10309,10452,2,23,54,15,34,26.2252700873
15088,10309,10314,4,23,51,15,30,6.37934040302
15089,10309,10461,1,23,50,15,20,29.2340301984
15090,10309,11101,2,23,193,15,96,20.7048369146
15091,10309,10029,2,23,50,15,38,22.8842116183
15092,10309,10467,3,23,33,15,22,29.7371561972
15093,10309,11208,0,23,43,15,13,20.4463432297
15094,10309,10024,0,23,101,15,71,21.6175358252
15095,10309,10005,2,23,65,15,41,16.2329022819
15096,10309,10030,1,23,39,15,26,24.4238532105
15097,10309,10002,0,23,258,15,186,17.556913879
15098,10309,11385,1,23,56,15,31,20.651198686
15099,10309,11220,2,23,38,15,23,12.9272460726
15100,10309,11215,3,23,123,15,95,15.2790262255
15101,10309,10038,3,23,174,15,85,16.5935193006
15102,10309,11217,1,23,92,15,71,16.232692702
15103,10309,10462,3,23,104,15,58,28.4835094436
15104,10309,10040,2,23,80,15,27,27.1753591864
15105,10309,10457,2,23,28,15,16,27.4079823565
15106,10309,10017,2,23,277,15,161,19.8902277572
15107,10309,11433,2,23,18,15,12,25.1699851556
15108,10309,10308,2,23,8,15,8,3.59090086485
15109,10309,10468,2,23,52,15,30,28.5237090094
15110,10309,10111,0,23,15,15,13,20.0916776269
15111,10309,10309,15,23,23,15,15,0.0
15112,10309,10034,1,23,68,15,33,27.9369301695
15113,10309,10028,2,23,89,15,53,21.8109045996
15114,10309,10035,2,23,65,15,32,23.8645420747
15115,10309,11228,1,23,10,15,8,12.2047897865
15116,10309,11105,0,23,25,15,19,23.2886077549
15117,10309,11355,2,23,26,15,18,25.6501537328
15118,10309,11209,3,23,49,15,28,11.614157728
15119,10309,11213,0,23,35,15,20,17.5890750663
15120,10309,11369,2,23,12,15,8,24.1413460934
15121,10309,10031,1,23,64,15,45,24.7212370759
15122,10309,11221,0,23,120,15,61,18.7458173608
15123,10309,11212,0,23,12,15,10,18.2235141047
15124,10309,11233,0,23,74,15,34,18.5193114922
15125,10309,11368,2,23,62,15,41,23.9263642226
15126,10309,11205,0,23,37,15,31,17.2773458762
15127,10309,10069,0,23,14,15,8,20.5977362188
15128,10309,11203,0,23,39,15,8,16.873231359
15129,10309,10459,1,23,16,15,8,26.428326137
15130,10309,11219,0,23,6,15,4,13.4254874786
15131,10309,11434,2,23,32,15,16,25.2310362655
15132,10309,11230,0,23,11,15,5,14.584304933
15133,10309,11373,2,23,53,15,27,22.6453003731
15134,10309,11362,1,23,8,15,5,29.7945190138
15135,10309,10305,0,23,11,15,8,8.69414064919
15136,10309,11104,1,23,8,15,6,21.3597283472
15137,10309,10004,2,23,168,15,99,14.7789111462
15138,10309,10275,0,23,13,15,7,21.2976180264
15139,10309,10118,0,23,4,15,3,19.2536634387
15140,10309,10026,0,23,57,15,43,23.2239087455
15141,10309,11235,1,23,19,15,14,14.3272059876
15142,10309,10469,0,23,44,15,12,30.2596017799
15143,10309,10281,0,23,31,15,24,16.4689062573
15144,10309,11223,0,23,10,15,7,13.5191926149
15145,10309,11379,3,23,33,15,13,21.7529314476
15146,10309,10465,3,23,37,15,16,29.1344285128
15147,10309,10455,0,23,20,15,11,25.4214242965
15148,10309,10466,0,23,16,15,11,31.4729288354
15149,10309,11239,0,23,4,15,2,19.3025087713
15150,10309,11207,2,23,86,15,31,19.389459871
15151,10309,11367,2,23,35,15,17,24.7403613496
15152,10309,11106,0,23,21,15,19,21.8139873774
15153,10309,10471,2,23,19,15,15,30.3277552035
15154,10309,11234,1,23,50,15,15,16.5130552864
15155,10309,10167,0,23,11,15,4,19.9469799772
15156,10309,10453,1,23,21,15,16,27.3372681263
15157,10309,10451,3,23,20,15,12,25.1726586262
15158,10309,10033,3,23,86,15,31,26.4175406031
15159,10309,11354,2,23,38,15,25,26.1950059371
15160,10309,10463,3,23,36,15,16,29.0715808071
15161,10309,10169,0,23,4,15,4,19.8889810995
15162,10309,10456,2,23,21,15,12,26.1559756718
15163,10309,11420,0,23,8,15,7,23.1814486223
15164,10309,10153,0,23,6,15,5,20.5005455464
15165,10309,10307,0,23,6,15,3,2.1979916362
15166,10309,10306,0,23,17,15,8,5.70832168459
15167,10309,10165,0,23,2,15,2,19.6821801305
15168,10309,10303,2,23,11,15,7,7.37735071548
15169,10309,11224,0,23,22,15,13,12.0882770083
15170,10309,10304,0,23,8,15,5,8.42807545253
15171,10309,10458,2,23,34,15,31,28.6779105655
15172,10309,11414,2,23,13,15,7,21.3762370871
15173,10309,11204,1,23,9,15,8,13.4971663257
15174,10309,11372,2,23,16,15,11,23.0173212547
15175,10309,11357,0,23,9,15,6,27.5532660996
15176,10309,10044,0,23,9,15,8,21.2023519686
15177,10309,11229,4,23,27,15,14,15.0882766725
15178,10309,11236,1,23,15,15,9,17.9826196534
15179,10309,10302,2,23,5,15,5,8.05433456162
15180,10309,11422,0,23,11,15,8,26.753938532
15181,10309,10312,0,23,4,15,2,2.14376935123
15182,10309,10310,0,23,27,15,6,8.73051988759
15183,10309,11429,1,23,8,15,6,27.818031179
15184,10309,10152,0,23,2,15,2,20.2379624682
15185,10309,11214,0,23,10,15,6,12.3748442763
15186,10309,11435,2,23,41,15,23,24.2395808514
15187,10309,10039,2,23,8,15,7,25.0701015413
15188,10309,10121,0,23,1,15,1,19.1138059808
15189,10309,11413,2,23,14,15,7,26.1400709323
15190,10309,10473,2,23,14,15,9,27.2599229831
15191,10309,10454,2,23,19,15,10,24.6247053986
15192,10309,11416,2,23,5,15,5,21.8209654356
15193,10309,10280,0,23,5,15,3,15.9924036607
15194,10309,11694,0,23,5,15,4,19.5221129371
15195,10309,11358,0,23,6,15,4,27.0874033066
15196,10309,11421,1,23,4,15,4,21.7168261299
15197,10309,11412,0,23,4,15,4,26.5007452712
15198,10309,10174,0,23,2,15,2,19.7684029783
15199,10309,11417,1,23,3,15,3,21.824954627
15200,10309,11427,2,23,5,15,4,28.0307876287
15201,10309,11411,0,23,4,15,2,27.5258091467
15202,10309,11374,3,23,10,15,9,22.8939514415
15203,10309,10096,0,23,2,15,2,21.2976180264
15204,10309,10006,0,23,19,15,18,16.1640963483
15205,10309,10037,2,23,15,15,10,24.3853059106
15206,10309,11370,1,23,8,15,4,23.3752400008
15207,10309,10475,4,23,15,15,11,31.5200090731
15208,10309,11225,1,23,17,15,13,16.385155685
15209,10309,10282,0,23,10,15,9,16.6254378269
15210,10309,11426,2,23,12,15,5,29.3950067804
15211,10309,11378,2,23,18,15,7,21.1189218822
15212,10309,10107,0,23,1,15,1,20.3279246685
15213,10309,11251,0,23,4,15,3,16.1897960368
15214,10309,11436,2,23,6,15,3,24.0484516878
15215,10309,11360,2,23,10,15,5,28.5802953517
15216,10309,11356,0,23,2,15,2,26.2315796742
15217,10309,10474,1,23,8,15,7,25.9806341684
15218,10309,11697,0,23,1,15,1,16.1455050368
15219,10309,10172,0,23,2,15,2,19.996732095
15220,10309,11691,0,23,4,15,3,24.347287751
15221,10309,10470,1,23,6,15,4,31.5769235762
15222,10309,11366,1,23,7,15,5,25.8182012857
15223,10309,10041,0,23,2,15,2,16.0267476506
15224,10309,10278,0,23,1,15,1,16.8972297265
15225,10309,10106,0,23,4,15,1,20.3344271316
15226,10309,11428,0,23,2,15,2,28.0621857836
15227,10309,10286,0,23,1,15,1,16.5493576547
15228,10309,10279,0,23,1,15,1,16.6001289874
15229,10309,10103,0,23,1,15,1,20.1798524447
15230,10309,10196,0,23,1,15,1,21.2976180264
15231,10309,10154,0,23,1,15,1,20.1898863734
15232,10309,10119,0,23,2,15,2,19.1468177054
15233,10309,10464,0,23,5,15,4,31.7154552087
15234,10309,10166,0,23,2,15,2,19.890004273
15235,10309,10203,0,23,1,15,1,21.2976180264
15236,10309,11359,0,23,2,15,2,29.2418908639
15237,10309,10177,0,23,1,15,1,19.9354282713
15238,10309,11040,0,23,1,15,1,31.6938749963
15239,10309,11364,0,23,2,15,2,28.1312834078
15240,10309,11692,0,23,2,15,2,22.3918328764
15241,10309,11423,0,23,1,15,1,26.6270544084
15242,10309,11415,0,23,2,15,2,23.5714933454
15243,10309,10175,0,23,2,15,1,19.7585097126
15244,10034,10012,1,68,445,33,357,10.6052657469
15245,10034,11222,1,68,110,33,71,9.84555858404
15246,10034,11231,1,68,65,33,44,13.7319221554
15247,10034,10019,4,68,637,33,440,7.8298105033
15248,10034,11102,1,68,35,33,30,6.65407225194
15249,10034,10003,1,68,493,33,400,10.0093363124
15250,10034,10020,1,68,143,33,116,8.15663109433
15251,10034,10018,2,68,339,33,256,8.6668755291
15252,10034,10001,2,68,670,33,468,9.01001153626
15253,10034,11365,1,68,21,33,9,11.1271114481
15254,10034,10007,5,68,1780,33,1042,11.4991936871
15255,10034,10022,2,68,228,33,164,7.89622853052
15256,10034,10013,1,68,745,33,406,11.0843638309
15257,10034,10472,1,68,23,33,8,3.72839264604
15258,10034,11226,1,68,195,33,123,15.4588367317
15259,10034,10027,3,68,141,33,83,4.21421741396
15260,10034,11210,2,68,34,33,20,16.594552074
15261,10034,11693,0,68,6,33,6,19.4052026869
15262,10034,11432,1,68,49,33,36,12.5058647565
15263,10034,11103,1,68,35,33,26,7.23933112545
15264,10034,11237,1,68,64,33,53,11.3370759251
15265,10034,10010,2,68,218,33,181,9.45348409184
15266,10034,10014,2,68,397,33,286,10.2057966448
15267,10034,10009,0,68,135,33,91,10.1748837423
15268,10034,10036,2,68,826,33,656,8.32014975492
15269,10034,11216,2,68,60,33,49,13.0057968623
15270,10034,11418,0,68,15,33,11,12.520946605
15271,10034,11109,0,68,5,33,5,15.1453936071
15272,10034,11371,1,68,71,33,65,7.0030059593
15273,10034,10460,1,68,42,33,22,2.77646324905
15274,10034,10048,0,68,86,33,65,11.774919215
15275,10034,10128,2,68,51,33,40,6.12833280114
15276,10034,11375,2,68,44,33,27,10.8714431404
15277,10034,10023,3,68,210,33,134,7.12500439782
15278,10034,11211,3,68,352,33,256,10.883763533
15279,10034,10011,2,68,437,33,352,9.69598824345
15280,10034,10025,1,68,143,33,65,5.39692194948
15281,10034,10032,3,68,65,33,28,2.1763181455
15282,10034,11232,1,68,125,33,24,15.2930764541
15283,10034,11377,2,68,46,33,33,8.65246486631
15284,10034,11361,1,68,19,33,11,10.5176407651
15285,10034,11206,0,68,90,33,63,11.4695109383
15286,10034,11430,1,68,187,33,143,16.3414068415
15287,10034,10021,2,68,62,33,45,7.16824575714
15288,10034,11201,2,68,234,33,176,12.4333646582
15289,10034,11238,1,68,109,33,64,13.12990673
15290,10034,10016,2,68,162,33,110,8.90933530003
15291,10034,11218,1,68,26,33,19,15.6720153319
15292,10034,10301,1,68,45,33,32,18.6707027563
15293,10034,10452,2,68,54,33,34,1.99853006186
15294,10034,10314,2,68,51,33,30,21.5582297845
15295,10034,10461,1,68,50,33,20,4.61365547892
15296,10034,11101,2,68,193,33,96,8.49896169885
15297,10034,10029,3,68,50,33,38,5.41964147725
15298,10034,10467,2,68,33,33,22,2.67111661273
15299,10034,11208,0,68,43,33,13,13.6836737776
15300,10034,10024,2,68,101,33,71,6.35611666018
15301,10034,10005,2,68,65,33,41,12.0821464164
15302,10034,10030,2,68,39,33,26,3.6312104182
15303,10034,10002,1,68,258,33,186,10.9706774228
15304,10034,11385,1,68,56,33,31,11.4457341456
15305,10034,11220,1,68,38,33,23,16.3980865716
15306,10034,11215,1,68,123,33,95,14.2329347216
15307,10034,10038,2,68,174,33,85,11.7505286611
15308,10034,11217,1,68,92,33,71,13.1588468479
15309,10034,10462,2,68,104,33,58,3.66517334111
15310,10034,10040,3,68,80,33,27,0.762242429962
15311,10034,10457,2,68,28,33,16,1.82684637891
15312,10034,10017,2,68,277,33,161,8.42818370611
15313,10034,11433,1,68,18,33,12,13.7051760139
15314,10034,10308,0,68,8,33,8,24.9688328891
15315,10034,10468,1,68,52,33,30,1.09232891895
15316,10034,10111,0,68,15,33,13,8.07063058062
15317,10034,10309,1,68,23,33,15,27.9369301695
15318,10034,10034,33,68,68,33,33,0.0
15319,10034,10028,2,68,89,33,53,6.5205590679
15320,10034,10035,3,68,65,33,32,4.5590240823
15321,10034,11228,1,68,10,33,8,17.9150836946
15322,10034,11105,0,68,25,33,19,6.44500745099
15323,10034,11355,1,68,26,33,18,9.71220260548
15324,10034,11209,2,68,49,33,28,17.8153234511
15325,10034,11213,0,68,35,33,20,13.595542967
15326,10034,11369,1,68,12,33,8,7.68283766499
15327,10034,10031,2,68,64,33,45,3.23379769155
15328,10034,11221,0,68,120,33,61,12.178033898
15329,10034,11212,0,68,12,33,10,14.1818522264
15330,10034,11233,0,68,74,33,34,13.1601114784
15331,10034,11368,1,68,62,33,41,8.92354844014
15332,10034,11205,1,68,37,33,31,12.2013114674
15333,10034,10069,0,68,14,33,8,7.35615936176
15334,10034,11203,0,68,39,33,8,15.099107787
15335,10034,10459,1,68,16,33,8,3.23261698216
15336,10034,11219,0,68,6,33,4,16.7161811217
15337,10034,11434,1,68,32,33,16,15.38300141
15338,10034,11230,0,68,11,33,5,17.0412299165
15339,10034,11373,1,68,53,33,27,9.34203453679
15340,10034,11362,1,68,8,33,5,12.3040670243
15341,10034,10305,0,68,11,33,8,20.2437845365
15342,10034,11104,0,68,8,33,6,8.54659185374
15343,10034,10004,2,68,168,33,99,13.2464206703
15344,10034,10275,0,68,13,33,7,6.70393556979
15345,10034,10118,1,68,4,33,3,8.89838120505
15346,10034,10026,2,68,57,33,43,4.82731667495
15347,10034,11235,1,68,19,33,14,19.6503469074
15348,10034,10469,0,68,44,33,12,3.80625410251
15349,10034,10281,1,68,31,33,24,11.6736933949
15350,10034,11223,0,68,10,33,7,18.7983799722
15351,10034,11379,1,68,33,33,13,10.6786352492
15352,10034,10465,1,68,37,33,16,6.09969592964
15353,10034,10455,1,68,20,33,11,3.65192387454
15354,10034,10466,0,68,16,33,11,4.14659153178
15355,10034,11239,0,68,4,33,2,15.4542317055
15356,10034,11207,2,68,86,33,31,13.6454111535
15357,10034,11367,1,68,35,33,17,10.8974198402
15358,10034,11106,0,68,21,33,19,7.3143554244
15359,10034,10471,1,68,19,33,15,2.44685234848
15360,10034,11234,0,68,50,33,15,17.188204715
15361,10034,10167,0,68,11,33,4,8.29905148362
15362,10034,10453,1,68,21,33,16,1.09066392258
15363,10034,10451,2,68,20,33,12,3.30913481923
15364,10034,10033,6,68,86,33,31,1.52091755931
15365,10034,11354,1,68,38,33,25,8.49337290064
15366,10034,10463,2,68,36,33,16,1.1351482393
15367,10034,10169,1,68,4,33,4,8.34519773582
15368,10034,10456,1,68,21,33,12,2.68824568613
15369,10034,11420,0,68,8,33,7,14.5198058684
15370,10034,10153,0,68,6,33,5,7.68369625268
15371,10034,10307,0,68,6,33,3,30.0717975128
15372,10034,10306,1,68,17,33,8,23.0533084908
15373,10034,10165,0,68,2,33,2,8.53431280607
15374,10034,10303,1,68,11,33,7,20.7837687873
15375,10034,11224,0,68,22,33,13,20.4339817959
15376,10034,10304,0,68,8,33,5,20.0214451996
15377,10034,10458,3,68,34,33,31,1.65151014077
15378,10034,11414,1,68,13,33,7,15.0046881157
15379,10034,11204,0,68,9,33,8,17.4945696688
15380,10034,11372,1,68,16,33,11,8.32126332919
15381,10034,11357,0,68,9,33,6,8.16564880601
15382,10034,10044,0,68,9,33,8,7.43733440557
15383,10034,11229,1,68,27,33,14,18.5534010271
15384,10034,11236,1,68,15,33,9,15.6958689982
15385,10034,10302,1,68,5,33,5,19.9054087792
15386,10034,11422,0,68,11,33,8,17.1576215163
15387,10034,10312,0,68,4,33,2,26.126273945
15388,10034,10310,0,68,27,33,6,19.2197981722
15389,10034,11429,1,68,8,33,6,14.4977137364
15390,10034,10152,0,68,2,33,2,8.00703791038
15391,10034,11214,1,68,10,33,6,18.9637113305
15392,10034,11435,1,68,41,33,23,12.9265135008
15393,10034,10039,2,68,8,33,7,2.99872871791
15394,10034,10121,0,68,1,33,1,8.97328014188
15395,10034,11413,1,68,14,33,7,16.247366511
15396,10034,10473,1,68,14,33,9,4.66250704445
15397,10034,10454,1,68,19,33,10,4.26095810956
15398,10034,11416,1,68,5,33,5,13.2358432449
15399,10034,10280,0,68,5,33,3,12.1854748221
15400,10034,11694,0,68,5,33,4,20.4511179498
15401,10034,11358,0,68,6,33,4,9.84003669867
15402,10034,11421,1,68,4,33,4,12.6208487273
15403,10034,11412,0,68,4,33,4,14.4653017857
15404,10034,10174,0,68,2,33,2,8.51062243553
15405,10034,11417,0,68,3,33,3,13.8318912364
15406,10034,11427,1,68,5,33,4,13.1935716914
15407,10034,11411,0,68,4,33,2,15.4193453738
15408,10034,11374,1,68,10,33,9,10.323498207
15409,10034,10096,0,68,2,33,2,6.70393556979
15410,10034,10006,1,68,19,33,18,12.0630078245
15411,10034,10037,1,68,15,33,10,3.83926268065
15412,10034,11370,0,68,8,33,4,7.38393506227
15413,10034,10475,1,68,15,33,11,5.0110059
15414,10034,11225,1,68,17,33,13,14.2485295934
15415,10034,10282,0,68,10,33,9,11.5014225175
15416,10034,11426,1,68,12,33,5,14.003963533
15417,10034,11378,1,68,18,33,7,9.94730756905
15418,10034,10107,0,68,1,33,1,7.72018610821
15419,10034,11251,0,68,4,33,3,15.4129105954
15420,10034,11436,1,68,6,33,3,14.8328707165
15421,10034,11360,1,68,10,33,5,9.49087126823
15422,10034,11356,0,68,2,33,2,6.94097432551
15423,10034,10474,1,68,8,33,7,4.1237352971
15424,10034,11697,0,68,1,33,1,21.2252189969
15425,10034,10172,0,68,2,33,2,8.24941742473
15426,10034,11691,0,68,4,33,3,20.2955196568
15427,10034,10470,2,68,6,33,4,3.84914839643
15428,10034,11366,0,68,7,33,5,11.7605105124
15429,10034,10041,0,68,2,33,2,12.3022665335
15430,10034,10278,0,68,1,33,1,11.3707085331
15431,10034,10106,0,68,4,33,1,7.74443361275
15432,10034,11428,0,68,2,33,2,13.8450086246
15433,10034,10286,0,68,1,33,1,11.6319505493
15434,10034,10279,0,68,1,33,1,11.6347203825
15435,10034,10103,0,68,1,33,1,7.96527095351
15436,10034,10196,0,68,1,33,1,6.70393556979
15437,10034,10154,0,68,1,33,1,8.05546051679
15438,10034,10119,1,68,2,33,2,8.9215442914
15439,10034,10464,0,68,5,33,4,6.90037138701
15440,10034,10166,0,68,2,33,2,8.3402254492
15441,10034,10203,0,68,1,33,1,6.70393556979
15442,10034,11359,0,68,2,33,2,9.11614454999
15443,10034,10177,0,68,1,33,1,8.28881549489
15444,10034,11040,0,68,1,33,1,15.291982175
15445,10034,11364,0,68,2,33,2,11.8349366326
15446,10034,11692,0,68,2,33,2,20.0477713439
15447,10034,11423,0,68,1,33,1,13.242975988
15448,10034,11415,0,68,2,33,2,12.0603671003
15449,10034,10175,0,68,2,33,1,8.42602631813
15450,10028,10012,2,89,445,53,357,4.20535144587
15451,10028,11222,1,89,110,53,71,3.51142346838
15452,10028,11231,2,89,65,53,44,7.22303254693
15453,10028,10019,3,89,637,53,440,1.82028035872
15454,10028,11102,2,89,35,53,30,1.59218207097
15455,10028,10003,1,89,493,53,400,3.57098025043
15456,10028,10020,1,89,143,53,116,1.85532910915
15457,10028,10018,3,89,339,53,256,2.54593072864
15458,10028,10001,5,89,670,53,468,2.86058135447
15459,10028,11365,2,89,21,53,9,8.89170537867
15460,10028,10007,5,89,1780,53,1042,5.10731708548
15461,10028,10022,4,89,228,53,164,1.4082539588
15462,10028,10013,2,89,745,53,406,4.71155036292
15463,10028,10472,3,89,23,53,8,5.81933816762
15464,10028,11226,2,89,195,53,123,9.07555301685
15465,10028,10027,3,89,141,53,83,2.47682787383
15466,10028,11210,3,89,34,53,20,10.2795348221
15467,10028,11693,0,89,6,53,6,14.273399544
15468,10028,11432,1,89,49,53,36,9.48387696821
15469,10028,11103,2,89,35,53,26,2.45798119241
15470,10028,11237,2,89,64,53,53,5.37435368102
15471,10028,10010,3,89,218,53,181,2.98961515866
15472,10028,10014,4,89,397,53,286,3.95548804402
15473,10028,10009,1,89,135,53,91,3.66219886728
15474,10028,10036,3,89,826,53,656,2.23701249986
15475,10028,11216,3,89,60,53,49,6.65749664559
15476,10028,11418,0,89,15,53,11,8.31577703451
15477,10028,11109,0,89,5,53,5,9.69584382187
15478,10028,11371,2,89,71,53,65,4.15732437214
15479,10028,10460,2,89,42,53,22,5.87842804168
15480,10028,10048,0,89,86,53,65,5.4079118154
15481,10028,10128,7,89,51,53,40,0.40316396372
15482,10028,11375,3,89,44,53,27,6.88104753634
15483,10028,10023,4,89,210,53,134,1.50881896389
15484,10028,11211,5,89,352,53,256,4.46358215025
15485,10028,10011,3,89,437,53,352,3.45266746202
15486,10028,10025,2,89,143,53,65,1.66948447773
15487,10028,10032,3,89,65,53,28,4.45883473408
15488,10028,11232,2,89,125,53,24,8.77393400643
15489,10028,11377,2,89,46,53,33,3.52816113046
15490,10028,11361,2,89,19,53,11,9.49880302084
15491,10028,11206,0,89,90,53,63,5.16944278115
15492,10028,11430,2,89,187,53,143,12.0455394188
15493,10028,10021,3,89,62,53,45,0.665955898763
15494,10028,11201,4,89,234,53,176,5.91507077631
15495,10028,11238,1,89,109,53,64,6.68265103769
15496,10028,10016,3,89,162,53,110,2.44467702485
15497,10028,11218,2,89,26,53,19,9.1956691972
15498,10028,10301,2,89,45,53,32,12.4228181823
15499,10028,10452,2,89,54,53,34,4.5888004767
15500,10028,10314,3,89,51,53,30,15.4590091006
15501,10028,10461,1,89,50,53,20,7.59998107333
15502,10028,11101,3,89,193,53,96,2.308068591
15503,10028,10029,3,89,50,53,38,1.11176172416
15504,10028,10467,2,89,33,53,22,7.94610740692
15505,10028,11208,0,89,43,53,13,8.36465391336
15506,10028,10024,3,89,101,53,71,1.37616101748
15507,10028,10005,3,89,65,53,41,5.65810055808
15508,10028,10030,1,89,39,53,26,2.90844944341
15509,10028,10002,3,89,258,53,186,4.46899852969
15510,10028,11385,1,89,56,53,31,6.01679433194
15511,10028,11220,2,89,38,53,23,9.8837929721
15512,10028,11215,2,89,123,53,95,7.71903912863
15513,10028,10038,3,89,174,53,85,5.31036637426
15514,10028,11217,1,89,92,53,71,6.65131690015
15515,10028,10462,3,89,104,53,58,6.7396384858
15516,10028,10040,2,89,80,53,27,5.80999650474
15517,10028,10457,2,89,28,53,16,5.6367893503
15518,10028,10017,3,89,277,53,161,1.94894452588
15519,10028,11433,2,89,18,53,12,10.3568516552
15520,10028,10308,0,89,8,53,8,18.6805005508
15521,10028,10468,2,89,52,53,30,6.86625406975
15522,10028,10111,0,89,15,53,13,1.73337593523
15523,10028,10309,2,89,23,53,15,21.8109045996
15524,10028,10034,2,89,68,53,33,6.5205590679
15525,10028,10028,53,89,89,53,53,0.0
15526,10028,10035,2,89,65,53,32,2.06926691487
15527,10028,11228,1,89,10,53,8,11.3946766784
15528,10028,11105,1,89,25,53,19,2.41414332303
15529,10028,11355,3,89,26,53,18,7.31365403233
15530,10028,11209,3,89,49,53,28,11.3082211189
15531,10028,11213,0,89,35,53,20,7.3746810419
15532,10028,11369,2,89,12,53,8,4.48919132319
15533,10028,10031,1,89,64,53,45,3.42176696222
15534,10028,11221,1,89,120,53,61,6.07948746413
15535,10028,11212,0,89,12,53,10,8.19198496414
15536,10028,11233,0,89,74,53,34,7.13700806544
15537,10028,11368,2,89,62,53,41,5.42342233433
15538,10028,11205,1,89,37,53,31,5.72725103473
15539,10028,10069,0,89,14,53,8,1.91149237814
15540,10028,11203,0,89,39,53,8,8.88192994107
15541,10028,10459,1,89,16,53,8,4.63097349588
15542,10028,11219,0,89,6,53,4,10.2023952998
15543,10028,11434,2,89,32,53,16,11.8367874261
15544,10028,11230,0,89,11,53,5,10.6247815993
15545,10028,11373,2,89,53,53,27,4.88009246165
15546,10028,11362,1,89,8,53,5,11.6476344951
15547,10028,10305,0,89,11,53,8,13.8126260628
15548,10028,11104,0,89,8,53,6,2.91148690112
15549,10028,10004,3,89,168,53,99,7.03736644784
15550,10028,10275,0,89,13,53,7,1.24139926007
15551,10028,10118,1,89,4,53,3,2.5608627976
15552,10028,10026,0,89,57,53,43,1.79961119358
15553,10028,11235,1,89,19,53,14,13.3171494654
15554,10028,10469,0,89,44,53,12,8.45553814825
15555,10028,10281,1,89,31,53,24,5.34623799001
15556,10028,11223,0,89,10,53,7,12.3631368057
15557,10028,11379,2,89,33,53,13,5.74466387276
15558,10028,10465,2,89,37,53,16,7.91825761275
15559,10028,10455,0,89,20,53,11,3.61654420877
15560,10028,10466,0,89,16,53,11,9.67285087983
15561,10028,11239,0,89,4,53,2,9.85346954697
15562,10028,11207,2,89,86,53,31,7.95458714138
15563,10028,11367,2,89,35,53,17,7.71336602962
15564,10028,11106,0,89,21,53,19,1.56442801486
15565,10028,10471,2,89,19,53,15,8.96118825927
15566,10028,11234,0,89,50,53,15,11.0498485248
15567,10028,10167,0,89,11,53,4,1.86635865706
15568,10028,10453,1,89,21,53,16,5.7022119883
15569,10028,10451,2,89,20,53,12,3.40072923467
15570,10028,10033,2,89,86,53,31,5.06769092651
15571,10028,11354,2,89,38,53,25,6.80171484944
15572,10028,10463,3,89,36,53,16,7.60100345678
15573,10028,10169,1,89,4,53,4,1.92305028898
15574,10028,10456,2,89,21,53,12,4.36186772645
15575,10028,11420,0,89,8,53,7,10.2421343975
15576,10028,10153,1,89,6,53,5,1.32630311682
15577,10028,10307,0,89,6,53,3,23.983725804
15578,10028,10306,1,89,17,53,8,16.6966881657
15579,10028,10165,0,89,2,53,2,2.12908919457
15580,10028,10303,2,89,11,53,7,14.9327238502
15581,10028,11224,0,89,22,53,13,13.9539991503
15582,10028,10304,0,89,8,53,5,13.6644077125
15583,10028,10458,3,89,34,53,31,6.93372730685
15584,10028,11414,2,89,13,53,7,10.0426499199
15585,10028,11204,0,89,9,53,8,11.0089604056
15586,10028,11372,1,89,16,53,11,4.09588651468
15587,10028,11357,0,89,9,53,6,7.61770168277
15588,10028,10044,0,89,9,53,8,1.04031187094
15589,10028,11229,2,89,27,53,14,12.2680797567
15590,10028,11236,1,89,15,53,9,9.76806137773
15591,10028,10302,2,89,5,53,5,13.9069659364
15592,10028,11422,0,89,11,53,8,13.9385145386
15593,10028,10312,0,89,4,53,2,19.9060451552
15594,10028,10310,0,89,27,53,6,13.0948475646
15595,10028,11429,1,89,8,53,6,12.2222244515
15596,10028,10152,0,89,2,53,2,1.5735150751
15597,10028,11214,1,89,10,53,6,12.4642463405
15598,10028,11435,2,89,41,53,23,9.23738312746
15599,10028,10039,2,89,8,53,7,3.5236570977
15600,10028,10121,0,89,1,53,1,2.72712245844
15601,10028,11413,2,89,14,53,7,12.9370837802
15602,10028,10473,2,89,14,53,9,5.76197637922
15603,10028,10454,2,89,19,53,10,2.82687932155
15604,10028,11416,2,89,5,53,5,8.44341873087
15605,10028,10280,0,89,5,53,3,5.83519402973
15606,10028,11694,0,89,5,53,4,14.9174056989
15607,10028,11358,0,89,6,53,4,8.3634292279
15608,10028,11421,1,89,4,53,4,7.7739652262
15609,10028,11412,0,89,4,53,4,11.5976153187
15610,10028,10174,0,89,2,53,2,2.05562223691
15611,10028,11417,0,89,3,53,3,9.04154894422
15612,10028,11427,2,89,5,53,4,11.3307827319
15613,10028,11411,0,89,4,53,2,12.8199179265
15614,10028,11374,2,89,10,53,9,6.05894666504
15615,10028,10096,0,89,2,53,2,1.24139926007
15616,10028,10006,1,89,19,53,18,5.68135201214
15617,10028,10037,2,89,15,53,10,2.6955728627
15618,10028,11370,0,89,8,53,4,3.46799005765
15619,10028,10475,2,89,15,53,11,9.7360324664
15620,10028,11225,1,89,17,53,13,7.85850298852
15621,10028,10282,0,89,10,53,9,5.18676829603
15622,10028,11426,2,89,12,53,5,12.6074856859
15623,10028,11378,2,89,18,53,7,4.52620796564
15624,10028,10107,0,89,1,53,1,1.66290961951
15625,10028,11251,0,89,4,53,3,9.09854232852
15626,10028,11436,2,89,6,53,3,10.8755663125
15627,10028,11360,2,89,10,53,5,9.13296774369
15628,10028,11356,0,89,2,53,2,5.82368751159
15629,10028,10474,1,89,8,53,7,4.30114282661
15630,10028,11697,0,89,1,53,1,15.1338692807
15631,10028,10172,0,89,2,53,2,1.81626915339
15632,10028,11691,0,89,4,53,3,15.9091856697
15633,10028,10470,1,89,6,53,4,9.84818952613
15634,10028,11366,0,89,7,53,5,9.04957159122
15635,10028,10041,0,89,2,53,2,5.87554842258
15636,10028,10278,0,89,1,53,1,4.95918273342
15637,10028,10106,0,89,4,53,1,1.59451375076
15638,10028,11428,0,89,2,53,2,11.8364184439
15639,10028,10286,0,89,1,53,1,5.27503198864
15640,10028,10279,0,89,1,53,1,5.2441217215
15641,10028,10103,0,89,1,53,1,1.65843159151
15642,10028,10196,0,89,1,53,1,1.24139926007
15643,10028,10154,0,89,1,53,1,1.62184520808
15644,10028,10119,1,89,2,53,2,2.71087378494
15645,10028,10464,0,89,5,53,4,10.2732993008
15646,10028,10166,0,89,2,53,2,1.92161501543
15647,10028,10203,0,89,1,53,1,1.24139926007
15648,10028,11359,0,89,2,53,2,9.36967277498
15649,10028,10177,0,89,1,53,1,1.87563872449
15650,10028,11040,0,89,1,53,1,14.6247143335
15651,10028,11364,0,89,2,53,2,10.3959997984
15652,10028,11692,0,89,2,53,2,15.1709908021
15653,10028,11423,0,89,1,53,1,10.6652141885
15654,10028,11415,0,89,2,53,2,8.1149185495
15655,10028,10175,0,89,2,53,1,2.0542385061
15656,10035,10012,2,65,445,32,357,6.27358896912
15657,10035,11222,2,65,110,32,71,5.28824566165
15658,10035,11231,2,65,65,32,44,9.26436551591
15659,10035,10019,5,65,637,32,440,3.7212756768
15660,10035,11102,2,65,35,32,30,2.19756607583
15661,10035,10003,1,65,493,32,400,5.64024492676
15662,10035,10020,0,65,143,32,116,3.88481578319
15663,10035,10018,3,65,339,32,256,4.52575309954
15664,10035,10001,3,65,670,32,468,4.8583704643
15665,10035,11365,3,65,21,32,9,8.61673544666
15666,10035,10007,4,65,1780,32,1042,7.17587498813
15667,10035,10022,4,65,228,32,164,3.47710509321
15668,10035,10013,2,65,745,32,406,6.77822491763
15669,10035,10472,2,65,23,32,8,3.92406203473
15670,10035,11226,2,65,195,32,123,10.9039671029
15671,10035,10027,4,65,141,32,83,1.32707967445
15672,10035,11210,2,65,34,32,20,12.0536644164
15673,10035,11693,0,65,6,32,6,15.3839993094
15674,10035,11432,1,65,49,32,36,9.55578847705
15675,10035,11103,2,65,35,32,26,2.96928892739
15676,10035,11237,2,65,64,32,53,6.87151866196
15677,10035,10010,3,65,218,32,181,5.05818967648
15678,10035,10014,3,65,397,32,286,5.9973971693
15679,10035,10009,0,65,135,32,91,5.70834999665
15680,10035,10036,5,65,826,32,656,4.19166626291
15681,10035,11216,2,65,60,32,49,8.45314961854
15682,10035,11418,0,65,15,32,11,8.88335656363
15683,10035,11109,0,65,5,32,5,10.9297435804
15684,10035,11371,2,65,71,32,65,3.71370169134
15685,10035,10460,3,65,42,32,22,3.85534878661
15686,10035,10048,0,65,86,32,65,7.47502581331
15687,10035,10128,4,65,51,32,40,1.66656203709
15688,10035,11375,2,65,44,32,27,7.2878532337
15689,10035,10023,3,65,210,32,134,3.15700665163
15690,10035,11211,2,65,352,32,256,6.32506732988
15691,10035,10011,2,65,437,32,352,5.48828062453
15692,10035,10025,1,65,143,32,65,1.82993366908
15693,10035,10032,3,65,65,32,28,2.67487794805
15694,10035,11232,3,65,125,32,24,10.7944979456
15695,10035,11377,3,65,46,32,33,4.39526807599
15696,10035,11361,2,65,19,32,11,8.8011309039
15697,10035,11206,0,65,90,32,63,6.92070615867
15698,10035,11430,2,65,187,32,143,12.7375415357
15699,10035,10021,2,65,62,32,45,2.73509348292
15700,10035,11201,4,65,234,32,176,7.94358060672
15701,10035,11238,0,65,109,32,64,8.57158720532
15702,10035,10016,3,65,162,32,110,4.5137622423
15703,10035,11218,2,65,26,32,19,11.1162435367
15704,10035,10301,2,65,45,32,32,14.4851092824
15705,10035,10452,3,65,54,32,34,2.57667375526
15706,10035,10314,3,65,51,32,30,17.5046976198
15707,10035,10461,1,65,50,32,20,5.72942398937
15708,10035,11101,3,65,193,32,96,3.94737755326
15709,10035,10029,6,65,50,32,38,0.981281590813
15710,10035,10467,4,65,33,32,22,5.87981101157
15711,10035,11208,0,65,43,32,13,9.50890323962
15712,10035,10024,1,65,101,32,71,2.53456252473
15713,10035,10005,3,65,65,32,41,7.72716280376
15714,10035,10030,1,65,39,32,26,1.20521378128
15715,10035,10002,0,65,258,32,186,6.52243229144
15716,10035,11385,1,65,56,32,31,7.17943282827
15717,10035,11220,2,65,38,32,23,11.9144917672
15718,10035,11215,3,65,123,32,95,9.69962420588
15719,10035,10038,2,65,174,32,85,7.3787470365
15720,10035,11217,1,65,92,32,71,8.61994095481
15721,10035,10462,2,65,104,32,58,4.79353731932
15722,10035,10040,2,65,80,32,27,3.89456783925
15723,10035,10457,3,65,28,32,16,3.56755608207
15724,10035,10017,5,65,277,32,161,4.01762811408
15725,10035,11433,2,65,18,32,12,10.5950740428
15726,10035,10308,0,65,8,32,8,20.7481644395
15727,10035,10468,3,65,52,32,30,4.81618006844
15728,10035,10111,0,65,15,32,13,3.77288496217
15729,10035,10309,2,65,23,32,15,23.8645420747
15730,10035,10034,3,65,68,32,33,4.5590240823
15731,10035,10028,2,65,89,32,53,2.06926691487
15732,10035,10035,32,65,65,32,32,0.0
15733,10035,11228,1,65,10,32,8,13.3967339053
15734,10035,11105,1,65,25,32,19,2.33120798552
15735,10035,11355,2,65,26,32,18,7.01523277582
15736,10035,11209,2,65,49,32,28,13.3465152039
15737,10035,11213,0,65,35,32,20,9.07108755908
15738,10035,11369,2,65,12,32,8,4.28849086283
15739,10035,10031,2,65,64,32,45,1.82577472029
15740,10035,11221,0,65,120,32,61,7.67975720886
15741,10035,11212,0,65,12,32,10,9.73298534606
15742,10035,11233,0,65,74,32,34,8.69262720785
15743,10035,11368,2,65,62,32,41,5.48818800739
15744,10035,11205,0,65,37,32,31,7.64789371008
15745,10035,10069,0,65,14,32,8,3.51544337841
15746,10035,11203,0,65,39,32,8,10.5805925271
15747,10035,10459,1,65,16,32,8,2.64483288902
15748,10035,11219,0,65,6,32,4,12.1799442544
15749,10035,11434,3,65,32,32,16,12.1949550022
15750,10035,11230,0,65,11,32,5,12.483442586
15751,10035,11373,3,65,53,32,27,5.42533794971
15752,10035,11362,1,65,8,32,5,10.9151399633
15753,10035,10305,0,65,11,32,8,15.8777331003
15754,10035,11104,0,65,8,32,6,4.1105997407
15755,10035,10004,3,65,168,32,99,9.08597126462
15756,10035,10275,0,65,13,32,7,2.730731114
15757,10035,10118,0,65,4,32,3,4.6118797986
15758,10035,10026,1,65,57,32,43,1.10787431617
15759,10035,11235,2,65,19,32,14,15.1084649487
15760,10035,10469,0,65,44,32,12,6.42848460753
15761,10035,10281,0,65,31,32,24,7.40890636223
15762,10035,11223,0,65,10,32,7,14.2396640239
15763,10035,11379,2,65,33,32,13,6.6064780994
15764,10035,10465,3,65,37,32,16,6.29444792241
15765,10035,10455,2,65,20,32,11,1.63286651842
15766,10035,10466,0,65,16,32,11,7.61036824885
15767,10035,11239,1,65,4,32,2,11.1732437926
15768,10035,11207,2,65,86,32,31,9.30733221076
15769,10035,11367,2,65,35,32,17,7.78027643057
15770,10035,11106,0,65,21,32,19,2.78876929449
15771,10035,10471,2,65,19,32,15,6.97259136118
15772,10035,11234,1,65,50,32,15,12.7005680689
15773,10035,10167,1,65,11,32,4,3.9324992541
15774,10035,10453,1,65,21,32,16,3.66958009719
15775,10035,10451,3,65,20,32,12,1.33455261432
15776,10035,10033,4,65,86,32,31,3.20043391166
15777,10035,11354,2,65,38,32,25,6.17287154283
15778,10035,10463,3,65,36,32,16,5.59958804624
15779,10035,10169,0,65,4,32,4,3.9877267674
15780,10035,10456,2,65,21,32,12,2.29468114038
15781,10035,11420,0,65,8,32,7,10.8933367402
15782,10035,10153,0,65,6,32,5,3.36414526326
15783,10035,10307,0,65,6,32,3,26.0334940409
15784,10035,10306,0,65,17,32,8,18.7659380607
15785,10035,10165,0,65,2,32,2,4.19188263221
15786,10035,10303,2,65,11,32,7,16.9327583311
15787,10035,11224,0,65,22,32,13,15.8773877276
15788,10035,10304,0,65,8,32,5,15.7336639155
15789,10035,10458,3,65,34,32,31,4.86584658344
15790,10035,11414,2,65,13,32,7,11.0237286882
15791,10035,11204,0,65,9,32,8,12.9401960516
15792,10035,11372,1,65,16,32,11,4.43568673571
15793,10035,11357,0,65,9,32,6,6.6386835467
15794,10035,10044,0,65,9,32,8,2.89317909828
15795,10035,11229,2,65,27,32,14,14.0226853274
15796,10035,11236,1,65,15,32,9,11.2795479122
15797,10035,10302,3,65,5,32,5,15.9336781478
15798,10035,11422,1,65,11,32,8,14.1999277247
15799,10035,10312,0,65,4,32,2,21.9690942145
15800,10035,10310,0,65,27,32,6,15.1417282729
15801,10035,11429,1,65,8,32,6,12.0789988116
15802,10035,10152,0,65,2,32,2,3.63807134787
15803,10035,11214,0,65,10,32,6,14.4140056986
15804,10035,11435,3,65,41,32,23,9.59225675813
15805,10035,10039,2,65,8,32,7,1.65159955875
15806,10035,10121,0,65,1,32,1,4.75431718
15807,10035,11413,2,65,14,32,7,13.2181086258
15808,10035,10473,2,65,14,32,9,4.06928314538
15809,10035,10454,2,65,19,32,10,0.940516114012
15810,10035,11416,2,65,5,32,5,9.30804290054
15811,10035,10280,0,65,5,32,3,7.90134188621
15812,10035,11694,0,65,5,32,4,16.2347362196
15813,10035,11358,0,65,6,32,4,7.76786917359
15814,10035,11421,1,65,4,32,4,8.65105684625
15815,10035,11412,0,65,4,32,4,11.6696102558
15816,10035,10174,0,65,2,32,2,4.12466015205
15817,10035,11417,0,65,3,32,3,9.91787537326
15818,10035,11427,2,65,5,32,4,11.0079960591
15819,10035,11411,0,65,4,32,2,12.8149341278
15820,10035,11374,2,65,10,32,9,6.56548950013
15821,10035,10096,0,65,2,32,2,2.730731114
15822,10035,10006,0,65,19,32,18,7.74975476554
15823,10035,10037,2,65,15,32,10,0.770225500002
15824,10035,11370,0,65,8,32,4,3.53372605363
15825,10035,10475,2,65,15,32,11,7.7287833769
15826,10035,11225,1,65,17,32,13,9.69198151227
15827,10035,10282,0,65,10,32,9,7.24723321898
15828,10035,11426,2,65,12,32,5,12.1544725004
15829,10035,11378,3,65,18,32,7,5.64054112282
15830,10035,10107,0,65,1,32,1,3.57789888928
15831,10035,11251,0,65,4,32,3,10.8704072457
15832,10035,11436,2,65,6,32,3,11.3932418724
15833,10035,11360,2,65,10,32,5,8.19416432707
15834,10035,11356,0,65,2,32,2,4.85866558567
15835,10035,10474,1,65,8,32,7,2.52663620244
15836,10035,11697,0,65,1,32,1,16.7643901671
15837,10035,10172,0,65,2,32,2,3.88223181568
15838,10035,11691,0,65,4,32,3,16.6873350324
15839,10035,10470,1,65,6,32,4,7.77987859569
15840,10035,11366,0,65,7,32,5,8.9745649029
15841,10035,10041,0,65,2,32,2,7.9444298015
15842,10035,10278,0,65,1,32,1,7.02838456078
15843,10035,10106,0,65,4,32,1,3.5510132757
15844,10035,11428,0,65,2,32,2,11.5826796024
15845,10035,10286,0,65,1,32,1,7.34102385294
15846,10035,10279,0,65,1,32,1,7.31270753273
15847,10035,10103,0,65,1,32,1,3.68534967804
15848,10035,10196,0,65,1,32,1,2.730731114
15849,10035,10154,0,65,1,32,1,3.68675162421
15850,10035,10119,0,65,2,32,2,4.72642919413
15851,10035,10464,0,65,5,32,4,8.46259870079
15852,10035,10166,0,65,2,32,2,3.98563602989
15853,10035,10203,0,65,1,32,1,2.730731114
15854,10035,11359,0,65,2,32,2,8.25377674276
15855,10035,10177,0,65,1,32,1,3.93827761307
15856,10035,11040,0,65,1,32,1,13.9745983964
15857,10035,11364,0,65,2,32,2,9.88617482437
15858,10035,11692,0,65,2,32,2,16.1660835864
15859,10035,11423,0,65,1,32,1,10.5950470131
15860,10035,11415,0,65,2,32,2,8.55090621845
15861,10035,10175,0,65,2,32,1,4.10879304044
15862,11228,10012,1,10,445,8,357,7.51234767835
15863,11228,11222,1,10,110,8,71,8.26764481071
15864,11228,11231,1,10,65,8,44,4.25266052434
15865,11228,10019,1,10,637,8,440,10.3140770487
15866,11228,11102,1,10,35,8,30,11.5507273367
15867,11228,10003,0,10,493,8,400,8.01776596915
15868,11228,10020,0,10,143,8,116,9.87550263935
15869,11228,10018,1,10,339,8,256,9.53899568467
15870,11228,10001,1,10,670,8,468,9.22399794226
15871,11228,11365,1,10,21,8,9,14.2570931283
15872,11228,10007,1,10,1780,8,1042,6.71045485573
15873,11228,10022,1,10,228,8,164,10.0347171232
15874,11228,10013,0,10,745,8,406,7.12227693497
15875,11228,10472,1,10,23,8,8,16.4997301103
15876,11228,11226,1,10,195,8,123,3.51628915421
15877,11228,10027,1,10,141,8,83,13.7875870594
15878,11228,11210,2,10,34,8,20,3.55145049346
15879,11228,11693,0,10,6,8,6,10.1913364396
15880,11228,11432,0,10,49,8,36,13.2718297977
15881,11228,11103,1,10,35,8,26,11.3436765645
15882,11228,11237,1,10,64,8,53,7.63461249229
15883,11228,10010,1,10,218,8,181,8.52421263409
15884,11228,10014,1,10,397,8,286,8.0908091604
15885,11228,10009,0,10,135,8,91,7.75454011751
15886,11228,10036,1,10,826,8,656,9.85951511202
15887,11228,11216,1,10,60,8,49,5.46943745644
15888,11228,11418,0,10,15,8,11,10.8948584851
15889,11228,11109,0,10,5,8,5,7.76555657555
15890,11228,11371,1,10,71,8,65,12.8501879211
15891,11228,10460,1,10,42,8,22,16.8854000419
15892,11228,10048,0,10,86,8,65,6.52231919007
15893,11228,10128,1,10,51,8,40,11.7871544301
15894,11228,11375,1,10,44,8,27,11.243780858
15895,11228,10023,1,10,210,8,134,11.043595148
15896,11228,11211,1,10,352,8,256,7.18627535701
15897,11228,10011,1,10,437,8,352,8.53982815855
15898,11228,10025,0,10,143,8,65,12.6930711695
15899,11228,10032,1,10,65,8,28,15.8301507987
15900,11228,11232,1,10,125,8,24,2.64546009437
15901,11228,11377,1,10,46,8,33,10.3388865188
15902,11228,11361,1,10,19,8,11,16.0281701797
15903,11228,11206,0,10,90,8,63,6.87720222329
15904,11228,11430,1,10,187,8,143,11.5805142969
15905,11228,10021,1,10,62,8,45,10.7515564959
15906,11228,11201,1,10,234,8,176,5.49304725353
15907,11228,11238,0,10,109,8,64,5.030794221
15908,11228,10016,1,10,162,8,110,9.05367779834
15909,11228,11218,1,10,26,8,19,2.64501894238
15910,11228,10301,1,10,45,8,32,4.45406070563
15911,11228,10452,1,10,54,8,34,15.9663819319
15912,11228,10314,1,10,51,8,30,7.06003489994
15913,11228,10461,1,10,50,8,20,18.020410852
15914,11228,11101,1,10,193,8,96,9.60657441132
15915,11228,10029,1,10,50,8,38,12.4970925739
15916,11228,10467,1,10,33,8,22,19.096126764
15917,11228,11208,0,10,43,8,13,8.24516300085
15918,11228,10024,0,10,101,8,71,11.7899832417
15919,11228,10005,1,10,65,8,41,6.10578232769
15920,11228,10030,1,10,39,8,26,14.2962812523
15921,11228,10002,0,10,258,8,186,6.98549237672
15922,11228,11385,1,10,56,8,31,8.59067020608
15923,11228,11220,1,10,38,8,23,1.66103699965
15924,11228,11215,1,10,123,8,95,3.7088883929
15925,11228,10038,1,10,174,8,85,6.37000810031
15926,11228,11217,0,10,92,8,71,4.7947028428
15927,11228,10462,1,10,104,8,58,17.4573682097
15928,11228,10040,1,10,80,8,27,17.2021431361
15929,11228,10457,1,10,28,8,16,16.8911676513
15930,11228,10017,1,10,277,8,161,9.51483561144
15931,11228,11433,1,10,18,8,12,12.9874466965
15932,11228,10308,0,10,8,8,8,8.63548433752
15933,11228,10468,1,10,52,8,30,18.2036476554
15934,11228,10111,0,10,15,8,13,9.93676691838
15935,11228,10309,1,10,23,8,15,12.2047897865
15936,11228,10034,1,10,68,8,33,17.9150836946
15937,11228,10028,1,10,89,8,53,11.3946766784
15938,11228,10035,1,10,65,8,32,13.3967339053
15939,11228,11228,8,10,10,8,8,0.0
15940,11228,11105,0,10,25,8,19,12.128589848
15941,11228,11355,1,10,26,8,18,13.595485291
15942,11228,11209,1,10,49,8,28,1.01632918182
15943,11228,11213,0,10,35,8,20,5.47545852075
15944,11228,11369,1,10,12,8,8,12.4693878297
15945,11228,10031,1,10,64,8,45,14.7702499048
15946,11228,11221,0,10,120,8,61,6.7778850066
15947,11228,11212,0,10,12,8,10,6.01946719817
15948,11228,11233,0,10,74,8,34,6.38177142777
15949,11228,11368,1,10,62,8,41,12.0310965715
15950,11228,11205,1,10,37,8,31,5.82381361584
15951,11228,10069,0,10,14,8,8,10.9530188872
15952,11228,11203,0,10,39,8,8,4.67038489313
15953,11228,10459,1,10,16,8,8,15.6325808885
15954,11228,11219,0,10,6,8,4,1.30756067325
15955,11228,11434,1,10,32,8,16,13.1683548845
15956,11228,11230,0,10,11,8,5,2.52073707262
15957,11228,11373,1,10,53,8,27,10.7778552706
15958,11228,11362,1,10,8,8,5,17.6093910906
15959,11228,10305,0,10,11,8,8,3.56864590114
15960,11228,11104,0,10,8,8,6,9.96605497929
15961,11228,10004,1,10,168,8,99,5.84421716432
15962,11228,10275,0,10,13,8,7,11.4051262481
15963,11228,10118,0,10,4,8,3,9.16545705632
15964,11228,10026,0,10,57,8,43,13.1306954281
15965,11228,11235,1,10,19,8,14,3.98559778987
15966,11228,10469,0,10,44,8,12,19.3530365068
15967,11228,10281,0,10,31,8,24,6.70089810902
15968,11228,11223,0,10,10,8,7,2.46710747102
15969,11228,11379,1,10,33,8,13,9.72505510469
15970,11228,10465,1,10,37,8,16,17.6130066448
15971,11228,10455,0,10,20,8,11,14.7123168407
15972,11228,10466,0,10,16,8,11,20.7489741269
15973,11228,11239,0,10,4,8,2,7.23316500302
15974,11228,11207,1,10,86,8,31,7.18555022711
15975,11228,11367,1,10,35,8,17,12.5935689943
15976,11228,11106,0,10,21,8,19,10.8210440361
15977,11228,10471,1,10,19,8,15,20.3533954083
15978,11228,11234,0,10,50,8,15,4.73688842065
15979,11228,10167,0,10,11,8,4,9.66834402231
15980,11228,10453,1,10,21,8,16,17.0663139343
15981,11228,10451,1,10,20,8,12,14.7180194166
15982,11228,10033,1,10,86,8,31,16.4538453404
15983,11228,11354,1,10,38,8,25,14.2787145486
15984,11228,10463,1,10,36,8,16,18.9880064871
15985,11228,10169,0,10,4,8,4,9.62987074328
15986,11228,10456,1,10,21,8,12,15.6053534443
15987,11228,11420,0,10,8,8,7,11.053639267
15988,11228,10153,0,10,6,8,5,10.2925328597
15989,11228,10307,0,10,6,8,3,14.3582353228
15990,11228,10306,0,10,17,8,8,6.49869038884
15991,11228,10165,0,10,2,8,2,9.45887554873
15992,11228,10303,1,10,11,8,7,7.96598189203
15993,11228,11224,0,10,22,8,13,3.01586111514
15994,11228,10304,0,10,8,8,5,4.16766193499
15995,11228,10458,1,10,34,8,31,18.1971780017
15996,11228,11414,1,10,13,8,7,9.28857775352
15997,11228,11204,0,10,9,8,8,1.42022183836
15998,11228,11372,1,10,16,8,11,11.3332930094
15999,11228,11357,0,10,9,8,6,15.6733730871
16000,11228,10044,0,10,9,8,8,10.5047140888
16001,11228,11229,1,10,27,8,14,3.91670250964
16002,11228,11236,1,10,15,8,9,5.89768974958
16003,11228,10302,1,10,5,8,5,6.66263331963
16004,11228,11422,0,10,11,8,8,14.8632287035
16005,11228,10312,0,10,4,8,2,10.0684581464
16006,11228,10310,0,10,27,8,6,5.55045088965
16007,11228,11429,1,10,8,8,6,15.649363325
16008,11228,10152,0,10,2,8,2,9.95072265542
16009,11228,11214,0,10,10,8,6,1.52055554337
16010,11228,11435,1,10,41,8,23,12.036619902
16011,11228,10039,1,10,8,8,7,14.918096799
16012,11228,10121,0,10,1,8,1,9.17266575423
16013,11228,11413,1,10,14,8,7,14.1525274519
16014,11228,10473,1,10,14,8,9,16.0181679446
16015,11228,10454,1,10,19,8,10,13.9319963684
16016,11228,11416,1,10,5,8,5,9.6180409727
16017,11228,10280,0,10,5,8,3,6.21185349974
16018,11228,11694,0,10,5,8,4,9.10292671927
16019,11228,11358,0,10,6,8,4,15.0165576827
16020,11228,11421,1,10,4,8,4,9.51695030825
16021,11228,11412,0,10,4,8,4,14.3465874002
16022,11228,10174,0,10,2,8,2,9.44943746481
16023,11228,11417,0,10,3,8,3,9.6417961222
16024,11228,11427,1,10,5,8,4,15.8266121257
16025,11228,11411,0,10,4,8,2,15.4192845203
16026,11228,11374,1,10,10,8,9,10.8468649356
16027,11228,10096,0,10,2,8,2,11.4051262481
16028,11228,10006,0,10,19,8,18,6.23434867821
16029,11228,10037,1,10,15,8,10,14.0819105759
16030,11228,11370,0,10,8,8,4,11.8839170904
16031,11228,10475,1,10,15,8,11,20.4889726582
16032,11228,11225,1,10,17,8,13,4.31631736212
16033,11228,10282,0,10,10,8,9,6.87508412426
16034,11228,11426,1,10,12,8,5,17.1955174905
16035,11228,11378,1,10,18,8,7,9.31737676377
16036,11228,10107,0,10,1,8,1,10.3839928922
16037,11228,11251,0,10,4,8,3,3.98567411957
16038,11228,11436,1,10,6,8,3,11.9460149133
16039,11228,11360,1,10,10,8,5,16.5589592363
16040,11228,11356,0,10,2,8,2,14.5627722028
16041,11228,10474,1,10,8,8,7,14.9908911735
16042,11228,11697,0,10,1,8,1,6.70142489995
16043,11228,10172,0,10,2,8,2,9.71611912323
16044,11228,11691,0,10,4,8,3,13.3102479272
16045,11228,10470,1,10,6,8,4,21.0772432328
16046,11228,11366,0,10,7,8,5,13.6269916631
16047,11228,10041,0,10,2,8,2,5.89878143261
16048,11228,10278,0,10,1,8,1,6.78523513181
16049,11228,10106,0,10,4,8,1,10.321483658
16050,11228,11428,0,10,2,8,2,15.8679270801
16051,11228,10286,0,10,1,8,1,6.67026492363
16052,11228,10279,0,10,1,8,1,6.59161748485
16053,11228,10103,0,10,1,8,1,10.0498995205
16054,11228,10196,0,10,1,8,1,11.4051262481
16055,11228,10154,0,10,1,8,1,9.90374012653
16056,11228,10119,0,10,2,8,2,9.24808283618
16057,11228,10464,0,10,5,8,4,20.2378491658
16058,11228,10166,0,10,2,8,2,9.63672403383
16059,11228,10203,0,10,1,8,1,11.4051262481
16060,11228,11359,0,10,2,8,2,17.2751024627
16061,11228,10177,0,10,1,8,1,9.68927210393
16062,11228,11040,0,10,1,8,1,19.5012785238
16063,11228,11364,0,10,2,8,2,15.9464953523
16064,11228,11692,0,10,2,8,2,11.4857689133
16065,11228,11423,0,10,1,8,1,14.4265908875
16066,11228,11415,0,10,2,8,2,11.3757272092
16067,11228,10175,0,10,2,8,1,9.58306893636
16068,11105,10012,0,25,445,19,357,5.80508826758
16069,11105,11222,1,25,110,19,71,3.8735504296
16070,11105,11231,0,25,65,19,44,8.26575211908
16071,11105,10019,1,25,637,19,440,4.10942952903
16072,11105,11102,0,25,35,19,30,0.894766330309
16073,11105,10003,0,25,493,19,400,5.15948510956
16074,11105,10020,0,25,143,19,116,3.93977943391
16075,11105,10018,0,25,339,19,256,4.67030105789
16076,11105,10001,1,25,670,19,468,4.92202700202
16077,11105,11365,1,25,21,19,9,6.56970215694
16078,11105,10007,1,25,1780,19,1042,6.64252551628
16079,11105,10022,1,25,228,19,164,3.2866875654
16080,11105,10013,0,25,745,19,406,6.3134578403
16081,11105,10472,0,25,23,19,8,4.3726528782
16082,11105,11226,0,25,195,19,123,9.27084622715
16083,11105,10027,0,25,141,19,83,3.59153723642
16084,11105,11210,0,25,34,19,20,10.3136961081
16085,11105,11693,0,25,6,19,6,13.1127610749
16086,11105,11432,1,25,49,19,36,7.33660606328
16087,11105,11103,0,25,35,19,26,0.821345900562
16088,11105,11237,0,25,64,19,53,4.96063626654
16089,11105,10010,0,25,218,19,181,4.59214195677
16090,11105,10014,1,25,397,19,286,5.79637525557
16091,11105,10009,0,25,135,19,91,4.94607589928
16092,11105,10036,0,25,826,19,656,4.42908010581
16093,11105,11216,0,25,60,19,49,6.83783374785
16094,11105,11418,0,25,15,19,11,6.55297471187
16095,11105,11109,0,25,5,19,5,8.73196814946
16096,11105,11371,0,25,71,19,65,1.74413244566
16097,11105,10460,1,25,42,19,22,4.79913919972
16098,11105,10048,0,25,86,19,65,6.9650676711
16099,11105,10128,1,25,51,19,40,2.2702833392
16100,11105,11375,0,25,44,19,27,4.96633808825
16101,11105,10023,1,25,210,19,134,3.91917002729
16102,11105,11211,0,25,352,19,256,4.95098465952
16103,11105,10011,0,25,437,19,352,5.35547754434
16104,11105,10025,1,25,143,19,65,3.54779312851
16105,11105,10032,0,25,65,19,28,4.87892897757
16106,11105,11232,1,25,125,19,24,9.64909034607
16107,11105,11377,0,25,46,19,33,2.20751238706
16108,11105,11361,0,25,19,19,11,7.0870441131
16109,11105,11206,0,25,90,19,63,5.31374397016
16110,11105,11430,0,25,187,19,143,10.4063548754
16111,11105,10021,0,25,62,19,45,2.77696173279
16112,11105,11201,1,25,234,19,176,6.93199787239
16113,11105,11238,0,25,109,19,64,7.12142321295
16114,11105,10016,1,25,162,19,110,4.1399820791
16115,11105,11218,0,25,26,19,19,9.65930395436
16116,11105,10301,0,25,45,19,32,13.8855644138
16117,11105,10452,1,25,54,19,34,4.48237700316
16118,11105,10314,1,25,51,19,30,17.0250588213
16119,11105,10461,0,25,50,19,20,5.96866331403
16120,11105,11101,1,25,193,19,96,2.59430024349
16121,11105,10029,1,25,50,19,38,2.29065997313
16122,11105,10467,1,25,33,19,22,7.0336107373
16123,11105,11208,0,25,43,19,13,7.28455588627
16124,11105,10024,0,25,101,19,71,3.70458645013
16125,11105,10005,0,25,65,19,41,7.08716360538
16126,11105,10030,0,25,39,19,26,3.52586505089
16127,11105,10002,0,25,258,19,186,5.73942978343
16128,11105,11385,0,25,56,19,31,5.00665987308
16129,11105,11220,0,25,38,19,23,10.7912022875
16130,11105,11215,1,25,123,19,95,8.43933272412
16131,11105,10038,0,25,174,19,85,6.72590837055
16132,11105,11217,0,25,92,19,71,7.36199042286
16133,11105,10462,0,25,104,19,58,5.33221764971
16134,11105,10040,0,25,80,19,27,5.89506339194
16135,11105,10457,1,25,28,19,16,4.99746313003
16136,11105,10017,0,25,277,19,161,3.70728914949
16137,11105,11433,0,25,18,19,12,8.32425470039
16138,11105,10308,0,25,8,19,8,20.0066642819
16139,11105,10468,0,25,52,19,30,6.39480393421
16140,11105,10111,0,25,15,19,13,3.8033820539
16141,11105,10309,0,25,23,19,15,23.2886077549
16142,11105,10034,0,25,68,19,33,6.44500745099
16143,11105,10028,1,25,89,19,53,2.41414332303
16144,11105,10035,1,25,65,19,32,2.33120798552
16145,11105,11228,0,25,10,19,8,12.128589848
16146,11105,11105,19,25,25,19,19,0.0
16147,11105,11355,0,25,26,19,18,4.97106178736
16148,11105,11209,0,25,49,19,28,12.2379576289
16149,11105,11213,0,25,35,19,20,7.29214803766
16150,11105,11369,0,25,12,19,8,2.13726227745
16151,11105,10031,0,25,64,19,45,4.14426634457
16152,11105,11221,0,25,120,19,61,5.83718660969
16153,11105,11212,0,25,12,19,10,7.7670688158
16154,11105,11233,0,25,74,19,34,6.76699162201
16155,11105,11368,0,25,62,19,41,3.23163846682
16156,11105,11205,0,25,37,19,31,6.31072415982
16157,11105,10069,0,25,14,19,8,4.319612298
16158,11105,11203,0,25,39,19,8,8.76642585951
16159,11105,10459,0,25,16,19,8,3.58763389535
16160,11105,11219,0,25,6,19,4,10.8510522449
16161,11105,11434,1,25,32,19,16,9.89893986765
16162,11105,11230,0,25,11,19,5,10.8739337133
16163,11105,11373,1,25,53,19,27,3.09770645948
16164,11105,11362,0,25,8,19,5,9.23600346047
16165,11105,10305,0,25,11,19,8,14.9582369927
16166,11105,11104,0,25,8,19,6,2.21284361593
16167,11105,10004,1,25,168,19,99,8.70958895526
16168,11105,10275,0,25,13,19,7,3.64461639762
16169,11105,10118,0,25,4,19,3,4.4745836059
16170,11105,10026,0,25,57,19,43,3.12054641142
16171,11105,11235,1,25,19,19,14,13.3550544264
16172,11105,10469,0,25,44,19,12,7.2246216374
16173,11105,10281,0,25,31,19,24,6.96988429008
16174,11105,11223,0,25,10,19,7,12.6390241276
16175,11105,11379,0,25,33,19,13,4.32256768504
16176,11105,10465,1,25,37,19,16,5.91558817358
16177,11105,10455,1,25,20,19,11,2.82046813996
16178,11105,10466,0,25,16,19,11,8.63892818035
16179,11105,11239,1,25,4,19,2,9.01930652428
16180,11105,11207,0,25,86,19,31,7.20045257711
16181,11105,11367,0,25,35,19,17,5.55067921767
16182,11105,11106,0,25,21,19,19,1.50341987772
16183,11105,10471,0,25,19,19,15,8.70711999175
16184,11105,11234,1,25,50,19,15,10.796045015
16185,11105,10167,0,25,11,19,4,3.76164534671
16186,11105,10453,0,25,21,19,16,5.40913627221
16187,11105,10451,0,25,20,19,12,3.19533696504
16188,11105,10033,1,25,86,19,31,5.30122877921
16189,11105,11354,0,25,38,19,25,4.38916653277
16190,11105,10463,1,25,36,19,16,7.34207052364
16191,11105,10169,0,25,4,19,4,3.82591854028
16192,11105,10456,0,25,21,19,12,3.79455077572
16193,11105,11420,0,25,8,19,7,8.5621421422
16194,11105,10153,0,25,6,19,5,3.46800890042
16195,11105,10307,0,25,6,19,3,25.4810762093
16196,11105,10306,0,25,17,19,8,17.9450885636
16197,11105,10165,0,25,2,19,2,4.01860644935
16198,11105,10303,0,25,11,19,7,16.6935094501
16199,11105,11224,0,25,22,19,13,14.3566422914
16200,11105,10304,0,25,8,19,5,14.9539103557
16201,11105,10458,0,25,34,19,31,6.25720233224
16202,11105,11414,0,25,13,19,7,8.73200695025
16203,11105,11204,0,25,9,19,8,11.474254549
16204,11105,11372,0,25,16,19,11,2.10488835365
16205,11105,11357,0,25,9,19,6,5.23327383854
16206,11105,10044,0,25,9,19,8,2.31822302745
16207,11105,11229,1,25,27,19,14,12.2286311962
16208,11105,11236,0,25,15,19,9,9.26033385215
16209,11105,10302,1,25,5,19,5,15.5796904276
16210,11105,11422,1,25,11,19,8,11.9330422689
16211,11105,10312,0,25,4,19,2,21.3030187933
16212,11105,10310,0,25,27,19,6,14.6742488041
16213,11105,11429,0,25,8,19,6,9.97188939518
16214,11105,10152,0,25,2,19,2,3.53960347842
16215,11105,11214,0,25,10,19,6,12.9734487438
16216,11105,11435,1,25,41,19,23,7.2890145972
16217,11105,10039,0,25,8,19,7,3.86380208383
16218,11105,10121,0,25,1,19,1,4.72071024927
16219,11105,11413,0,25,14,19,7,10.9434804059
16220,11105,10473,0,25,14,19,9,3.97629145063
16221,11105,10454,0,25,19,19,10,2.20016324743
16222,11105,11416,0,25,5,19,5,6.99912304045
16223,11105,10280,0,25,5,19,3,7.39088600484
16224,11105,11694,0,25,5,19,4,14.045726813
16225,11105,11358,0,25,6,19,4,5.95858591216
16226,11105,11421,0,25,4,19,4,6.34853757884
16227,11105,11412,0,25,4,19,4,9.46021873902
16228,11105,10174,0,25,2,19,2,3.85772870793
16229,11105,11417,0,25,3,19,3,7.60830694084
16230,11105,11427,0,25,5,19,4,9.0036922315
16231,11105,11411,0,25,4,19,2,10.6422616719
16232,11105,11374,0,25,10,19,9,4.23450011053
16233,11105,10096,0,25,2,19,2,3.64461639762
16234,11105,10006,0,25,19,19,18,7.19398955544
16235,11105,10037,0,25,15,19,10,3.04744053887
16236,11105,11370,0,25,8,19,4,1.22676880966
16237,11105,10475,0,25,15,19,11,8.37563551164
16238,11105,11225,0,25,17,19,13,8.09796900673
16239,11105,10282,0,25,10,19,9,6.84034825521
16240,11105,11426,0,25,12,19,5,10.2443719822
16241,11105,11378,2,25,18,19,7,3.50254216605
16242,11105,10107,0,25,1,19,1,3.95311557013
16243,11105,11251,0,25,4,19,3,9.14898669149
16244,11105,11436,0,25,6,19,3,9.06981436219
16245,11105,11360,0,25,10,19,5,6.73145388069
16246,11105,11356,0,25,2,19,2,3.46394049887
16247,11105,10474,0,25,8,19,7,2.86960465884
16248,11105,11697,0,25,1,19,1,14.8022299203
16249,11105,10172,0,25,2,19,2,3.72244547968
16250,11105,11691,0,25,4,19,3,14.3572568554
16251,11105,10470,0,25,6,19,4,9.03917327647
16252,11105,11366,0,25,7,19,5,6.81703693042
16253,11105,10041,0,25,2,19,2,7.2842051387
16254,11105,10278,0,25,1,19,1,6.46729864113
16255,11105,10106,0,25,4,19,1,3.84732067322
16256,11105,11428,0,25,2,19,2,9.53694992723
16257,11105,10286,0,25,1,19,1,6.85855465745
16258,11105,10279,0,25,1,19,1,6.77128069322
16259,11105,10103,0,25,1,19,1,3.77756035984
16260,11105,10196,0,25,1,19,1,3.64461639762
16261,11105,10154,0,25,1,19,1,3.57521336861
16262,11105,10119,0,25,2,19,2,4.74059342284
16263,11105,10464,0,25,5,19,4,8.44270051183
16264,11105,10166,0,25,2,19,2,3.8314069281
16265,11105,10203,0,25,1,19,1,3.64461639762
16266,11105,11359,0,25,2,19,2,7.00711381751
16267,11105,10177,0,25,1,19,1,3.80559461517
16268,11105,11040,0,25,1,19,1,12.2248393942
16269,11105,11364,0,25,2,19,2,8.01265572706
16270,11105,11692,0,25,2,19,2,13.8629967041
16271,11105,11423,0,25,1,19,1,8.44425199699
16272,11105,11415,0,25,2,19,2,6.23056592512
16273,11105,10175,0,25,2,19,1,4.01218571564
16274,11355,10012,2,26,445,18,357,9.5302970677
16275,11355,11222,1,26,110,18,71,6.81275522446
16276,11355,11231,2,26,65,18,44,10.7807767936
16277,11355,10019,3,26,637,18,440,8.7918353579
16278,11355,11102,2,26,35,18,30,5.72186950147
16279,11355,10003,0,26,493,18,400,8.99540694655
16280,11355,10020,1,26,143,18,116,8.46309828103
16281,11355,10018,2,26,339,18,256,9.13673505632
16282,11355,10001,2,26,670,18,468,9.29499036665
16283,11355,11365,2,26,21,18,9,1.60581784755
16284,11355,10007,2,26,1780,18,1042,10.1444444191
16285,11355,10022,2,26,228,18,164,7.78920000599
16286,11355,10013,1,26,745,18,406,9.95520947325
16287,11355,10472,2,26,23,18,8,6.14921055279
16288,11355,11226,2,26,195,18,123,10.1393793812
16289,11355,10027,2,26,141,18,83,8.34216070309
16290,11355,11210,2,26,34,18,20,10.6856001451
16291,11355,11693,0,26,6,18,6,10.5230650469
16292,11355,11432,0,26,49,18,36,2.79757705838
16293,11355,11103,2,26,35,18,26,4.89072783832
16294,11355,11237,2,26,64,18,53,6.16170998573
16295,11355,10010,2,26,218,18,181,8.56581842374
16296,11355,10014,2,26,397,18,286,9.80991229127
16297,11355,10009,0,26,135,18,91,8.49860862504
16298,11355,10036,3,26,826,18,656,8.98806615759
16299,11355,11216,2,26,60,18,49,8.27428822645
16300,11355,11418,0,26,15,18,11,3.5961604725
16301,11355,11109,0,26,5,18,5,7.28588424992
16302,11355,11371,2,26,71,18,65,3.31186763908
16303,11355,10460,2,26,42,18,22,7.07592814534
16304,11355,10048,0,26,86,18,65,10.4468425927
16305,11355,10128,2,26,51,18,40,7.2269231328
16306,11355,11375,2,26,44,18,27,2.43022791282
16307,11355,10023,3,26,210,18,134,8.76982898338
16308,11355,11211,2,26,352,18,256,7.53407609678
16309,11355,10011,2,26,437,18,352,9.50156318153
16310,11355,10025,0,26,143,18,65,8.5027471842
16311,11355,10032,2,26,65,18,28,8.98007643621
16312,11355,11232,2,26,125,18,24,11.673156958
16313,11355,11377,2,26,46,18,33,4.45046783157
16314,11355,11361,3,26,19,18,11,2.56765726293
16315,11355,11206,0,26,90,18,63,7.25121608881
16316,11355,11430,2,26,187,18,143,6.94023964171
16317,11355,10021,2,26,62,18,45,7.5149739675
16318,11355,11201,3,26,234,18,176,9.65951372726
16319,11355,11238,0,26,109,18,64,8.90927037339
16320,11355,10016,2,26,162,18,110,8.30404801773
16321,11355,11218,2,26,26,18,19,10.9540563939
16322,11355,10301,2,26,45,18,32,16.5659880204
16323,11355,10452,2,26,54,18,34,8.19091480799
16324,11355,10314,2,26,51,18,30,19.7565191624
16325,11355,10461,1,26,50,18,20,6.52339637164
16326,11355,11101,3,26,193,18,96,6.2859860321
16327,11355,10029,2,26,50,18,38,7.2371394464
16328,11355,10467,2,26,33,18,22,8.86935282674
16329,11355,11208,0,26,43,18,13,5.98714660813
16330,11355,10024,0,26,101,18,71,8.65571062872
16331,11355,10005,2,26,65,18,41,10.3728477303
16332,11355,10030,1,26,39,18,26,8.05181097588
16333,11355,10002,1,26,258,18,186,9.07673854388
16334,11355,11385,2,26,56,18,31,5.01109276415
16335,11355,11220,2,26,38,18,23,12.7232615917
16336,11355,11215,2,26,123,18,95,10.3985879638
16337,11355,10038,2,26,174,18,85,10.0532805593
16338,11355,11217,0,26,92,18,71,9.52857076247
16339,11355,10462,2,26,104,18,58,6.71961341932
16340,11355,10040,2,26,80,18,27,9.46348802315
16341,11355,10457,2,26,28,18,16,7.89365307856
16342,11355,10017,3,26,277,18,161,8.02567114427
16343,11355,11433,3,26,18,18,12,4.02134647564
16344,11355,10308,0,26,8,18,8,22.1474958205
16345,11355,10468,2,26,52,18,30,9.13141214483
16346,11355,10111,0,26,15,18,13,8.33585828474
16347,11355,10309,2,26,23,18,15,25.6501537328
16348,11355,10034,1,26,68,18,33,9.71220260548
16349,11355,10028,3,26,89,18,53,7.31365403233
16350,11355,10035,2,26,65,18,32,7.01523277582
16351,11355,11228,1,26,10,18,8,13.595485291
16352,11355,11105,0,26,25,18,19,4.97106178736
16353,11355,11355,18,26,26,18,18,0.0
16354,11355,11209,2,26,49,18,28,14.0569458202
16355,11355,11213,0,26,35,18,20,8.1200871588
16356,11355,11369,2,26,12,18,8,2.8360370834
16357,11355,10031,1,26,64,18,45,8.60709341028
16358,11355,11221,1,26,120,18,61,6.90477709837
16359,11355,11212,0,26,12,18,10,7.78209290845
16360,11355,11233,0,26,74,18,34,7.22191486911
16361,11355,11368,2,26,62,18,41,2.05150764356
16362,11355,11205,0,26,37,18,31,8.55486314715
16363,11355,10069,0,26,14,18,8,9.15419577067
16364,11355,11203,0,26,39,18,8,9.14375363768
16365,11355,10459,1,26,16,18,8,6.51807465301
16366,11355,11219,0,26,6,18,4,12.3085475765
16367,11355,11434,2,26,32,18,16,5.70041264873
16368,11355,11230,0,26,11,18,5,11.5779902892
16369,11355,11373,2,26,53,18,27,3.21267874134
16370,11355,11362,1,26,8,18,5,4.57729781419
16371,11355,10305,0,26,11,18,8,16.9735912132
16372,11355,11104,0,26,8,18,6,5.26662152153
16373,11355,10004,2,26,168,18,99,12.1472357865
16374,11355,10275,0,26,13,18,7,8.55432642023
16375,11355,10118,0,26,4,18,3,8.76667752524
16376,11355,10026,0,26,57,18,43,7.99645533546
16377,11355,11235,1,26,19,18,14,13.3371565432
16378,11355,10469,0,26,44,18,12,8.35327526937
16379,11355,10281,0,26,31,18,24,10.5418307012
16380,11355,11223,0,26,10,18,7,13.1731367151
16381,11355,11379,2,26,33,18,13,3.89724369403
16382,11355,10465,2,26,37,18,16,5.2633896603
16383,11355,10455,0,26,20,18,11,6.50007216444
16384,11355,10466,0,26,16,18,11,9.86980234856
16385,11355,11239,0,26,4,18,2,7.80857584187
16386,11355,11207,2,26,86,18,31,6.69664391481
16387,11355,11367,2,26,35,18,17,1.44261327419
16388,11355,11106,0,26,21,18,19,5.94339635866
16389,11355,10471,2,26,19,18,15,11.3355108402
16390,11355,11234,0,26,50,18,15,10.5071174524
16391,11355,10167,0,26,11,18,4,8.17038291907
16392,11355,10453,1,26,21,18,16,8.64302579565
16393,11355,10451,2,26,20,18,12,7.25469659518
16394,11355,10033,2,26,86,18,31,9.14683738386
16395,11355,11354,3,26,38,18,25,1.30974889339
16396,11355,10463,2,26,36,18,16,10.1888588778
16397,11355,10169,0,26,4,18,4,8.22739346943
16398,11355,10456,2,26,21,18,12,7.24539790035
16399,11355,11420,0,26,8,18,7,5.27308276293
16400,11355,10153,0,26,6,18,5,8.10236423995
16401,11355,10307,0,26,6,18,3,27.8369845705
16402,11355,10306,0,26,17,18,8,20.0078332797
16403,11355,10165,0,26,2,18,2,8.37169358589
16404,11355,10303,2,26,11,18,7,19.8268686626
16405,11355,11224,0,26,22,18,13,14.975481687
16406,11355,10304,0,26,8,18,5,17.2446876658
16407,11355,10458,2,26,34,18,31,8.71125874339
16408,11355,11414,2,26,13,18,7,6.42097713595
16409,11355,11204,0,26,9,18,8,12.5107690978
16410,11355,11372,1,26,16,18,11,3.40709173453
16411,11355,11357,0,26,9,18,6,2.47288833691
16412,11355,10044,0,26,9,18,8,6.86498030572
16413,11355,11229,2,26,27,18,14,12.1798540424
16414,11355,11236,1,26,15,18,9,8.7213695659
16415,11355,10302,2,26,5,18,5,18.5791831289
16416,11355,11422,1,26,11,18,8,7.45369202428
16417,11355,10312,0,26,4,18,2,23.5482669522
16418,11355,10310,0,26,27,18,6,17.5334940177
16419,11355,11429,1,26,8,18,6,5.06586213301
16420,11355,10152,0,26,2,18,2,8.04373575714
16421,11355,11214,0,26,10,18,6,13.9274588439
16422,11355,11435,2,26,41,18,23,3.44504685097
16423,11355,10039,2,26,8,18,7,8.1316022281
16424,11355,10121,0,26,1,18,1,9.05111270821
16425,11355,11413,2,26,14,18,7,6.53521138762
16426,11355,10473,2,26,14,18,9,5.1960752997
16427,11355,10454,2,26,19,18,10,6.40480437177
16428,11355,11416,2,26,5,18,5,4.84484175271
16429,11355,10280,0,26,5,18,3,10.8097692485
16430,11355,11694,0,26,5,18,4,12.0244784236
16431,11355,11358,0,26,6,18,4,1.44076455461
16432,11355,11421,1,26,4,18,4,4.52886146884
16433,11355,11412,0,26,4,18,4,4.78638278054
16434,11355,10174,0,26,2,18,2,8.17450166185
16435,11355,11417,0,26,3,18,3,5.27205259084
16436,11355,11427,2,26,5,18,4,4.03282167166
16437,11355,11411,0,26,4,18,2,5.84688936926
16438,11355,11374,2,26,10,18,9,2.75760495639
16439,11355,10096,0,26,2,18,2,8.55432642023
16440,11355,10006,0,26,19,18,18,10.5801995661
16441,11355,10037,2,26,15,18,10,7.54686218314
16442,11355,11370,0,26,8,18,4,3.84663129172
16443,11355,10475,2,26,15,18,11,8.91107186401
16444,11355,11225,1,26,17,18,13,9.29754097212
16445,11355,10282,0,26,10,18,9,10.4709282132
16446,11355,11426,2,26,12,18,5,5.29578006528
16447,11355,11378,2,26,18,18,7,4.7095023591
16448,11355,10107,0,26,1,18,1,8.64888744166
16449,11355,11251,0,26,4,18,3,9.76649527476
16450,11355,11436,2,26,6,18,3,5.33009303065
16451,11355,11360,2,26,10,18,5,2.96938252099
16452,11355,11356,0,26,2,18,2,2.79087167714
16453,11355,10474,1,26,8,18,7,5.66769212469
16454,11355,11697,0,26,1,18,1,13.882707684
16455,11355,10172,0,26,2,18,2,8.14729405697
16456,11355,11691,0,26,4,18,3,10.7796271593
16457,11355,10470,1,26,6,18,4,10.6533781601
16458,11355,11366,0,26,7,18,5,2.0565486011
16459,11355,10041,0,26,2,18,2,10.5097454773
16460,11355,10278,0,26,1,18,1,9.96237218553
16461,11355,10106,0,26,4,18,1,8.51908078846
16462,11355,11428,0,26,2,18,2,4.57823451143
16463,11355,10286,0,26,1,18,1,10.3919933621
16464,11355,10279,0,26,1,18,1,10.2419545455
16465,11355,10103,0,26,1,18,1,8.35115493414
16466,11355,10196,0,26,1,18,1,8.55432642023
16467,11355,10154,0,26,1,18,1,8.06353032688
16468,11355,10119,0,26,2,18,2,9.10403714092
16469,11355,10464,0,26,5,18,4,7.59061437374
16470,11355,10166,0,26,2,18,2,8.23709255613
16471,11355,10203,0,26,1,18,1,8.55432642023
16472,11355,11359,1,26,2,18,2,3.7354991168
16473,11355,10177,0,26,1,18,1,8.23168833465
16474,11355,11040,0,26,1,18,1,7.38512387369
16475,11355,11364,0,26,2,18,2,3.12659237765
16476,11355,11692,0,26,2,18,2,10.8721492506
16477,11355,11423,0,26,1,18,1,3.62138410759
16478,11355,11415,0,26,2,18,2,2.9862914419
16479,11355,10175,0,26,2,18,1,8.42210669577
16480,11209,10012,3,49,445,28,357,7.27243152968
16481,11209,11222,1,49,110,28,71,8.36516610679
16482,11209,11231,2,49,65,28,44,4.08522300493
16483,11209,10019,5,49,637,28,440,10.0957245433
16484,11209,11102,2,49,35,28,30,11.6039776516
16485,11209,10003,3,49,493,28,400,7.82722727597
16486,11209,10020,2,49,143,28,116,9.69429018299
16487,11209,10018,4,49,339,28,256,9.29243430268
16488,11209,10001,6,49,670,28,468,8.96467541767
16489,11209,11365,2,49,21,28,9,14.808173819
16490,11209,10007,4,49,1780,28,1042,6.42026809583
16491,11209,10022,4,49,228,28,164,9.91969483516
16492,11209,10013,1,49,745,28,406,6.84009405193
16493,11209,10472,2,49,23,28,8,16.6062084095
16494,11209,11226,3,49,195,28,123,4.1738516663
16495,11209,10027,3,49,141,28,83,13.6416088585
16496,11209,11210,4,49,34,28,20,4.42692780225
16497,11209,11693,0,49,6,28,6,11.1767723989
16498,11209,11432,1,49,49,28,36,13.9069756867
16499,11209,11103,3,49,35,28,26,11.4766043618
16500,11209,11237,2,49,64,28,53,7.98015633046
16501,11209,10010,3,49,218,28,181,8.36700100936
16502,11209,10014,3,49,397,28,286,7.79431707981
16503,11209,10009,0,49,135,28,91,7.64602668412
16504,11209,10036,4,49,826,28,656,9.62495251583
16505,11209,11216,3,49,60,28,49,5.81168945785
16506,11209,11418,0,49,15,28,11,11.5257914703
16507,11209,11109,0,49,5,28,5,8.56558555535
16508,11209,11371,2,49,71,28,65,13.0837136564
16509,11209,10460,2,49,42,28,22,16.9380586618
16510,11209,10048,0,49,86,28,65,6.1949578564
16511,11209,10128,4,49,51,28,40,11.7072694435
16512,11209,11375,5,49,44,28,27,11.7544866484
16513,11209,10023,4,49,210,28,134,10.8263483207
16514,11209,11211,3,49,352,28,256,7.29279006997
16515,11209,10011,5,49,437,28,352,8.26970523617
16516,11209,10025,2,49,143,28,65,12.5136810654
16517,11209,10032,3,49,65,28,28,15.6966371618
16518,11209,11232,3,49,125,28,24,2.58898966126
16519,11209,11377,2,49,46,28,33,10.5699267056
16520,11209,11361,3,49,19,28,11,16.5342350946
16521,11209,11206,0,49,90,28,63,7.1055582772
16522,11209,11430,2,49,187,28,143,12.4342550672
16523,11209,10021,3,49,62,28,45,10.6519527154
16524,11209,11201,5,49,234,28,176,5.40431500003
16525,11209,11238,1,49,109,28,64,5.27005633265
16526,11209,10016,4,49,162,28,110,8.90857388623
16527,11209,11218,3,49,26,28,19,3.1749924128
16528,11209,10301,2,49,45,28,32,3.45790415693
16529,11209,10452,2,49,54,28,34,15.8967453412
16530,11209,10314,5,49,51,28,30,6.19134263591
16531,11209,10461,1,49,50,28,20,18.1809454068
16532,11209,11101,3,49,193,28,96,9.67018581977
16533,11209,10029,3,49,50,28,38,12.4188800456
16534,11209,10467,3,49,33,28,22,19.1262331333
16535,11209,11208,1,49,43,28,13,8.92856045053
16536,11209,10024,1,49,101,28,71,11.5870116095
16537,11209,10005,3,49,65,28,41,5.81466169291
16538,11209,10030,1,49,39,28,26,14.1847897805
16539,11209,10002,1,49,258,28,186,6.84474646061
16540,11209,11385,1,49,56,28,31,9.04843014244
16541,11209,11220,2,49,38,28,23,1.44721519083
16542,11209,11215,4,49,123,28,95,3.82640285557
16543,11209,10038,5,49,174,28,85,6.11497380453
16544,11209,11217,3,49,92,28,71,4.88325419121
16545,11209,10462,4,49,104,28,58,17.5672243161
16546,11209,10040,2,49,80,28,27,17.0880041833
16547,11209,10457,2,49,28,28,16,16.8815176309
16548,11209,10017,3,49,277,28,161,9.38719714112
16549,11209,11433,2,49,18,28,12,13.692295306
16550,11209,10308,0,49,8,28,8,8.09078932478
16551,11209,10468,2,49,52,28,30,18.1626723778
16552,11209,10111,0,49,15,28,13,9.76764629614
16553,11209,10309,3,49,23,28,15,11.614157728
16554,11209,10034,2,49,68,28,33,17.8153234511
16555,11209,10028,3,49,89,28,53,11.3082211189
16556,11209,10035,2,49,65,28,32,13.3465152039
16557,11209,11228,1,49,10,28,8,1.01632918182
16558,11209,11105,0,49,25,28,19,12.2379576289
16559,11209,11355,2,49,26,28,18,14.0569458202
16560,11209,11209,28,49,49,28,28,0.0
16561,11209,11213,0,49,35,28,20,5.97495876599
16562,11209,11369,2,49,12,28,8,12.7473432424
16563,11209,10031,1,49,64,28,45,14.6296979259
16564,11209,11221,1,49,120,28,61,7.16674851167
16565,11209,11212,0,49,12,28,10,6.67286704189
16566,11209,11233,0,49,74,28,34,6.90615338447
16567,11209,11368,2,49,62,28,41,12.4019219953
16568,11209,11205,1,49,37,28,31,5.94541973951
16569,11209,10069,0,49,14,28,8,10.7004409804
16570,11209,11203,0,49,39,28,8,5.37366491046
16571,11209,10459,1,49,16,28,8,15.6760320329
16572,11209,11219,0,49,6,28,4,1.85725175111
16573,11209,11434,2,49,32,28,16,13.9583057096
16574,11209,11230,0,49,11,28,5,3.42957358471
16575,11209,11373,2,49,53,28,27,11.1306947744
16576,11209,11362,1,49,8,28,5,18.1867210816
16577,11209,10305,0,49,11,28,8,2.92093060831
16578,11209,11104,1,49,8,28,6,10.1270598529
16579,11209,10004,3,49,168,28,99,5.27690030877
16580,11209,10275,0,49,13,28,7,11.2084632706
16581,11209,10118,1,49,4,28,3,8.96510587286
16582,11209,10026,0,49,57,28,43,12.9989533496
16583,11209,11235,1,49,19,28,14,4.98130902656
16584,11209,10469,0,49,44,28,12,19.4434615129
16585,11209,10281,1,49,31,28,24,6.35101934962
16586,11209,11223,0,49,10,28,7,3.47229799331
16587,11209,11379,3,49,33,28,13,10.162757726
16588,11209,10465,3,49,37,28,16,17.8604809933
16589,11209,10455,0,49,20,28,11,14.7286569119
16590,11209,10466,0,49,16,28,11,20.8048661602
16591,11209,11239,0,49,4,28,2,8.05344671128
16592,11209,11207,2,49,86,28,31,7.83106059304
16593,11209,11367,2,49,35,28,17,13.1262036219
16594,11209,11106,0,49,21,28,19,10.8701484781
16595,11209,10471,2,49,19,28,15,20.2610415499
16596,11209,11234,1,49,50,28,15,5.68241567884
16597,11209,10167,0,49,11,28,4,9.52143044972
16598,11209,10453,1,49,21,28,16,17.0077483549
16599,11209,10451,3,49,20,28,12,14.677921385
16600,11209,10033,4,49,86,28,31,16.3317374834
16601,11209,11354,2,49,38,28,25,14.6658077008
16602,11209,10463,4,49,36,28,16,18.907009456
16603,11209,10169,1,49,4,28,4,9.47775092915
16604,11209,10456,2,49,21,28,12,15.593432523
16605,11209,11420,0,49,8,28,7,11.8154000227
16606,11209,10153,0,49,6,28,5,10.1418408235
16607,11209,10307,0,49,6,28,3,13.7915204122
16608,11209,10306,1,49,17,28,8,5.95093966449
16609,11209,10165,0,49,2,28,2,9.29511857856
16610,11209,10303,2,49,11,28,7,6.99945719663
16611,11209,11224,1,49,22,28,13,3.78460241147
16612,11209,10304,0,49,8,28,5,3.34948862594
16613,11209,10458,4,49,34,28,31,18.1885383373
16614,11209,11414,2,49,13,28,7,10.0838509804
16615,11209,11204,1,49,9,28,8,2.37274153084
16616,11209,11372,2,49,16,28,11,11.6098251276
16617,11209,11357,0,49,9,28,6,16.0469232704
16618,11209,10044,0,49,9,28,8,10.4721439434
16619,11209,11229,3,49,27,28,14,4.93105555962
16620,11209,11236,1,49,15,28,9,6.72365929085
16621,11209,10302,2,49,5,28,5,5.68535131345
16622,11209,11422,0,49,11,28,8,15.7071155984
16623,11209,10312,0,49,4,28,2,9.49799341453
16624,11209,10310,0,49,27,28,6,4.56278700201
16625,11209,11429,1,49,8,28,6,16.3640749041
16626,11209,10152,0,49,2,28,2,9.81127032771
16627,11209,11214,2,49,10,28,6,2.42667733627
16628,11209,11435,2,49,41,28,23,12.6995499812
16629,11209,10039,2,49,8,28,7,14.8177686551
16630,11209,10121,0,49,1,28,1,8.94076647529
16631,11209,11413,2,49,14,28,7,14.9691704534
16632,11209,10473,2,49,14,28,9,16.1768462425
16633,11209,10454,2,49,19,28,10,13.9378203056
16634,11209,11416,2,49,5,28,5,10.2880749196
16635,11209,10280,0,49,5,28,3,5.84216865014
16636,11209,11694,0,49,5,28,4,10.11615987
16637,11209,11358,0,49,6,28,4,15.4900205916
16638,11209,11421,1,49,4,28,4,10.1346984731
16639,11209,11412,0,49,4,28,4,15.0775563791
16640,11209,10174,0,49,2,28,2,9.30733209392
16641,11209,11417,1,49,3,28,3,10.357169943
16642,11209,11427,2,49,5,28,4,16.4753180893
16643,11209,11411,0,49,4,28,2,16.1800987511
16644,11209,11374,3,49,10,28,9,11.2994153268
16645,11209,10096,0,49,2,28,2,11.2084632706
16646,11209,10006,1,49,19,28,18,5.90068878363
16647,11209,10037,2,49,15,28,10,14.0037906418
16648,11209,11370,1,49,8,28,4,12.0938771557
16649,11209,10475,3,49,15,28,11,20.6135431001
16650,11209,11225,1,49,17,28,13,4.77185011044
16651,11209,10282,0,49,10,28,9,6.52871626785
16652,11209,11426,2,49,12,28,5,17.8619040258
16653,11209,11378,2,49,18,28,7,9.63181944033
16654,11209,10107,0,49,1,28,1,10.1791050852
16655,11209,11251,0,49,4,28,3,4.68876076252
16656,11209,11436,2,49,6,28,3,12.7200570201
16657,11209,11360,2,49,10,28,5,17.0039564875
16658,11209,11356,0,49,2,28,2,14.848792192
16659,11209,10474,1,49,8,28,7,15.0769793812
16660,11209,11697,0,49,1,28,1,7.69372657034
16661,11209,10172,0,49,2,28,2,9.57060761142
16662,11209,11691,0,49,4,28,3,14.2819761806
16663,11209,10470,1,49,6,28,4,21.0879385489
16664,11209,11366,0,49,7,28,5,14.2171281828
16665,11209,10041,0,49,2,28,2,5.59808814918
16666,11209,10278,0,49,1,28,1,6.51898719718
16667,11209,10106,0,49,4,28,1,10.1296351432
16668,11209,11428,0,49,2,28,2,16.5481407659
16669,11209,10286,0,49,1,28,1,6.34425623713
16670,11209,10279,0,49,1,28,1,6.29263406912
16671,11209,10103,0,49,1,28,1,9.87759191923
16672,11209,10196,0,49,1,28,1,11.2084632706
16673,11209,10154,0,49,1,28,1,9.76314349522
16674,11209,10119,1,49,2,28,2,9.00909161449
16675,11209,10464,0,49,5,28,4,20.4800782035
16676,11209,10166,0,49,2,28,2,9.48342444123
16677,11209,10203,0,49,1,28,1,11.2084632706
16678,11209,11359,0,49,2,28,2,17.6922398816
16679,11209,10177,0,49,1,28,1,9.53542902433
16680,11209,11040,0,49,1,28,1,20.1795543708
16681,11209,11364,0,49,2,28,2,16.5240113547
16682,11209,11692,0,49,2,28,2,12.4728678769
16683,11209,11423,0,49,1,28,1,15.0943523533
16684,11209,11415,0,49,2,28,2,11.9782586033
16685,11209,10175,0,49,2,28,1,9.41123041712
16686,11213,10012,0,35,445,20,357,5.06198052942
16687,11213,11222,0,35,110,20,71,3.86373021344
16688,11213,11231,0,35,65,20,44,3.61076489485
16689,11213,10019,0,35,637,20,440,7.06693195337
16690,11213,11102,0,35,35,20,30,6.94407145444
16691,11213,10003,1,35,493,20,400,5.13031107028
16692,11213,10020,0,35,143,20,116,6.5107881014
16693,11213,10018,0,35,339,20,256,6.57663432196
16694,11213,10001,1,35,670,20,468,6.3954151053
16695,11213,11365,0,35,21,20,9,8.83401694109
16696,11213,10007,2,35,1780,20,1042,4.86708835618
16697,11213,10022,1,35,228,20,164,6.31585865792
16698,11213,10013,0,35,745,20,406,5.05467904447
16699,11213,10472,0,35,23,20,8,11.5383721092
16700,11213,11226,1,35,195,20,123,2.08587867492
16701,11213,10027,0,35,141,20,83,9.83803169677
16702,11213,11210,0,35,34,20,20,3.02154807264
16703,11213,11693,0,35,6,20,6,7.9044936529
16704,11213,11432,0,35,49,20,36,8.00017189113
16705,11213,11103,0,35,35,20,26,6.47090642278
16706,11213,11237,0,35,64,20,53,2.36573095426
16707,11213,10010,1,35,218,20,181,5.31811763437
16708,11213,10014,0,35,397,20,286,5.75888666361
16709,11213,10009,0,35,135,20,91,4.51289857891
16710,11213,10036,1,35,826,20,656,6.77317528098
16711,11213,11216,1,35,60,20,49,0.969747669285
16712,11213,11418,0,35,15,20,11,5.63256849643
16713,11213,11109,0,35,5,20,5,3.61443209214
16714,11213,11371,0,35,71,20,65,7.64575015271
16715,11213,10460,0,35,42,20,22,12.0715377702
16716,11213,10048,0,35,86,20,65,4.97068837158
16717,11213,10128,0,35,51,20,40,7.70109585436
16718,11213,11375,0,35,44,20,27,5.78340099226
16719,11213,10023,0,35,210,20,134,7.68598739122
16720,11213,11211,0,35,352,20,256,3.02191236905
16721,11213,10011,0,35,437,20,352,5.93473614544
16722,11213,10025,0,35,143,20,65,8.9764186154
16723,11213,10032,0,35,65,20,28,11.7188264632
16724,11213,11232,0,35,125,20,24,3.81194473939
16725,11213,11377,0,35,46,20,33,5.22063924659
16726,11213,11361,0,35,19,20,11,10.5673146814
16727,11213,11206,0,35,90,20,63,2.21072779193
16728,11213,11430,0,35,187,20,143,7.43445132093
16729,11213,10021,0,35,62,20,45,6.86219731358
16730,11213,11201,2,35,234,20,176,3.31851424697
16731,11213,11238,0,35,109,20,64,1.60136227578
16732,11213,10016,1,35,162,20,110,5.6616404848
16733,11213,11218,0,35,26,20,19,2.83519555628
16734,11213,10301,0,35,45,20,32,8.81861724152
16735,11213,10452,0,35,54,20,34,11.5970420495
16736,11213,10314,0,35,51,20,30,11.9307220808
16737,11213,10461,0,35,50,20,20,12.9001227078
16738,11213,11101,0,35,193,20,96,5.1394259379
16739,11213,10029,0,35,50,20,38,8.34566401269
16740,11213,10467,0,35,33,20,22,14.3073358903
16741,11213,11208,0,35,43,20,13,3.26529299729
16742,11213,10024,0,35,101,20,71,8.27282214019
16743,11213,10005,0,35,65,20,41,4.57855614687
16744,11213,10030,0,35,39,20,26,10.1689343884
16745,11213,10002,0,35,258,20,186,4.20675147648
16746,11213,11385,0,35,56,20,31,3.11810244756
16747,11213,11220,0,35,38,20,23,4.72536126106
16748,11213,11215,0,35,123,20,95,2.69047233736
16749,11213,10038,0,35,174,20,85,4.50583764547
16750,11213,11217,1,35,92,20,71,2.39838873872
16751,11213,10462,0,35,104,20,58,12.4700495699
16752,11213,10040,0,35,80,20,27,12.9603633377
16753,11213,10457,0,35,28,20,16,12.2772575544
16754,11213,10017,1,35,277,20,161,5.94415375168
16755,11213,11433,0,35,18,20,12,7.93394680401
16756,11213,10308,0,35,8,20,8,14.0557969426
16757,11213,10468,0,35,52,20,30,13.6633192536
16758,11213,10111,0,35,15,20,13,6.50052138725
16759,11213,10309,0,35,23,20,15,17.5890750663
16760,11213,10034,0,35,68,20,33,13.595542967
16761,11213,10028,0,35,89,20,53,7.3746810419
16762,11213,10035,0,35,65,20,32,9.07108755908
16763,11213,11228,0,35,10,20,8,5.47545852075
16764,11213,11105,0,35,25,20,19,7.29214803766
16765,11213,11355,0,35,26,20,18,8.1200871588
16766,11213,11209,0,35,49,20,28,5.97495876599
16767,11213,11213,20,35,35,20,20,0.0
16768,11213,11369,0,35,12,20,8,7.17954769785
16769,11213,10031,0,35,64,20,45,10.7395161342
16770,11213,11221,0,35,120,20,61,1.46558448053
16771,11213,11212,1,35,12,20,10,1.27194647562
16772,11213,11233,0,35,74,20,34,0.937503348473
16773,11213,11368,0,35,62,20,41,6.60583565587
16774,11213,11205,0,35,37,20,31,2.2760419564
16775,11213,10069,0,35,14,20,8,7.78778792846
16776,11213,11203,0,35,39,20,8,1.51181298213
16777,11213,10459,0,35,16,20,8,10.8788587379
16778,11213,11219,0,35,6,20,4,4.191301375
16779,11213,11434,0,35,32,20,16,8.50954452484
16780,11213,11230,0,35,11,20,5,3.65746428928
16781,11213,11373,0,35,53,20,27,5.38712336147
16782,11213,11362,0,35,8,20,5,12.2181105089
16783,11213,10305,0,35,11,20,8,8.89521494181
16784,11213,11104,0,35,8,20,6,5.0895717746
16785,11213,10004,0,35,168,20,99,5.92939218569
16786,11213,10275,0,35,13,20,7,7.90041692688
16787,11213,10118,0,35,4,20,3,6.03597224735
16788,11213,10026,0,35,57,20,43,9.16359184679
16789,11213,11235,0,35,19,20,14,6.06803123008
16790,11213,10469,0,35,44,20,12,14.3895105586
16791,11213,10281,0,35,31,20,24,5.18768489929
16792,11213,11223,0,35,10,20,7,5.39976374755
16793,11213,11379,0,35,33,20,13,4.25773562937
16794,11213,10465,0,35,37,20,16,12.3217370367
16795,11213,10455,0,35,20,20,11,10.0785137784
16796,11213,10466,0,35,16,20,11,15.8611993298
16797,11213,11239,0,35,4,20,2,3.38701755771
16798,11213,11207,0,35,86,20,31,2.11992659535
16799,11213,11367,0,35,35,20,17,7.15136049663
16800,11213,11106,0,35,21,20,19,6.28651867527
16801,11213,10471,0,35,19,20,15,15.9463275983
16802,11213,11234,0,35,50,20,15,3.67794349655
16803,11213,10167,0,35,11,20,4,6.16656286537
16804,11213,10453,0,35,21,20,16,12.6191297229
16805,11213,10451,0,35,20,20,12,10.2872800196
16806,11213,10033,0,35,86,20,31,12.2705792345
16807,11213,11354,0,35,38,20,25,8.82925442887
16808,11213,10463,0,35,36,20,16,14.5704254352
16809,11213,10169,0,35,4,20,4,6.16107224439
16810,11213,10456,0,35,21,20,12,11.0382617641
16811,11213,11420,0,35,8,20,7,6.3147267187
16812,11213,10153,0,35,6,20,5,6.70874907502
16813,11213,10307,0,35,6,20,3,19.7648072946
16814,11213,10306,0,35,17,20,8,11.9136223959
16815,11213,10165,0,35,2,20,2,6.08064828858
16816,11213,10303,0,35,11,20,7,12.3094607483
16817,11213,11224,0,35,22,20,13,7.16962259864
16818,11213,10304,0,35,8,20,5,9.25147432337
16819,11213,10458,0,35,34,20,31,13.5479466295
16820,11213,11414,0,35,13,20,7,4.88133176767
16821,11213,11204,0,35,9,20,8,4.45147032168
16822,11213,11372,0,35,16,20,11,6.06936068036
16823,11213,11357,0,35,9,20,6,10.230609513
16824,11213,10044,0,35,9,20,8,6.3419301089
16825,11213,11229,0,35,27,20,14,4.9581998158
16826,11213,11236,1,35,15,20,9,2.65550674405
16827,11213,10302,0,35,5,20,5,10.9940271053
16828,11213,11422,0,35,11,20,8,10.4954359383
16829,11213,10312,0,35,4,20,2,15.4704098147
16830,11213,10310,0,35,27,20,6,9.87804596943
16831,11213,11429,0,35,8,20,6,10.5991056696
16832,11213,10152,0,35,2,20,2,6.36431344296
16833,11213,11214,0,35,10,20,6,5.92460685125
16834,11213,11435,0,35,41,20,23,6.8530987257
16835,11213,10039,0,35,8,20,7,10.7130620122
16836,11213,10121,0,35,1,20,1,6.20839040462
16837,11213,11413,0,35,14,20,7,9.62418289798
16838,11213,10473,0,35,14,20,9,10.9299471738
16839,11213,10454,0,35,19,20,10,9.36691257551
16840,11213,11416,0,35,5,20,5,4.50948270222
16841,11213,10280,0,35,5,20,3,5.04530288901
16842,11213,11694,0,35,5,20,4,7.97344622399
16843,11213,11358,0,35,6,20,4,9.54286494454
16844,11213,11421,0,35,4,20,4,4.23800115656
16845,11213,11412,0,35,4,20,4,9.37483634918
16846,11213,10174,0,35,2,20,2,5.96324570449
16847,11213,11417,0,35,3,20,3,4.73000291598
16848,11213,11427,0,35,5,20,4,10.5752483059
16849,11213,11411,0,35,4,20,2,10.5612544734
16850,11213,11374,0,35,10,20,9,5.37259856908
16851,11213,10096,0,35,2,20,2,7.90041692688
16852,11213,10006,0,35,19,20,18,4.86311610113
16853,11213,10037,0,35,15,20,10,9.82962835322
16854,11213,11370,0,35,8,20,4,6.7617813358
16855,11213,10475,0,35,15,20,11,15.4265239358
16856,11213,11225,2,35,17,20,13,1.21173499725
16857,11213,10282,0,35,10,20,9,5.26499207712
16858,11213,11426,0,35,12,20,5,11.9836811408
16859,11213,11378,0,35,18,20,7,4.03211505277
16860,11213,10107,0,35,1,20,1,7.05721773871
16861,11213,11251,0,35,4,20,3,1.86539137982
16862,11213,11436,0,35,6,20,3,7.23879051656
16863,11213,11360,0,35,10,20,5,11.0838209149
16864,11213,11356,0,35,2,20,2,9.23218154819
16865,11213,10474,0,35,8,20,7,10.1228650575
16866,11213,11697,0,35,1,20,1,7.76160957352
16867,11213,10172,0,35,2,20,2,6.19897314154
16868,11213,11691,0,35,4,20,3,10.4182021164
16869,11213,10470,0,35,6,20,4,16.3161277507
16870,11213,11366,0,35,7,20,5,8.26032852886
16871,11213,10041,0,35,2,20,2,4.54249875601
16872,11213,10278,0,35,1,20,1,4.77697830217
16873,11213,10106,0,35,4,20,1,6.93825633072
16874,11213,11428,0,35,2,20,2,10.7021233831
16875,11213,10286,0,35,1,20,1,5.04076398007
16876,11213,10279,0,35,1,20,1,4.85247823584
16877,11213,10103,0,35,1,20,1,6.61109021381
16878,11213,10196,0,35,1,20,1,7.90041692688
16879,11213,10154,0,35,1,20,1,6.33059378535
16880,11213,10119,0,35,2,20,2,6.30531625777
16881,11213,10464,0,35,5,20,4,14.9394808866
16882,11213,10166,0,35,2,20,2,6.17263943089
16883,11213,10203,0,35,1,20,1,7.90041692688
16884,11213,11359,0,35,2,20,2,11.8055447256
16885,11213,10177,0,35,1,20,1,6.2185891097
16886,11213,11040,0,35,1,20,1,14.3126769191
16887,11213,11364,0,35,2,20,2,10.5566689388
16888,11213,11692,0,35,2,20,2,9.07137065692
16889,11213,11423,0,35,1,20,1,9.2342035654
16890,11213,11415,0,35,2,20,2,6.0409913221
16891,11213,10175,0,35,2,20,1,6.22274078879
16892,11369,10012,2,12,445,8,357,7.17539314881
16893,11369,11222,1,12,110,8,71,4.67833906379
16894,11369,11231,2,12,65,8,44,9.03793320207
16895,11369,10019,2,12,637,8,440,6.041418751
16896,11369,11102,2,12,35,8,30,2.89777447739
16897,11369,10003,0,12,493,8,400,6.57861364325
16898,11369,10020,0,12,143,8,116,5.76453104997
16899,11369,10018,2,12,339,8,256,6.46852074228
16900,11369,10001,3,12,670,8,468,6.66498665518
16901,11369,11365,2,12,21,8,9,4.43254169131
16902,11369,10007,2,12,1780,8,1042,7.90520331394
16903,11369,10022,2,12,228,8,164,5.08629278693
16904,11369,10013,0,12,745,8,406,7.64775579162
16905,11369,10472,2,12,23,8,8,4.66276659913
16906,11369,11226,2,12,195,8,123,9.2616386329
16907,11369,10027,2,12,141,8,83,5.60755771286
16908,11369,11210,2,12,34,8,20,10.1081870775
16909,11369,11693,0,12,6,8,6,11.7531695604
16910,11369,11432,0,12,49,8,36,5.26730076658
16911,11369,11103,3,12,35,8,26,2.11964354924
16912,11369,11237,2,12,64,8,53,4.85641604295
16913,11369,10010,2,12,218,8,181,6.07973984319
16914,11369,10014,2,12,397,8,286,7.33601086556
16915,11369,10009,0,12,135,8,91,6.18797676291
16916,11369,10036,2,12,826,8,656,6.28353635608
16917,11369,11216,2,12,60,8,49,7.00174212836
16918,11369,11418,0,12,15,8,11,4.84474610031
16919,11369,11109,0,12,5,8,5,7.69210044706
16920,11369,11371,2,12,71,8,65,0.679939060852
16921,11369,10460,2,12,42,8,22,5.41357776637
16922,11369,10048,0,12,86,8,65,8.22385260116
16923,11369,10128,2,12,51,8,40,4.39152818873
16924,11369,11375,2,12,44,8,27,3.1947145653
16925,11369,10023,2,12,210,8,134,5.96390230634
16926,11369,11211,2,12,352,8,256,5.62110141448
16927,11369,10011,2,12,437,8,352,6.96623648627
16928,11369,10025,0,12,143,8,65,5.67962974604
16929,11369,10032,2,12,65,8,28,6.53574014247
16930,11369,11232,2,12,125,8,24,10.2078604783
16931,11369,11377,2,12,46,8,33,2.22434518116
16932,11369,11361,2,12,19,8,11,5.06773794235
16933,11369,11206,0,12,90,8,63,5.64457534971
16934,11369,11430,2,12,187,8,143,8.69065112296
16935,11369,10021,2,12,62,8,45,4.73420964431
16936,11369,11201,2,12,234,8,176,7.77623859024
16937,11369,11238,0,12,109,8,64,7.47858691414
16938,11369,10016,2,12,162,8,110,5.73536167178
16939,11369,11218,2,12,26,8,19,9.86375156799
16940,11369,10301,2,12,45,8,32,14.8311311972
16941,11369,10452,2,12,54,8,34,5.89996767409
16942,11369,10314,2,12,51,8,30,18.0200766785
16943,11369,10461,1,12,50,8,20,5.7786953521
16944,11369,11101,2,12,193,8,96,3.79508805304
16945,11369,10029,2,12,50,8,38,4.41668663742
16946,11369,10467,2,12,33,8,22,7.54997944721
16947,11369,11208,0,12,43,8,13,6.22403991036
16948,11369,10024,0,12,101,8,71,5.82189808058
16949,11369,10005,2,12,65,8,41,8.24016555107
16950,11369,10030,1,12,39,8,26,5.40520733537
16951,11369,10002,0,12,258,8,186,6.88281705941
16952,11369,11385,1,12,56,8,31,4.28873508469
16953,11369,11220,2,12,38,8,23,11.329484695
16954,11369,11215,2,12,123,8,95,8.93296542524
16955,11369,10038,2,12,174,8,85,7.89290325949
16956,11369,11217,0,12,92,8,71,7.92464577735
16957,11369,10462,2,12,104,8,58,5.50866865352
16958,11369,10040,2,12,80,8,27,7.2799612787
16959,11369,10457,2,12,28,8,16,5.9733213135
16960,11369,10017,2,12,277,8,161,5.39221703178
16961,11369,11433,2,12,18,8,12,6.32451160835
16962,11369,10308,0,12,8,8,8,20.7413469329
16963,11369,10468,2,12,52,8,30,7.34894409626
16964,11369,10111,0,12,15,8,13,5.63215659982
16965,11369,10309,2,12,23,8,15,24.1413460934
16966,11369,10034,1,12,68,8,33,7.68283766499
16967,11369,10028,2,12,89,8,53,4.48919132319
16968,11369,10035,2,12,65,8,32,4.28849086283
16969,11369,11228,1,12,10,8,8,12.4693878297
16970,11369,11105,0,12,25,8,19,2.13726227745
16971,11369,11355,2,12,26,8,18,2.8360370834
16972,11369,11209,2,12,49,8,28,12.7473432424
16973,11369,11213,0,12,35,8,20,7.17954769785
16974,11369,11369,8,12,12,8,8,0.0
16975,11369,10031,1,12,64,8,45,5.99656109674
16976,11369,11221,0,12,120,8,61,5.74642979879
16977,11369,11212,0,12,12,8,10,7.29997011994
16978,11369,11233,0,12,74,8,34,6.44320451596
16979,11369,11368,2,12,62,8,41,1.25934040916
16980,11369,11205,0,12,37,8,31,6.86923172627
16981,11369,10069,0,12,14,8,8,6.35478913107
16982,11369,11203,0,12,39,8,8,8.51098568095
16983,11369,10459,1,12,16,8,8,4.48000609917
16984,11369,11219,0,12,6,8,4,11.1625345142
16985,11369,11434,2,12,32,8,16,7.95061801815
16986,11369,11230,0,12,11,8,5,10.8343860528
16987,11369,11373,2,12,53,8,27,1.8895337883
16988,11369,11362,1,12,8,8,5,7.20655858822
16989,11369,10305,0,12,11,8,8,15.5955536331
16990,11369,11104,0,12,8,8,6,2.88705281838
16991,11369,10004,2,12,168,8,99,9.9766685235
16992,11369,10275,0,12,13,8,7,5.73056204639
16993,11369,10118,0,12,4,8,3,6.15910606801
16994,11369,10026,0,12,57,8,43,5.20785918169
16995,11369,11235,1,12,19,8,14,13.0447471312
16996,11369,10469,0,12,44,8,12,7.40009368978
16997,11369,10281,0,12,31,8,24,8.2791207618
16998,11369,11223,0,12,10,8,7,12.5602163666
16999,11369,11379,2,12,33,8,13,3.2635133724
17000,11369,10465,2,12,37,8,16,5.15210355602
17001,11369,10455,0,12,20,8,11,4.12706644599
17002,11369,10466,0,12,16,8,11,8.92442918587
17003,11369,11239,0,12,4,8,2,8.08652183137
17004,11369,11207,2,12,86,8,31,6.4679582682
17005,11369,11367,2,12,35,8,17,3.49441377179
17006,11369,11106,0,12,21,8,19,3.19888176269
17007,11369,10471,2,12,19,8,15,9.67555663036
17008,11369,11234,0,12,50,8,15,10.3117668443
17009,11369,10167,0,12,11,8,4,5.50756703351
17010,11369,10453,1,12,21,8,16,6.59331808927
17011,11369,10451,2,12,20,8,12,4.77274886771
17012,11369,10033,2,12,86,8,31,6.82360126543
17013,11369,11354,2,12,38,8,25,2.415663243
17014,11369,10463,2,12,36,8,16,8.38556218084
17015,11369,10169,0,12,4,8,4,5.5683301872
17016,11369,10456,2,12,21,8,12,5.02415039426
17017,11369,11420,0,12,8,8,7,6.85510258034
17018,11369,10153,0,12,6,8,5,5.36077656659
17019,11369,10307,0,12,6,8,3,26.3392649399
17020,11369,10306,0,12,17,8,8,18.6302659074
17021,11369,10165,0,12,2,8,2,5.73321369186
17022,11369,10303,2,12,11,8,7,17.8806678937
17023,11369,11224,0,12,22,8,13,14.3437957576
17024,11369,10304,0,12,8,8,5,15.7218885489
17025,11369,10458,2,12,34,8,31,7.05640359763
17026,11369,11414,2,12,13,8,7,7.36306685082
17027,11369,11204,0,12,9,8,8,11.6015513432
17028,11369,11372,1,12,16,8,11,1.13788170938
17029,11369,11357,0,12,9,8,6,3.54377212916
17030,11369,10044,0,12,9,8,8,4.1272717146
17031,11369,11229,2,12,27,8,14,11.8833107198
17032,11369,11236,1,12,15,8,9,8.61804547048
17033,11369,10302,2,12,5,8,5,16.694657401
17034,11369,11422,0,12,11,8,8,9.92136426754
17035,11369,10312,0,12,4,8,2,22.0930275262
17036,11369,10310,0,12,27,8,6,15.7140274712
17037,11369,11429,1,12,8,8,6,7.8434156464
17038,11369,10152,0,12,2,8,2,5.34504659661
17039,11369,11214,0,12,10,8,6,13.090893341
17040,11369,11435,2,12,41,8,23,5.37630806388
17041,11369,10039,2,12,8,8,7,5.59368802817
17042,11369,10121,0,12,1,8,1,6.43385168638
17043,11369,11413,2,12,14,8,7,8.94595672573
17044,11369,10473,2,12,14,8,9,3.88843515357
17045,11369,10454,2,12,19,8,10,3.82276005074
17046,11369,11416,2,12,5,8,5,5.59093732046
17047,11369,10280,0,12,5,8,3,8.62402927336
17048,11369,11694,0,12,5,8,4,12.9175755947
17049,11369,11358,0,12,6,8,4,3.90633759937
17050,11369,11421,1,12,4,8,4,5.00838888497
17051,11369,11412,0,12,4,8,4,7.38231980539
17052,11369,10174,0,12,2,8,2,5.5451384368
17053,11369,11417,0,12,3,8,3,6.17508170468
17054,11369,11427,2,12,5,8,4,6.86758292808
17055,11369,11411,0,12,4,8,2,8.53965819196
17056,11369,11374,2,12,10,8,9,2.66399668372
17057,11369,10096,0,12,2,8,2,5.73056204639
17058,11369,10006,0,12,19,8,18,8.40488855472
17059,11369,10037,2,12,15,8,10,4.90027207146
17060,11369,11370,0,12,8,8,4,1.04990434
17061,11369,10475,2,12,15,8,11,8.32428180817
17062,11369,11225,1,12,17,8,13,8.20356985796
17063,11369,10282,0,12,10,8,9,8.17981309165
17064,11369,11426,2,12,12,8,5,8.12137157638
17065,11369,11378,2,12,18,8,7,3.16357290653
17066,11369,10107,0,12,1,8,1,5.89264944729
17067,11369,11251,0,12,4,8,3,9.01861351576
17068,11369,11436,2,12,6,8,3,7.23979422017
17069,11369,11360,2,12,10,8,5,4.89723520821
17070,11369,11356,0,12,2,8,2,2.10177697819
17071,11369,10474,1,12,8,8,7,3.5878087597
17072,11369,11697,0,12,1,8,1,14.1305379807
17073,11369,10172,0,12,2,8,2,5.47826847108
17074,11369,11691,0,12,4,8,3,12.6560502601
17075,11369,10470,1,12,6,8,4,9.5208187034
17076,11369,11366,0,12,7,8,5,4.7026039474
17077,11369,10041,0,12,2,8,2,8.40899395872
17078,11369,10278,0,12,1,8,1,7.7218608082
17079,11369,10106,0,12,4,8,1,5.76974620044
17080,11369,11428,0,12,2,8,2,7.3999671543
17081,11369,10286,0,12,1,8,1,8.14385636563
17082,11369,10279,0,12,1,8,1,8.01944845953
17083,11369,10103,0,12,1,8,1,5.63338270316
17084,11369,10196,0,12,1,8,1,5.73056204639
17085,11369,10154,0,12,1,8,1,5.37064775738
17086,11369,10119,0,12,2,8,2,6.47481282452
17087,11369,10464,0,12,5,8,4,7.77609739799
17088,11369,10166,0,12,2,8,2,5.57670395366
17089,11369,10203,0,12,1,8,1,5.73056204639
17090,11369,11359,0,12,2,8,2,5.33641647991
17091,11369,10177,0,12,1,8,1,5.56386199232
17092,11369,11040,0,12,1,8,1,10.1457611792
17093,11369,11364,0,12,2,8,2,5.90775072107
17094,11369,11692,0,12,2,8,2,12.3659061848
17095,11369,11423,0,12,1,8,1,6.32887647757
17096,11369,11415,0,12,2,8,2,4.4144144015
17097,11369,10175,0,12,2,8,1,5.76371083094
17098,10031,10012,1,64,445,45,357,7.38915859277
17099,10031,11222,1,64,110,45,71,6.89537545761
17100,10031,11231,1,64,65,45,44,10.5548966508
17101,10031,10019,2,64,637,45,440,4.59855769392
17102,10031,11102,1,64,35,45,30,3.9956566764
17103,10031,10003,1,64,493,45,400,6.80609365314
17104,10031,10020,0,64,143,45,116,4.94332512228
17105,10031,10018,1,64,339,45,256,5.43471735577
17106,10031,10001,2,64,670,45,468,5.77760915398
17107,10031,11365,1,64,21,45,9,10.1868583459
17108,10031,10007,1,64,1780,45,1042,8.27835909708
17109,10031,10022,2,64,228,45,164,4.73680058964
17110,10031,10013,1,64,745,45,406,7.86168094019
17111,10031,10472,1,64,23,45,8,4.22098861598
17112,10031,11226,1,64,195,45,123,12.4906730324
17113,10031,10027,5,64,141,45,83,0.98896381189
17114,10031,11210,1,64,34,45,20,13.6811523953
17115,10031,11693,0,64,6,45,6,17.2075755862
17116,10031,11432,0,64,49,45,36,11.241743271
17117,10031,11103,1,64,35,45,26,4.79419332564
17118,10031,11237,1,64,64,45,53,8.61089348706
17119,10031,10010,1,64,218,45,181,6.2634644741
17120,10031,10014,1,64,397,45,286,6.97430848386
17121,10031,10009,0,64,135,45,91,7.01571177512
17122,10031,10036,2,64,826,45,656,5.08827536002
17123,10031,11216,1,64,60,45,49,10.0608476102
17124,10031,11418,1,64,15,45,11,10.6844946846
17125,10031,11109,0,64,5,45,5,12.7391440108
17126,10031,11371,1,64,71,45,65,5.37459953773
17127,10031,10460,1,64,42,45,22,3.72805459914
17128,10031,10048,0,64,86,45,65,8.54953592645
17129,10031,10128,1,64,51,45,40,3.05848210476
17130,10031,11375,1,64,44,45,27,9.07412131913
17131,10031,10023,3,64,210,45,134,3.89126531139
17132,10031,11211,2,64,352,45,256,7.87923959372
17133,10031,10011,3,64,437,45,352,6.46549801177
17134,10031,10025,0,64,143,45,65,2.16312753504
17135,10031,10032,3,64,65,45,28,1.06930799883
17136,10031,11232,1,64,125,45,24,12.1342715987
17137,10031,11377,1,64,46,45,33,6.2161044039
17138,10031,11361,1,64,19,45,11,10.1492956958
17139,10031,11206,0,64,90,45,63,8.55183540575
17140,10031,11430,1,64,187,45,143,14.5444591037
17141,10031,10021,1,64,62,45,45,4.03368887818
17142,10031,11201,2,64,234,45,176,9.27742827907
17143,10031,11238,1,64,109,45,64,10.1041701334
17144,10031,10016,1,64,162,45,110,5.72457527722
17145,10031,11218,1,64,26,45,19,12.6150461253
17146,10031,10301,1,64,45,45,32,15.4383860742
17147,10031,10452,1,64,54,45,34,1.63432053572
17148,10031,10314,1,64,51,45,30,18.341898003
17149,10031,10461,1,64,50,45,20,5.91016224938
17150,10031,11101,2,64,193,45,96,5.60283392834
17151,10031,10029,2,64,50,45,38,2.39386485492
17152,10031,10467,1,64,33,45,22,5.23652602177
17153,10031,11208,0,64,43,45,13,11.3258876507
17154,10031,10024,2,64,101,45,71,3.12240158866
17155,10031,10005,2,64,65,45,41,8.86632710456
17156,10031,10030,2,64,39,45,26,0.620613212911
17157,10031,10002,0,64,258,45,186,7.79457582185
17158,10031,11385,1,64,56,45,31,8.98906831908
17159,10031,11220,1,64,38,45,23,13.2246898253
17160,10031,11215,1,64,123,45,95,11.1193234065
17161,10031,10038,1,64,174,45,85,8.54007336887
17162,10031,11217,1,64,92,45,71,10.0601311025
17163,10031,10462,1,64,104,45,58,4.85262185017
17164,10031,10040,4,64,80,45,27,2.48142788232
17165,10031,10457,1,64,28,45,16,2.98759027991
17166,10031,10017,1,64,277,45,161,5.25592965565
17167,10031,11433,1,64,18,45,12,12.3209536808
17168,10031,10308,0,64,8,45,8,21.7360193115
17169,10031,10468,1,64,52,45,30,3.83805918594
17170,10031,10111,0,64,15,45,13,4.86405133589
17171,10031,10309,1,64,23,45,15,24.7212370759
17172,10031,10034,2,64,68,45,33,3.23379769155
17173,10031,10028,1,64,89,45,53,3.42176696222
17174,10031,10035,2,64,65,45,32,1.82577472029
17175,10031,11228,1,64,10,45,8,14.7702499048
17176,10031,11105,0,64,25,45,19,4.14426634457
17177,10031,11355,1,64,26,45,18,8.60709341028
17178,10031,11209,1,64,49,45,28,14.6296979259
17179,10031,11213,0,64,35,45,20,10.7395161342
17180,10031,11369,1,64,12,45,8,5.99656109674
17181,10031,10031,45,64,64,45,45,0.0
17182,10031,11221,0,64,120,45,61,9.38710200949
17183,10031,11212,0,64,12,45,10,11.4695335693
17184,10031,11233,0,64,74,45,34,10.4208376504
17185,10031,11368,1,64,62,45,41,7.22993574828
17186,10031,11205,0,64,37,45,31,9.14852915301
17187,10031,10069,0,64,14,45,8,4.1272676028
17188,10031,11203,0,64,39,45,8,12.2511708982
17189,10031,10459,1,64,16,45,8,2.91065147285
17190,10031,11219,0,64,6,45,4,13.5998840563
17191,10031,11434,1,64,32,45,16,13.9427597523
17192,10031,11230,0,64,11,45,5,14.0452981945
17193,10031,11373,1,64,53,45,27,7.24195779418
17194,10031,11362,1,64,8,45,5,12.2011922427
17195,10031,10305,0,64,11,45,8,17.0196672317
17196,10031,11104,0,64,8,45,6,5.89020217748
17197,10031,10004,1,64,168,45,99,10.0131458837
17198,10031,10275,0,64,13,45,7,3.47160195907
17199,10031,10118,0,64,4,45,3,5.68192710472
17200,10031,10026,0,64,57,45,43,1.64071429995
17201,10031,11235,1,64,19,45,14,16.726146877
17202,10031,10469,0,64,44,45,12,6.06882559518
17203,10031,10281,0,64,31,45,24,8.44426997682
17204,10031,11223,0,64,10,45,7,15.7848826545
17205,10031,11379,1,64,33,45,13,8.43223475516
17206,10031,10465,1,64,37,45,16,6.8807846054
17207,10031,10455,1,64,20,45,11,2.27519652115
17208,10031,10466,0,64,16,45,11,6.95633914281
17209,10031,11239,0,64,4,45,2,12.9699094716
17210,10031,11207,1,64,86,45,31,11.093681783
17211,10031,11367,1,64,35,45,17,9.48476381561
17212,10031,11106,0,64,21,45,19,4.52141844611
17213,10031,10471,1,64,19,45,15,5.66994977082
17214,10031,11234,0,64,50,45,15,14.3985803106
17215,10031,10167,0,64,11,45,4,5.11022495379
17216,10031,10453,1,64,21,45,16,2.66701498445
17217,10031,10451,2,64,20,45,12,1.45862341463
17218,10031,10033,2,64,86,45,31,1.71737075839
17219,10031,11354,1,64,38,45,25,7.63623005257
17220,10031,10463,1,64,36,45,16,4.36187551716
17221,10031,10169,0,64,4,45,4,5.15260599986
17222,10031,10456,1,64,21,45,12,2.1222413066
17223,10031,11420,0,64,8,45,7,12.6989597968
17224,10031,10153,0,64,6,45,5,4.48826739056
17225,10031,10307,0,64,6,45,3,26.8630179247
17226,10031,10306,1,64,17,45,8,19.8200520177
17227,10031,10165,0,64,2,45,2,5.33475127592
17228,10031,10303,1,64,11,45,7,17.6080235193
17229,10031,11224,0,64,22,45,13,17.3706725038
17230,10031,10304,0,64,8,45,5,16.7886584227
17231,10031,10458,2,64,34,45,31,4.09165382137
17232,10031,11414,1,64,13,45,7,12.8494736964
17233,10031,11204,0,64,9,45,8,14.4251481455
17234,10031,11372,1,64,16,45,11,6.24266564377
17235,10031,11357,0,64,9,45,6,7.86462323955
17236,10031,10044,0,64,9,45,8,4.41811465335
17237,10031,11229,1,64,27,45,14,15.6648127176
17238,10031,11236,1,64,15,45,9,13.02950197
17239,10031,10302,1,64,5,45,5,16.7018306838
17240,10031,11422,0,64,11,45,8,15.9140011088
17241,10031,10312,0,64,4,45,2,22.8984854752
17242,10031,10310,0,64,27,45,6,15.9980317607
17243,10031,11429,1,64,8,45,6,13.6634105629
17244,10031,10152,0,64,2,45,2,4.82320373394
17245,10031,11214,0,64,10,45,6,15.8734454309
17246,10031,11435,1,64,41,45,23,11.3526319671
17247,10031,10039,1,64,8,45,7,0.612747771078
17248,10031,10121,0,64,1,45,1,5.74620851695
17249,10031,11413,1,64,14,45,7,14.9417205627
17250,10031,10473,1,64,14,45,9,4.74016860112
17251,10031,10454,1,64,19,45,10,2.20315826694
17252,10031,11416,1,64,5,45,5,11.1327294051
17253,10031,10280,0,64,5,45,3,8.95728081486
17254,10031,11694,0,64,5,45,4,18.0374331221
17255,10031,11358,0,64,6,45,4,9.20005363018
17256,10031,11421,1,64,4,45,4,10.4764222118
17257,10031,11412,0,64,4,45,4,13.3381146709
17258,10031,10174,0,64,2,45,2,5.32651495884
17259,10031,11417,0,64,3,45,3,11.7425179099
17260,10031,11427,1,64,5,45,4,12.5230690721
17261,10031,11411,0,64,4,45,2,14.4483358961
17262,10031,11374,1,64,10,45,9,8.37097316028
17263,10031,10096,0,64,2,45,2,3.47160195907
17264,10031,10006,0,64,19,45,18,8.83903478162
17265,10031,10037,1,64,15,45,10,1.10472853141
17266,10031,11370,0,64,8,45,4,5.3242376317
17267,10031,10475,1,64,15,45,11,7.40441722229
17268,10031,11225,1,64,17,45,13,11.2736002806
17269,10031,10282,0,64,10,45,9,8.27128489241
17270,10031,11426,1,64,12,45,5,13.5904335518
17271,10031,11378,1,64,18,45,7,7.44866491914
17272,10031,10107,0,64,1,45,1,4.49205158337
17273,10031,11251,0,64,4,45,3,12.49805214
17274,10031,11436,1,64,6,45,3,13.1773165514
17275,10031,11360,1,64,10,45,5,9.39559733845
17276,10031,11356,0,64,2,45,2,6.18763821535
17277,10031,10474,1,64,8,45,7,3.33309286031
17278,10031,11697,0,64,1,45,1,18.4759892299
17279,10031,10172,0,64,2,45,2,5.06147177424
17280,10031,11691,0,64,4,45,3,18.4994792884
17281,10031,10470,1,64,6,45,4,6.90385274426
17282,10031,11366,0,64,7,45,5,10.6177716956
17283,10031,10041,0,64,2,45,2,9.08651366978
17284,10031,10278,0,64,1,45,1,8.15415821561
17285,10031,10106,0,64,4,45,1,4.52187208695
17286,10031,11428,0,64,2,45,2,13.123583303
17287,10031,10286,0,64,1,45,1,8.40562532137
17288,10031,10279,0,64,1,45,1,8.41327474119
17289,10031,10103,0,64,1,45,1,4.75573193274
17290,10031,10196,0,64,1,45,1,3.47160195907
17291,10031,10154,0,64,1,45,1,4.87080191875
17292,10031,10119,0,64,2,45,2,5.69230690634
17293,10031,10464,0,64,5,45,4,8.6379066265
17294,10031,10166,0,64,2,45,2,5.14672403289
17295,10031,10203,0,64,1,45,1,3.47160195907
17296,10031,11359,0,64,2,45,2,9.31259016265
17297,10031,10177,0,64,1,45,1,5.09460416809
17298,10031,11040,0,64,1,45,1,15.2755335979
17299,10031,11364,0,64,2,45,2,11.32183439
17300,10031,11692,0,64,2,45,2,17.9917029797
17301,10031,11423,0,64,1,45,1,12.2219571994
17302,10031,11415,0,64,2,45,2,10.3334468515
17303,10031,10175,0,64,2,45,1,5.22052140204
17304,11221,10012,2,120,445,61,357,4.47469384558
17305,11221,11222,2,120,110,61,71,2.62179316149
17306,11221,11231,0,120,65,61,44,4.09195882498
17307,11221,10019,1,120,637,61,440,6.00660845777
17308,11221,11102,0,120,35,61,30,5.52454976552
17309,11221,10003,0,120,493,61,400,4.36424918487
17310,11221,10020,0,120,143,61,116,5.44500607272
17311,11221,10018,0,120,339,61,256,5.63852436965
17312,11221,10001,0,120,670,61,468,5.5161339417
17313,11221,11365,0,120,21,61,9,7.78208026297
17314,11221,10007,1,120,1780,61,1042,4.54481132194
17315,11221,10022,1,120,228,61,164,5.14742921333
17316,11221,10013,0,120,745,61,406,4.61361041364
17317,11221,10472,0,120,23,61,8,10.0728192448
17318,11221,11226,1,120,195,61,123,3.52312486605
17319,11221,10027,1,120,141,61,83,8.51259553477
17320,11221,11210,0,120,34,61,20,4.48141284596
17321,11221,11693,0,120,6,61,6,8.58500076932
17322,11221,11432,0,120,49,61,36,7.16760946861
17323,11221,11103,0,120,35,61,26,5.01590938108
17324,11221,11237,2,120,64,61,53,0.902169564295
17325,11221,10010,0,120,218,61,181,4.40677378836
17326,11221,10014,1,120,397,61,286,5.11726729264
17327,11221,10009,0,120,135,61,91,3.69530605428
17328,11221,10036,1,120,826,61,656,5.78103951592
17329,11221,11216,2,120,60,61,49,1.37065918627
17330,11221,11418,0,120,15,61,11,4.8952475799
17331,11221,11109,0,120,5,61,5,4.01165582769
17332,11221,11371,0,120,71,61,65,6.19351956258
17333,11221,10460,0,120,42,61,22,10.6090925554
17334,11221,10048,0,120,86,61,65,4.73487936326
17335,11221,10128,0,120,51,61,40,6.38154398695
17336,11221,11375,0,120,44,61,27,4.68813409861
17337,11221,10023,1,120,210,61,134,6.5635564533
17338,11221,11211,4,120,352,61,256,2.05370039094
17339,11221,10011,0,120,437,61,352,5.17598848717
17340,11221,10025,0,120,143,61,65,7.71911061854
17341,11221,10032,0,120,65,61,28,10.3432849351
17342,11221,11232,0,120,125,61,24,4.77729613625
17343,11221,11377,0,120,46,61,33,3.75531532175
17344,11221,11361,0,120,19,61,11,9.41739564089
17345,11221,11206,1,120,90,61,63,1.15755490214
17346,11221,11430,0,120,187,61,143,7.41924545578
17347,11221,10021,0,120,62,61,45,5.61843354504
17348,11221,11201,2,120,234,61,176,3.30490194124
17349,11221,11238,1,120,109,61,64,2.0496471971
17350,11221,10016,0,120,162,61,110,4.64821866519
17351,11221,11218,0,120,26,61,19,4.14265475758
17352,11221,10301,0,120,45,61,32,9.73212407378
17353,11221,10452,0,120,54,61,34,10.1808792659
17354,11221,10314,0,120,51,61,30,12.9034572279
17355,11221,10461,0,120,50,61,20,11.4433573659
17356,11221,11101,0,120,193,61,96,3.79257957891
17357,11221,10029,0,120,50,61,38,6.99885014373
17358,11221,10467,0,120,33,61,22,12.8444886349
17359,11221,11208,0,120,43,61,13,3.10726685249
17360,11221,10024,0,120,101,61,71,7.08492714808
17361,11221,10005,0,120,65,61,41,4.43628645957
17362,11221,10030,0,120,39,61,26,8.80368307556
17363,11221,10002,3,120,258,61,186,3.64794173054
17364,11221,11385,0,120,56,61,31,1.94058985991
17365,11221,11220,0,120,38,61,23,5.81862825053
17366,11221,11215,0,120,123,61,95,3.51587207973
17367,11221,10038,0,120,174,61,85,4.25322154925
17368,11221,11217,0,120,92,61,71,2.77565113596
17369,11221,10462,0,120,104,61,58,11.0050231379
17370,11221,10040,0,120,80,61,27,11.5564875466
17371,11221,10457,0,120,28,61,16,10.8290859875
17372,11221,10017,0,120,277,61,161,4.84665141768
17373,11221,11433,0,120,18,61,12,7.31106322273
17374,11221,10308,0,120,8,61,8,15.2519272087
17375,11221,10468,0,120,52,61,30,12.219412315
17376,11221,10111,0,120,15,61,13,5.41221578819
17377,11221,10309,0,120,23,61,15,18.7458173608
17378,11221,10034,0,120,68,61,33,12.178033898
17379,11221,10028,1,120,89,61,53,6.07948746413
17380,11221,10035,0,120,65,61,32,7.67975720886
17381,11221,11228,0,120,10,61,8,6.7778850066
17382,11221,11105,0,120,25,61,19,5.83718660969
17383,11221,11355,1,120,26,61,18,6.90477709837
17384,11221,11209,1,120,49,61,28,7.16674851167
17385,11221,11213,0,120,35,61,20,1.46558448053
17386,11221,11369,0,120,12,61,8,5.74642979879
17387,11221,10031,0,120,64,61,45,9.38710200949
17388,11221,11221,61,120,120,61,61,0.0
17389,11221,11212,0,120,12,61,10,2.11872172623
17390,11221,11233,3,120,74,61,34,1.06795370124
17391,11221,11368,0,120,62,61,41,5.25401624605
17392,11221,11205,0,120,37,61,31,2.0544419713
17393,11221,10069,0,120,14,61,8,6.71726058226
17394,11221,11203,0,120,39,61,8,2.93117183001
17395,11221,10459,0,120,16,61,8,9.42149547337
17396,11221,11219,0,120,6,61,4,5.47278443714
17397,11221,11434,0,120,32,61,16,8.15051941546
17398,11221,11230,0,120,11,61,5,5.1125412421
17399,11221,11373,0,120,53,61,27,4.00165698942
17400,11221,11362,0,120,8,61,5,11.185685715
17401,11221,10305,0,120,11,61,8,10.0764128754
17402,11221,11104,0,120,8,61,6,3.6448419737
17403,11221,10004,1,120,168,61,99,6.0548996303
17404,11221,10275,0,120,13,61,7,6.72806582526
17405,11221,10118,0,120,4,61,3,5.08345369848
17406,11221,10026,0,120,57,61,43,7.84428561406
17407,11221,11235,0,120,19,61,14,7.51788336703
17408,11221,10469,0,120,44,61,12,12.9244024173
17409,11221,10281,0,120,31,61,24,4.92448603859
17410,11221,11223,0,120,10,61,7,6.86193270181
17411,11221,11379,0,120,33,61,13,3.00825628443
17412,11221,10465,0,120,37,61,16,10.8970049965
17413,11221,10455,0,120,20,61,11,8.63446375247
17414,11221,10466,0,120,16,61,11,14.3956412586
17415,11221,11239,0,120,4,61,2,3.99403307039
17416,11221,11207,1,120,86,61,31,2.19598603507
17417,11221,11367,0,120,35,61,17,6.08301525256
17418,11221,11106,0,120,21,61,19,4.89118562202
17419,11221,10471,0,120,19,61,15,14.5118186917
17420,11221,11234,0,120,50,61,15,5.02081151665
17421,11221,10167,0,120,11,61,4,5.07744915424
17422,11221,10453,0,120,21,61,16,11.1884369825
17423,11221,10451,0,120,20,61,12,8.86908174428
17424,11221,10033,0,120,86,61,31,10.8793697841
17425,11221,11354,0,120,38,61,25,7.50818592157
17426,11221,10463,0,120,36,61,16,13.1377527394
17427,11221,10169,0,120,4,61,4,5.08332087866
17428,11221,10456,0,120,21,61,12,9.59848383343
17429,11221,11420,0,120,8,61,7,6.01126587434
17430,11221,10153,0,120,6,61,5,5.56255471439
17431,11221,10307,0,120,6,61,3,20.9336846767
17432,11221,10306,0,120,17,61,8,13.1151276548
17433,11221,10165,0,120,2,61,2,5.03902716065
17434,11221,10303,0,120,11,61,7,13.1143771976
17435,11221,11224,0,120,22,61,13,8.62435952187
17436,11221,10304,0,120,8,61,5,10.3421392251
17437,11221,10458,0,120,34,61,31,12.0943836322
17438,11221,11414,0,120,13,61,7,4.92810575303
17439,11221,11204,0,120,9,61,8,5.8555108766
17440,11221,11372,0,120,16,61,11,4.62557167824
17441,11221,11357,0,120,9,61,6,8.89840945873
17442,11221,10044,0,120,9,61,8,5.03923049127
17443,11221,11229,0,120,27,61,14,6.39416999016
17444,11221,11236,0,120,15,61,9,3.6974196867
17445,11221,10302,0,120,5,61,5,11.8267207613
17446,11221,11422,0,120,11,61,8,10.239285558
17447,11221,10312,0,120,4,61,2,16.6470021319
17448,11221,10310,0,120,27,61,6,10.7429558935
17449,11221,11429,0,120,8,61,6,9.91291063282
17450,11221,10152,0,120,2,61,2,5.23552290907
17451,11221,11214,0,120,10,61,6,7.34470710625
17452,11221,11435,0,120,41,61,23,6.14926556076
17453,11221,10039,1,120,8,61,7,9.32872536423
17454,11221,10121,0,120,1,61,1,5.29846454613
17455,11221,11413,0,120,14,61,7,9.30532612672
17456,11221,10473,0,120,14,61,9,9.46878841397
17457,11221,10454,0,120,19,61,10,7.93464059487
17458,11221,11416,0,120,5,61,5,4.03293621392
17459,11221,10280,0,120,5,61,3,4.93045863644
17460,11221,11694,0,120,5,61,4,8.94440868295
17461,11221,11358,0,120,6,61,4,8.34324054022
17462,11221,11421,0,120,4,61,4,3.57634703412
17463,11221,11412,0,120,4,61,4,8.77469260615
17464,11221,10174,0,120,2,61,2,4.89321449161
17465,11221,11417,0,120,3,61,3,4.42162033051
17466,11221,11427,0,120,5,61,4,9.7167058335
17467,11221,11411,0,120,4,61,2,10.0134300515
17468,11221,11374,0,120,10,61,9,4.15080506459
17469,11221,10096,0,120,2,61,2,6.72806582526
17470,11221,10006,0,120,19,61,18,4.7139956527
17471,11221,10037,0,120,15,61,10,8.44439297553
17472,11221,11370,0,120,8,61,4,5.29853211474
17473,11221,10475,0,120,15,61,11,13.9662120914
17474,11221,11225,0,120,17,61,13,2.47000598428
17475,11221,10282,0,120,10,61,9,4.95378054996
17476,11221,11426,0,120,12,61,5,11.1441826788
17477,11221,11378,0,120,18,61,7,2.58559022002
17478,11221,10107,0,120,1,61,1,5.97277596234
17479,11221,11251,0,120,4,61,3,3.33097579837
17480,11221,11436,0,120,6,61,3,6.90394982944
17481,11221,11360,0,120,10,61,5,9.83997892624
17482,11221,11356,0,120,2,61,2,7.81795925613
17483,11221,10474,0,120,8,61,7,8.65967927738
17484,11221,11697,0,120,1,61,1,9.09024702845
17485,11221,10172,0,120,2,61,2,5.10268283933
17486,11221,11691,0,120,4,61,3,10.7899077981
17487,11221,10470,0,120,6,61,4,14.853411033
17488,11221,11366,0,120,7,61,5,7.30541697761
17489,11221,10041,0,120,2,61,2,4.47164240129
17490,11221,10278,0,120,1,61,1,4.41043382498
17491,11221,10106,0,120,4,61,1,5.84250335331
17492,11221,11428,0,120,2,61,2,9.92014325506
17493,11221,10286,0,120,1,61,1,4.76329563224
17494,11221,10279,0,120,1,61,1,4.5718611033
17495,11221,10103,0,120,1,61,1,5.51557541763
17496,11221,10196,0,120,1,61,1,6.72806582526
17497,11221,10154,0,120,1,61,1,5.20800896953
17498,11221,10119,0,120,2,61,2,5.39471907487
17499,11221,10464,0,120,5,61,4,13.5191363052
17500,11221,10166,0,120,2,61,2,5.09569682157
17501,11221,10203,0,120,1,61,1,6.72806582526
17502,11221,11359,0,120,2,61,2,10.5260718903
17503,11221,10177,0,120,1,61,1,5.13644298258
17504,11221,11040,0,120,1,61,1,13.4704109014
17505,11221,11364,0,120,2,61,2,9.53962859506
17506,11221,11692,0,120,2,61,2,9.65339090221
17507,11221,11423,0,120,1,61,1,8.4545820714
17508,11221,11415,0,120,2,61,2,5.18905723078
17509,11221,10175,0,120,2,61,1,5.17713772255
17510,11212,10012,0,12,445,10,357,6.27048725889
17511,11212,11222,0,12,110,10,71,4.73808537065
17512,11212,11231,0,12,65,10,44,4.82760690616
17513,11212,10019,0,12,637,10,440,8.08982168423
17514,11212,11102,0,12,35,10,30,7.55131341034
17515,11212,10003,0,12,493,10,400,6.28513078914
17516,11212,10020,0,12,143,10,116,7.52847245186
17517,11212,10018,0,12,339,10,256,7.66723016205
17518,11212,10001,1,12,670,10,468,7.51296360602
17519,11212,11365,0,12,21,10,9,8.28140355094
17520,11212,10007,1,12,1780,10,1042,6.12335503444
17521,11212,10022,1,12,228,10,164,7.25865321624
17522,11212,10013,0,12,745,10,406,6.29435102283
17523,11212,10472,0,12,23,10,8,11.8435081935
17524,11212,11226,0,12,195,10,123,2.50904074191
17525,11212,10027,0,12,141,10,83,10.6113670582
17526,11212,11210,0,12,34,10,20,2.90772221495
17527,11212,11693,0,12,6,10,6,6.66488039241
17528,11212,11432,0,12,49,10,36,7.25294299649
17529,11212,11103,0,12,35,10,26,6.95495302813
17530,11212,11237,0,12,64,10,53,2.86179323617
17531,11212,10010,1,12,218,10,181,6.41471236694
17532,11212,10014,0,12,397,10,286,6.95767260003
17533,11212,10009,0,12,135,10,91,5.64261834487
17534,11212,10036,0,12,826,10,656,7.83601689162
17535,11212,11216,0,12,60,10,49,2.22528728686
17536,11212,11418,0,12,15,10,11,4.87540737358
17537,11212,11109,0,12,5,10,5,2.35473470434
17538,11212,11371,0,12,71,10,65,7.84267796783
17539,11212,10460,0,12,42,10,22,12.4552341478
17540,11212,10048,0,12,86,10,65,6.23603383949
17541,11212,10128,0,12,51,10,40,8.48643844942
17542,11212,11375,0,12,44,10,27,5.36296732391
17543,11212,10023,0,12,210,10,134,8.66710607305
17544,11212,11211,0,12,352,10,256,4.06086730567
17545,11212,10011,1,12,437,10,352,7.09770242462
17546,11212,10025,0,12,143,10,65,9.83628604914
17547,11212,10032,0,12,65,10,28,12.4055929882
17548,11212,11232,0,12,125,10,24,4.80212150746
17549,11212,11377,0,12,46,10,33,5.58930926464
17550,11212,11361,0,12,19,10,11,10.1043364586
17551,11212,11206,0,12,90,10,63,3.17735086456
17552,11212,11430,0,12,187,10,143,6.23263247992
17553,11212,10021,0,12,62,10,45,7.73711993609
17554,11212,11201,1,12,234,10,176,4.58983285726
17555,11212,11238,0,12,109,10,64,2.87068292708
17556,11212,10016,1,12,162,10,110,6.70756593455
17557,11212,11218,0,12,26,10,19,3.51114294025
17558,11212,10301,0,12,45,10,32,9.74365392869
17559,11212,10452,0,12,54,10,34,12.1919767424
17560,11212,10314,0,12,51,10,30,12.7825167438
17561,11212,10461,0,12,50,10,20,13.0782787205
17562,11212,11101,0,12,193,10,96,5.89519753847
17563,11212,10029,0,12,50,10,38,9.08980871709
17564,11212,10467,0,12,33,10,22,14.6776193469
17565,11212,11208,0,12,43,10,13,2.26225002199
17566,11212,10024,0,12,101,10,71,9.20124732179
17567,11212,10005,0,12,65,10,41,5.84851059755
17568,11212,10030,0,12,39,10,26,10.8779690163
17569,11212,10002,0,12,258,10,186,5.41447988559
17570,11212,11385,0,12,56,10,31,3.01791536874
17571,11212,11220,0,12,38,10,23,5.5718082535
17572,11212,11215,0,12,123,10,95,3.81758674846
17573,11212,10038,0,12,174,10,85,5.76789457438
17574,11212,11217,1,12,92,10,71,3.65870749918
17575,11212,10462,0,12,104,10,58,12.7461602753
17576,11212,10040,0,12,80,10,27,13.5835383203
17577,11212,10457,0,12,28,10,16,12.7579778558
17578,11212,10017,1,12,277,10,161,6.93880330521
17579,11212,11433,0,12,18,10,12,7.02753837377
17580,11212,10308,0,12,8,10,8,14.6543040388
17581,11212,10468,0,12,52,10,30,14.1591853751
17582,11212,10111,0,12,15,10,13,7.50325938963
17583,11212,10309,0,12,23,10,15,18.2235141047
17584,11212,10034,0,12,68,10,33,14.1818522264
17585,11212,10028,0,12,89,10,53,8.19198496414
17586,11212,10035,0,12,65,10,32,9.73298534606
17587,11212,11228,0,12,10,10,8,6.01946719817
17588,11212,11105,0,12,25,10,19,7.7670688158
17589,11212,11355,0,12,26,10,18,7.78209290845
17590,11212,11209,0,12,49,10,28,6.67286704189
17591,11212,11213,1,12,35,10,20,1.27194647562
17592,11212,11369,0,12,12,10,8,7.29997011994
17593,11212,10031,0,12,64,10,45,11.4695335693
17594,11212,11221,0,12,120,10,61,2.11872172623
17595,11212,11212,10,12,12,10,10,0.0
17596,11212,11233,0,12,74,10,34,1.05498108662
17597,11212,11368,0,12,62,10,41,6.53013916723
17598,11212,11205,0,12,37,10,31,3.5139105559
17599,11212,10069,0,12,14,10,8,8.80574776505
17600,11212,11203,0,12,39,10,8,1.37816266979
17601,11212,10459,0,12,16,10,8,11.3129038648
17602,11212,11219,0,12,6,10,4,4.82133069906
17603,11212,11434,0,12,32,10,16,7.43788001278
17604,11212,11230,0,12,11,10,5,3.80760533229
17605,11212,11373,0,12,53,10,27,5.42372739289
17606,11212,11362,0,12,8,10,5,11.6035774767
17607,11212,10305,0,12,11,10,8,9.55528333209
17608,11212,11104,0,12,8,10,6,5.64035429194
17609,11212,10004,0,12,168,10,99,7.18825520869
17610,11212,10275,0,12,13,10,7,8.84205266409
17611,11212,10118,0,12,4,10,3,7.11675461917
17612,11212,10026,0,12,57,10,43,9.94666346047
17613,11212,11235,0,12,19,10,14,5.74644675687
17614,11212,10469,0,12,44,10,12,14.6596960177
17615,11212,10281,0,12,31,10,24,6.45145114355
17616,11212,11223,0,12,10,10,7,5.39954817895
17617,11212,11379,0,12,33,10,13,4.12249341092
17618,11212,10465,0,12,37,10,16,12.3529087349
17619,11212,10455,0,12,20,10,11,10.586822467
17620,11212,10466,0,12,16,10,11,16.1631842034
17621,11212,11239,0,12,4,10,2,2.11686187036
17622,11212,11207,0,12,86,10,31,1.16608823845
17623,11212,11367,0,12,35,10,17,6.65330945939
17624,11212,11106,0,12,21,10,19,6.95377445427
17625,11212,10471,0,12,19,10,15,16.4741037114
17626,11212,11234,1,12,50,10,15,3.04212761862
17627,11212,10167,0,12,11,10,4,7.16768555219
17628,11212,10453,0,12,21,10,16,13.1676622136
17629,11212,10451,0,12,20,10,12,10.8808331413
17630,11212,10033,0,12,86,10,31,12.9242153783
17631,11212,11354,0,12,38,10,25,8.64737920592
17632,11212,10463,0,12,36,10,16,15.1074561792
17633,11212,10169,0,12,4,10,4,7.16974932313
17634,11212,10456,0,12,21,10,12,11.5595630224
17635,11212,11420,0,12,8,10,7,5.24830851673
17636,11212,10153,0,12,6,10,5,7.66997569049
17637,11212,10307,0,12,6,10,3,20.3772831647
17638,11212,10306,0,12,17,10,8,12.5181548875
17639,11212,10165,0,12,2,10,2,7.11190229683
17640,11212,10303,0,12,11,10,7,13.2862319406
17641,11212,11224,0,12,22,10,13,7.20402595825
17642,11212,10304,0,12,8,10,5,10.0128405712
17643,11212,10458,0,12,34,10,31,13.9958594153
17644,11212,11414,0,12,13,10,7,3.69229687898
17645,11212,11204,0,12,9,10,8,4.79678424464
17646,11212,11372,0,12,16,10,11,6.25657754489
17647,11212,11357,0,12,9,10,6,10.0506259672
17648,11212,10044,0,12,9,10,8,7.15178399218
17649,11212,11229,0,12,27,10,14,4.5835942105
17650,11212,11236,1,12,15,10,9,1.57870212396
17651,11212,10302,0,12,5,10,5,11.9596624717
17652,11212,11422,0,12,11,10,8,9.36040364667
17653,11212,10312,0,12,4,10,2,16.0879072139
17654,11212,10310,0,12,27,10,6,10.8292394206
17655,11212,11429,0,12,8,10,6,9.70215856407
17656,11212,10152,0,12,2,10,2,7.33797757287
17657,11212,11214,0,12,10,10,6,6.16246752343
17658,11212,11435,0,12,41,10,23,6.02867201335
17659,11212,10039,0,12,8,10,7,11.3845827194
17660,11212,10121,0,12,1,10,1,7.31096100906
17661,11212,11413,0,12,14,10,7,8.52264201566
17662,11212,10473,0,12,14,10,9,11.1574820267
17663,11212,10454,0,12,19,10,10,9.92222309804
17664,11212,11416,0,12,5,10,5,3.61521053131
17665,11212,10280,0,12,5,10,3,6.31681089921
17666,11212,11694,0,12,5,10,4,6.85834679073
17667,11212,11358,0,12,6,10,4,9.15860496986
17668,11212,11421,0,12,4,10,4,3.50206980716
17669,11212,11412,0,12,4,10,4,8.43250849353
17670,11212,10174,0,12,2,10,2,6.97620809095
17671,11212,11417,0,12,3,10,3,3.71590323031
17672,11212,11427,0,12,5,10,4,9.81228935293
17673,11212,11411,0,12,4,10,2,9.57421743986
17674,11212,11374,0,12,10,10,9,5.13014309308
17675,11212,10096,0,12,2,10,2,8.84205266409
17676,11212,10006,0,12,19,10,18,6.13334541064
17677,11212,10037,0,12,15,10,10,10.5016583207
17678,11212,11370,0,12,8,10,4,7.05897239644
17679,11212,10475,0,12,15,10,11,15.623014459
17680,11212,11225,0,12,17,10,13,2.19743498865
17681,11212,10282,0,12,10,10,9,6.52427904406
17682,11212,11426,0,12,12,10,5,11.1914715333
17683,11212,11378,0,12,18,10,7,4.30749295684
17684,11212,10107,0,12,1,10,1,8.06411471949
17685,11212,11251,0,12,4,10,3,2.04334082414
17686,11212,11436,0,12,6,10,3,6.17161689566
17687,11212,11360,0,12,10,10,5,10.7441949109
17688,11212,11356,0,12,2,10,2,9.25795080213
17689,11212,10474,0,12,8,10,7,10.5078377278
17690,11212,11697,0,12,1,10,1,7.04351109769
17691,11212,10172,0,12,2,10,2,7.19532121552
17692,11212,11691,0,12,4,10,3,9.14628421294
17693,11212,10470,0,12,6,10,4,16.682323953
17694,11212,11366,0,12,7,10,5,7.61880057611
17695,11212,10041,0,12,2,10,2,5.81432380957
17696,11212,10278,0,12,1,10,1,6.02688706227
17697,11212,10106,0,12,4,10,1,7.93707984839
17698,11212,11428,0,12,2,10,2,9.87529278938
17699,11212,10286,0,12,1,10,1,6.30268781849
17700,11212,10279,0,12,1,10,1,6.11332889353
17701,11212,10103,0,12,1,10,1,7.60921477949
17702,11212,10196,0,12,1,10,1,8.84205266409
17703,11212,10154,0,12,1,10,1,7.30873185409
17704,11212,10119,0,12,2,10,2,7.40804949648
17705,11212,10464,0,12,5,10,4,14.940852283
17706,11212,10166,0,12,2,10,2,7.18188991342
17707,11212,10203,0,12,1,10,1,8.84205266409
17708,11212,11359,0,12,2,10,2,11.515205509
17709,11212,10177,0,12,1,10,1,7.22455861255
17710,11212,11040,0,12,1,10,1,13.5070519556
17711,11212,11364,0,12,2,10,2,9.94265051398
17712,11212,11692,0,12,2,10,2,7.81390990297
17713,11212,11423,0,12,1,10,1,8.42294143712
17714,11212,11415,0,12,2,10,2,5.36461414476
17715,11212,10175,0,12,2,10,1,7.25212708105
17716,11233,10012,1,74,445,34,357,5.383868488
17717,11233,11222,1,74,110,34,71,3.68974567267
17718,11233,11231,0,74,65,34,44,4.41253118805
17719,11233,10019,0,74,637,34,440,7.06430789301
17720,11233,11102,0,74,35,34,30,6.51795434418
17721,11233,10003,0,74,493,34,400,5.33986092444
17722,11233,10020,0,74,143,34,116,6.50258311653
17723,11233,10018,2,74,339,34,256,6.67142835162
17724,11233,10001,0,74,670,34,468,6.53341361256
17725,11233,11365,0,74,21,34,9,7.90213725574
17726,11233,10007,2,74,1780,34,1042,5.33623965195
17727,11233,10022,0,74,228,34,164,6.21476627214
17728,11233,10013,0,74,745,34,406,5.46132568968
17729,11233,10472,0,74,23,34,8,10.9117302195
17730,11233,11226,0,74,195,34,123,2.92383199182
17731,11233,10027,0,74,141,34,83,9.55846015081
17732,11233,11210,0,74,34,34,20,3.66501686249
17733,11233,11693,0,74,6,34,6,7.5780730697
17734,11233,11432,0,74,49,34,36,7.06564401147
17735,11233,11103,0,74,35,34,26,5.94991269547
17736,11233,11237,0,74,64,34,53,1.82420389953
17737,11233,10010,0,74,218,34,181,5.42764846574
17738,11233,10014,1,74,397,34,286,6.05325587472
17739,11233,10009,0,74,135,34,91,4.68238953701
17740,11233,10036,1,74,826,34,656,6.82632893532
17741,11233,11216,0,74,60,34,49,1.57629179442
17742,11233,11418,0,74,15,34,11,4.70220174631
17743,11233,11109,0,74,5,34,5,3.06902328215
17744,11233,11371,0,74,71,34,65,6.95015698202
17745,11233,10460,0,74,42,34,22,11.4935860528
17746,11233,10048,0,74,86,34,65,5.48581022141
17747,11233,10128,0,74,51,34,40,7.43222323731
17748,11233,11375,0,74,44,34,27,4.86318561883
17749,11233,10023,0,74,210,34,134,7.62892330051
17750,11233,11211,1,74,352,34,256,3.06542552216
17751,11233,10011,0,74,437,34,352,6.15459171022
17752,11233,10025,0,74,143,34,65,8.7818209621
17753,11233,10032,0,74,65,34,28,11.3631111912
17754,11233,11232,0,74,125,34,24,4.73802024744
17755,11233,11377,0,74,46,34,33,4.61536873101
17756,11233,11361,0,74,19,34,11,9.64825622128
17757,11233,11206,0,74,90,34,63,2.16868748717
17758,11233,11430,0,74,187,34,143,6.71053248513
17759,11233,10021,0,74,62,34,45,6.68422645119
17760,11233,11201,0,74,234,34,176,3.91305776389
17761,11233,11238,0,74,109,34,64,2.32146904548
17762,11233,10016,0,74,162,34,110,5.69455720592
17763,11233,11218,0,74,26,34,19,3.75253642402
17764,11233,10301,0,74,45,34,32,9.74697199456
17765,11233,10452,0,74,54,34,34,11.1668777425
17766,11233,10314,0,74,51,34,30,12.8657253727
17767,11233,10461,0,74,50,34,20,12.2050225155
17768,11233,11101,0,74,193,34,96,4.84102273014
17769,11233,10029,0,74,50,34,38,8.0385146701
17770,11233,10467,0,74,33,34,22,13.7231222586
17771,11233,11208,0,74,43,34,13,2.43974978723
17772,11233,10024,0,74,101,34,71,8.15284844499
17773,11233,10005,0,74,65,34,41,5.13528318689
17774,11233,10030,0,74,39,34,26,9.83150905602
17775,11233,10002,0,74,258,34,186,4.53525756415
17776,11233,11385,0,74,56,34,31,2.25332815119
17777,11233,11220,0,74,38,34,23,5.66280188285
17778,11233,11215,0,74,123,34,95,3.58066877208
17779,11233,10038,0,74,174,34,85,5.0065787485
17780,11233,11217,0,74,92,34,71,3.13273243622
17781,11233,10462,1,74,104,34,58,11.8277530976
17782,11233,10040,0,74,80,34,27,12.5532411064
17783,11233,10457,0,74,28,34,16,11.7639181667
17784,11233,10017,0,74,277,34,161,5.90751593749
17785,11233,11433,0,74,18,34,12,7.0249153912
17786,11233,10308,0,74,8,34,8,14.9808314492
17787,11233,10468,0,74,52,34,30,13.1617105886
17788,11233,10111,0,74,15,34,13,6.47285050869
17789,11233,10309,0,74,23,34,15,18.5193114922
17790,11233,10034,0,74,68,34,33,13.1601114784
17791,11233,10028,0,74,89,34,53,7.13700806544
17792,11233,10035,0,74,65,34,32,8.69262720785
17793,11233,11228,0,74,10,34,8,6.38177142777
17794,11233,11105,0,74,25,34,19,6.76699162201
17795,11233,11355,0,74,26,34,18,7.22191486911
17796,11233,11209,0,74,49,34,28,6.90615338447
17797,11233,11213,0,74,35,34,20,0.937503348473
17798,11233,11369,0,74,12,34,8,6.44320451596
17799,11233,10031,0,74,64,34,45,10.4208376504
17800,11233,11221,3,74,120,34,61,1.06795370124
17801,11233,11212,0,74,12,34,10,1.05498108662
17802,11233,11233,34,74,74,34,34,0.0
17803,11233,11368,0,74,62,34,41,5.78217940239
17804,11233,11205,0,74,37,34,31,2.72779179809
17805,11233,10069,0,74,14,34,8,7.77728251439
17806,11233,11203,1,74,39,34,8,2.06830796774
17807,11233,10459,0,74,16,34,8,10.3322074488
17808,11233,11219,0,74,6,34,4,5.10888346498
17809,11233,11434,0,74,32,34,16,7.66502468008
17810,11233,11230,0,74,11,34,5,4.4295362105
17811,11233,11373,0,74,53,34,27,4.60254017263
17812,11233,11362,0,74,8,34,5,11.2829938996
17813,11233,10305,0,74,11,34,8,9.8251753588
17814,11233,11104,0,74,8,34,6,4.61359806862
17815,11233,10004,0,74,168,34,99,6.62064593781
17816,11233,10275,0,74,13,34,7,7.79592863885
17817,11233,10118,0,74,4,34,3,6.11791919101
17818,11233,10026,0,74,57,34,43,8.89298026448
17819,11233,11235,0,74,19,34,14,6.63780256782
17820,11233,10469,0,74,44,34,12,13.7458296811
17821,11233,10281,0,74,31,34,24,5.69116253187
17822,11233,11223,0,74,10,34,7,6.12633509397
17823,11233,11379,0,74,33,34,13,3.39732894545
17824,11233,10465,0,74,37,34,16,11.555576495
17825,11233,10455,0,74,20,34,11,9.58221184942
17826,11233,10466,0,74,16,34,11,15.2369929591
17827,11233,11239,0,74,4,34,2,2.98096134286
17828,11233,11207,1,74,86,34,31,1.34544456176
17829,11233,11367,0,74,35,34,17,6.22341610275
17830,11233,11106,0,74,21,34,19,5.90918217692
17831,11233,10471,0,74,19,34,15,15.4688091739
17832,11233,11234,0,74,50,34,15,4.03122479979
17833,11233,10167,0,74,11,34,4,6.13763964575
17834,11233,10453,0,74,21,34,16,12.1546546901
17835,11233,10451,0,74,20,34,12,9.85489517776
17836,11233,10033,0,74,86,34,31,11.8875890907
17837,11233,11354,0,74,38,34,25,7.97565969463
17838,11233,10463,0,74,36,34,16,14.0988394525
17839,11233,10169,0,74,4,34,4,6.14196328664
17840,11233,10456,0,74,21,34,12,10.5524472154
17841,11233,11420,0,74,8,34,7,5.47780950254
17842,11233,10153,0,74,6,34,5,6.6289612662
17843,11233,10307,0,74,6,34,3,20.6929681918
17844,11233,10306,0,74,17,34,8,12.8385736263
17845,11233,10165,0,74,2,34,2,6.09183593279
17846,11233,10303,0,74,11,34,7,13.2251543442
17847,11233,11224,0,74,22,34,13,7.92023018648
17848,11233,10304,0,74,8,34,5,10.1885614443
17849,11233,10458,0,74,34,34,31,13.0133352819
17850,11233,11414,0,74,13,34,7,4.16600178765
17851,11233,11204,0,74,9,34,8,5.30095674545
17852,11233,11372,0,74,16,34,11,5.36205937337
17853,11233,11357,0,74,9,34,6,9.38037428429
17854,11233,10044,0,74,9,34,8,6.09680316338
17855,11233,11229,0,74,27,34,14,5.49022513287
17856,11233,11236,0,74,15,34,9,2.63253116452
17857,11233,10302,0,74,5,34,5,11.9132197971
17858,11233,11422,0,74,11,34,8,9.6888843705
17859,11233,10312,0,74,4,34,2,16.398287454
17860,11233,10310,0,74,27,34,6,10.8010850506
17861,11233,11429,0,74,8,34,6,9.68356918033
17862,11233,10152,0,74,2,34,2,6.3003266304
17863,11233,11214,0,74,10,34,6,6.7478556351
17864,11233,11435,0,74,41,34,23,5.92930782275
17865,11233,10039,0,74,8,34,7,10.3439268305
17866,11233,10121,0,74,1,34,1,6.32311730918
17867,11233,11413,0,74,14,34,7,8.79501328687
17868,11233,10473,0,74,14,34,9,10.2583912047
17869,11233,10454,0,74,19,34,10,8.90422320297
17870,11233,11416,0,74,5,34,5,3.61359657965
17871,11233,10280,0,74,5,34,3,5.62086819416
17872,11233,11694,0,74,5,34,4,7.88148154408
17873,11233,11358,0,74,6,34,4,8.63707856097
17874,11233,11421,0,74,4,34,4,3.31011828605
17875,11233,11412,0,74,4,34,4,8.47284169442
17876,11233,10174,0,74,2,34,2,5.95032496862
17877,11233,11417,0,74,3,34,3,3.87928141639
17878,11233,11427,0,74,5,34,4,9.64050938524
17879,11233,11411,0,74,4,34,2,9.67211592036
17880,11233,11374,0,74,10,34,9,4.48869307172
17881,11233,10096,0,74,2,34,2,7.79592863885
17882,11233,10006,0,74,19,34,18,5.42007877409
17883,11233,10037,0,74,15,34,10,9.46029808597
17884,11233,11370,0,74,8,34,4,6.1194757727
17885,11233,10475,0,74,15,34,11,14.7434708924
17886,11233,11225,0,74,17,34,13,2.14915084494
17887,11233,10282,0,74,10,34,9,5.74427937097
17888,11233,11426,0,74,12,34,5,11.050820898
17889,11233,11378,0,74,18,34,7,3.35903318624
17890,11233,10107,0,74,1,34,1,7.03370051571
17891,11233,11251,0,74,4,34,3,2.5997149344
17892,11233,11436,0,74,6,34,3,6.39690007236
17893,11233,11360,0,74,10,34,5,10.1898571507
17894,11233,11356,0,74,2,34,2,8.45825180842
17895,11233,10474,0,74,8,34,7,9.5430958556
17896,11233,11697,0,74,1,34,1,8.07335627709
17897,11233,10172,0,74,2,34,2,6.16383624588
17898,11233,11691,0,74,4,34,3,9.89868557195
17899,11233,10470,0,74,6,34,4,15.7308413499
17900,11233,11366,0,74,7,34,5,7.32309221867
17901,11233,10041,0,74,2,34,2,5.13283765136
17902,11233,10278,0,74,1,34,1,5.22142370889
17903,11233,10106,0,74,4,34,1,6.90462464264
17904,11233,11428,0,74,2,34,2,9.77392757559
17905,11233,10286,0,74,1,34,1,5.53531829977
17906,11233,10279,0,74,1,34,1,5.34325606356
17907,11233,10103,0,74,1,34,1,6.57725132661
17908,11233,10196,0,74,1,34,1,7.79592863885
17909,11233,10154,0,74,1,34,1,6.27221076564
17910,11233,10119,0,74,2,34,2,6.41991294537
17911,11233,10464,0,74,5,34,4,14.1632614705
17912,11233,10166,0,74,2,34,2,6.15424763893
17913,11233,10203,0,74,1,34,1,7.79592863885
17914,11233,11359,0,74,2,34,2,10.9248083785
17915,11233,10177,0,74,1,34,1,6.19580017693
17916,11233,11040,0,74,1,34,1,13.3803665669
17917,11233,11364,0,74,2,34,2,9.62111969724
17918,11233,11692,0,74,2,34,2,8.6793566695
17919,11233,11423,0,74,1,34,1,8.30509203353
17920,11233,11415,0,74,2,34,2,5.10411510542
17921,11233,10175,0,74,2,34,1,6.2309622093
17922,11368,10012,2,62,445,41,357,7.48956133355
17923,11368,11222,2,62,110,41,71,4.79718509511
17924,11368,11231,2,62,65,41,44,8.9166790777
17925,11368,10019,4,62,637,41,440,6.79774919361
17926,11368,11102,2,62,35,41,30,3.85529086565
17927,11368,10003,1,62,493,41,400,6.94726164124
17928,11368,10020,0,62,143,41,116,6.4440433092
17929,11368,10018,3,62,339,41,256,7.10509636335
17930,11368,10001,4,62,670,41,468,7.25404532355
17931,11368,11365,2,62,21,41,9,3.52387350115
17932,11368,10007,4,62,1780,41,1042,8.12495812257
17933,11368,10022,3,62,228,41,164,5.77525840171
17934,11368,10013,0,62,745,41,406,7.92249545981
17935,11368,10472,2,62,23,41,8,5.77238112914
17936,11368,11226,2,62,195,41,123,8.68463824857
17937,11368,10027,2,62,141,41,83,6.79290905634
17938,11368,11210,2,62,34,41,20,9.41037522294
17939,11368,11693,0,62,6,41,6,10.5570169262
17940,11368,11432,0,62,49,41,36,4.10666840323
17941,11368,11103,3,62,35,41,26,2.96572748966
17942,11368,11237,2,62,64,41,53,4.42198679956
17943,11368,10010,3,62,218,41,181,6.5143339069
17944,11368,10014,2,62,397,41,286,7.75913334616
17945,11368,10009,1,62,135,41,91,6.46130546905
17946,11368,10036,2,62,826,41,656,6.96931229611
17947,11368,11216,2,62,60,41,49,6.59149706615
17948,11368,11418,0,62,15,41,11,3.59739888542
17949,11368,11109,0,62,5,41,5,6.63744865696
17950,11368,11371,2,62,71,41,65,1.93299562488
17951,11368,10460,2,62,42,41,22,6.57732779006
17952,11368,10048,0,62,86,41,65,8.43171964628
17953,11368,10128,3,62,51,41,40,5.39119341224
17954,11368,11375,3,62,44,41,27,1.94838931393
17955,11368,10023,2,62,210,41,134,6.830142764
17956,11368,11211,2,62,352,41,256,5.58335998455
17957,11368,10011,3,62,437,41,352,7.45051574837
17958,11368,10025,0,62,143,41,65,6.76105547045
17959,11368,10032,2,62,65,41,28,7.79203157583
17960,11368,11232,2,62,125,41,24,9.9319498701
17961,11368,11377,4,62,46,41,33,2.39994882339
17962,11368,11361,3,62,19,41,11,4.56843543383
17963,11368,11206,0,62,90,41,63,5.4051494363
17964,11368,11430,2,62,187,41,143,7.4339852575
17965,11368,10021,2,62,62,41,45,5.5538942248
17966,11368,11201,4,62,234,41,176,7.73692286971
17967,11368,11238,0,62,109,41,64,7.16063811412
17968,11368,10016,3,62,162,41,110,6.2563300155
17969,11368,11218,2,62,26,41,19,9.3915918666
17970,11368,10301,2,62,45,41,32,14.7276516407
17971,11368,10452,2,62,54,41,34,7.15793150067
17972,11368,10314,2,62,51,41,30,17.9241149552
17973,11368,10461,2,62,50,41,20,6.69551310267
17974,11368,11101,3,62,193,41,96,4.23629622982
17975,11368,10029,2,62,50,41,38,5.51624226532
17976,11368,10467,2,62,33,41,22,8.65559817629
17977,11368,11208,0,62,43,41,13,5.18960701797
17978,11368,10024,0,62,101,41,71,6.79215791787
17979,11368,10005,2,62,65,41,41,8.37891314332
17980,11368,10030,1,62,39,41,26,6.63099052849
17981,11368,10002,0,62,258,41,186,7.06287237556
17982,11368,11385,1,62,56,41,31,3.53664316801
17983,11368,11220,2,62,38,41,23,11.0212442458
17984,11368,11215,2,62,123,41,95,8.64830182089
17985,11368,10038,2,62,174,41,85,8.0511726563
17986,11368,11217,1,62,92,41,71,7.71099806643
17987,11368,10462,2,62,104,41,58,6.55994251456
17988,11368,10040,2,62,80,41,27,8.5340228824
17989,11368,10457,2,62,28,41,16,7.19179349749
17990,11368,10017,3,62,277,41,161,5.98880616457
17991,11368,11433,2,62,18,41,12,5.10728277073
17992,11368,10308,0,62,8,41,8,20.4674949653
17993,11368,10468,2,62,52,41,30,8.55207220418
17994,11368,10111,0,62,15,41,13,6.31945375812
17995,11368,10309,2,62,23,41,15,23.9263642226
17996,11368,10034,1,62,68,41,33,8.92354844014
17997,11368,10028,2,62,89,41,53,5.42342233433
17998,11368,10035,2,62,65,41,32,5.48818800739
17999,11368,11228,1,62,10,41,8,12.0310965715
18000,11368,11105,0,62,25,41,19,3.23163846682
18001,11368,11355,2,62,26,41,18,2.05150764356
18002,11368,11209,2,62,49,41,28,12.4019219953
18003,11368,11213,0,62,35,41,20,6.60583565587
18004,11368,11369,2,62,12,41,8,1.25934040916
18005,11368,10031,1,62,64,41,45,7.22993574828
18006,11368,11221,0,62,120,41,61,5.25401624605
18007,11368,11212,0,62,12,41,10,6.53013916723
18008,11368,11233,0,62,74,41,34,5.78217940239
18009,11368,11368,41,62,62,41,41,0.0
18010,11368,11205,0,62,37,41,31,6.69495829929
18011,11368,10069,0,62,14,41,8,7.20311788477
18012,11368,11203,0,62,39,41,8,7.81951823597
18013,11368,10459,1,62,16,41,8,5.70611431106
18014,11368,11219,0,62,6,41,4,10.7266624916
18015,11368,11434,2,62,32,41,16,6.71352349059
18016,11368,11230,0,62,11,41,5,10.2116863094
18017,11368,11373,2,62,53,41,27,1.28214969384
18018,11368,11362,1,62,8,41,5,6.62470641492
18019,11368,10305,0,62,11,41,8,15.2957919176
18020,11368,11104,0,62,8,41,6,3.21516270172
18021,11368,10004,2,62,168,41,99,10.1492964669
18022,11368,10275,0,62,13,41,7,6.65130376974
18023,11368,10118,0,62,4,41,3,6.72298423769
18024,11368,10026,0,62,57,41,43,6.35070157246
18025,11368,11235,1,62,19,41,14,12.2573347036
18026,11368,10469,0,62,44,41,12,8.40638112544
18027,11368,10281,0,62,31,41,24,8.51875814697
18028,11368,11223,0,62,10,41,7,11.8940049179
18029,11368,11379,2,62,33,41,13,2.40806619788
18030,11368,10465,2,62,37,41,16,5.83302167194
18031,11368,10455,0,62,20,41,11,5.38571890134
18032,11368,10466,0,62,16,41,11,9.94359163855
18033,11368,11239,0,62,4,41,2,7.07196951298
18034,11368,11207,2,62,86,41,31,5.58703524654
18035,11368,11367,2,62,35,41,17,2.32059619046
18036,11368,11106,0,62,21,41,19,3.97075205231
18037,11368,10471,2,62,19,41,15,10.8668930486
18038,11368,11234,0,62,50,41,15,9.47113785405
18039,11368,10167,0,62,11,41,4,6.14042894125
18040,11368,10453,1,62,21,41,16,7.83305105228
18041,11368,10451,2,62,20,41,12,6.02927582154
18042,11368,10033,2,62,86,41,31,8.082862588
18043,11368,11354,3,62,38,41,25,2.26879379249
18044,11368,10463,3,62,36,41,16,9.59689022601
18045,11368,10169,0,62,4,41,4,6.19615902952
18046,11368,10456,2,62,21,41,12,6.27603378692
18047,11368,11420,0,62,8,41,7,5.60141747054
18048,11368,10153,0,62,6,41,5,6.10641230394
18049,11368,10307,0,62,6,41,3,26.1207165888
18050,11368,10306,0,62,17,41,8,18.3376990347
18051,11368,10165,0,62,2,41,2,6.33481736054
18052,11368,10303,2,62,11,41,7,17.9133980442
18053,11368,11224,0,62,22,41,13,13.6940611638
18054,11368,10304,0,62,8,41,5,15.4997808281
18055,11368,10458,2,62,34,41,31,8.2336040332
18056,11368,11414,2,62,13,41,7,6.18703182655
18057,11368,11204,0,62,9,41,8,11.0569449129
18058,11368,11372,3,62,16,41,11,1.37784731934
18059,11368,11357,0,62,9,41,6,3.64596410134
18060,11368,10044,0,62,9,41,8,4.87612453978
18061,11368,11229,2,62,27,41,14,11.0906142148
18062,11368,11236,1,62,15,41,9,7.72846940381
18063,11368,10302,2,62,5,41,5,16.6864015889
18064,11368,11422,0,62,11,41,8,8.71392224693
18065,11368,10312,0,62,4,41,2,21.8469489693
18066,11368,10310,0,62,27,41,6,15.6635954233
18067,11368,11429,1,62,8,41,6,6.79897159903
18068,11368,10152,0,62,2,41,2,6.02667711186
18069,11368,11214,0,62,10,41,6,12.5222197652
18070,11368,11435,2,62,41,41,23,4.12586684003
18071,11368,10039,2,62,8,41,7,6.84239502098
18072,11368,10121,0,62,1,41,1,7.00839863455
18073,11368,11413,2,62,14,41,7,7.73016146075
18074,11368,10473,2,62,14,41,9,4.9274572391
18075,11368,10454,2,62,19,41,10,5.07162813521
18076,11368,11416,2,62,5,41,5,4.42308195928
18077,11368,10280,0,62,5,41,3,8.80424646457
18078,11368,11694,0,62,5,41,4,11.7874056319
18079,11368,11358,1,62,6,41,4,3.39561036839
18080,11368,11421,1,62,4,41,4,3.88041838316
18081,11368,11412,0,62,4,41,4,6.23071508754
18082,11368,10174,0,62,2,41,2,6.1362659815
18083,11368,11417,0,62,3,41,3,4.99013736045
18084,11368,11427,2,62,5,41,4,5.9471467966
18085,11368,11411,0,62,4,41,2,7.42412205667
18086,11368,11374,2,62,10,41,9,1.53487478714
18087,11368,10096,0,62,2,41,2,6.65130376974
18088,11368,10006,0,62,19,41,18,8.57641300391
18089,11368,10037,2,62,15,41,10,6.12868940287
18090,11368,11370,0,62,8,41,4,2.01226915812
18091,11368,10475,2,62,15,41,11,9.23142630187
18092,11368,11225,1,62,17,41,13,7.71733031982
18093,11368,10282,0,62,10,41,9,8.44230850466
18094,11368,11426,2,62,12,41,5,7.27875275476
18095,11368,11378,2,62,18,41,7,2.81688004215
18096,11368,10107,0,62,1,41,1,6.6594937587
18097,11368,11251,0,62,4,41,3,8.38172423553
18098,11368,11436,2,62,6,41,3,5.98132616308
18099,11368,11360,3,62,10,41,5,4.70770206392
18100,11368,11356,0,62,2,41,2,2.75704119179
18101,11368,10474,1,62,8,41,7,4.81115283719
18102,11368,11697,0,62,1,41,1,13.1695721339
18103,11368,10172,0,62,2,41,2,6.11927899103
18104,11368,11691,0,62,4,41,3,11.398529031
18105,11368,10470,1,62,6,41,4,10.5943474041
18106,11368,11366,0,62,7,41,5,3.62669328985
18107,11368,10041,0,62,2,41,2,8.52480208614
18108,11368,10278,0,62,1,41,1,7.94205482143
18109,11368,10106,0,62,4,41,1,6.52568044638
18110,11368,11428,0,62,2,41,2,6.42564306122
18111,11368,10286,0,62,1,41,1,8.37142516674
18112,11368,10279,0,62,1,41,1,8.22629415937
18113,11368,10103,0,62,1,41,1,6.3409582953
18114,11368,10196,0,62,1,41,1,6.65130376974
18115,11368,10154,0,62,1,41,1,6.04408483837
18116,11368,10119,0,62,2,41,2,7.06334517364
18117,11368,10464,0,62,5,41,4,8.41093004212
18118,11368,10166,0,62,2,41,2,6.20619121285
18119,11368,10203,0,62,1,41,1,6.65130376974
18120,11368,11359,1,62,2,41,2,5.31915450766
18121,11368,10177,0,62,1,41,1,6.2029689818
18122,11368,11040,0,62,1,41,1,9.42097969641
18123,11368,11364,0,62,2,41,2,5.16606668737
18124,11368,11692,0,62,2,41,2,11.1361715536
18125,11368,11423,0,62,1,41,1,5.24636060255
18126,11368,11415,0,62,2,41,2,3.15555932185
18127,11368,10175,0,62,2,41,1,6.38998729184
18128,11205,10012,1,37,445,31,357,2.79464002178
18129,11205,11222,0,37,110,31,71,2.44385082871
18130,11205,11231,1,37,65,31,44,2.22699532831
18131,11205,10019,1,37,637,31,440,5.04754893577
18132,11205,11102,0,37,35,31,30,5.73062126536
18133,11205,10003,1,37,493,31,400,2.92888190013
18134,11205,10020,1,37,143,31,116,4.51612496719
18135,11205,10018,2,37,339,31,256,4.45244611735
18136,11205,10001,2,37,670,31,468,4.23132610163
18137,11205,11365,0,37,21,31,9,9.60381716644
18138,11205,10007,3,37,1780,31,1042,2.61810662928
18139,11205,10022,1,37,228,31,164,4.47269533328
18140,11205,10013,1,37,745,31,406,2.78146183477
18141,11205,10472,0,37,23,31,8,10.6833765874
18142,11205,11226,1,37,195,31,123,3.41688364793
18143,11205,10027,1,37,141,31,83,8.19129380609
18144,11205,11210,2,37,34,31,20,4.68912049224
18145,11205,11693,0,37,6,31,6,10.1745723123
18146,11205,11432,1,37,49,31,36,9.13878990325
18147,11205,11103,0,37,35,31,26,5.53678165259
18148,11205,11237,0,37,64,31,53,2.464237126
18149,11205,10010,1,37,218,31,181,3.21463267914
18150,11205,10014,1,37,397,31,286,3.49694160466
18151,11205,10009,0,37,135,31,91,2.37454600973
18152,11205,10036,2,37,826,31,656,4.69142078973
18153,11205,11216,1,37,60,31,49,1.30800081978
18154,11205,11418,0,37,15,31,11,6.91979589682
18155,11205,11109,0,37,5,31,5,5.77847953576
18156,11205,11371,0,37,71,31,65,7.16090710004
18157,11205,10460,1,37,42,31,22,11.0622107025
18158,11205,10048,0,37,86,31,65,2.7581138964
18159,11205,10128,1,37,51,31,40,6.10047719488
18160,11205,11375,2,37,44,31,27,6.53095173634
18161,11205,10023,1,37,210,31,134,5.724951837
18162,11205,11211,1,37,352,31,256,1.36248469052
18163,11205,10011,1,37,437,31,352,3.71098878543
18164,11205,10025,1,37,143,31,65,7.19767043732
18165,11205,10032,1,37,65,31,28,10.183506266
18166,11205,11232,0,37,125,31,24,3.36603179486
18167,11205,11377,0,37,46,31,33,4.65870096545
18168,11205,11361,0,37,19,31,11,11.1156634164
18169,11205,11206,0,37,90,31,63,1.30388490824
18170,11205,11430,0,37,187,31,143,9.40758779625
18171,11205,10021,1,37,62,31,45,5.12669641131
18172,11205,11201,3,37,234,31,176,1.25110527489
18173,11205,11238,2,37,109,31,64,0.981245002959
18174,11205,10016,1,37,162,31,110,3.64345635612
18175,11205,11218,0,37,26,31,19,3.47223148621
18176,11205,10301,0,37,45,31,32,8.03294757925
18177,11205,10452,0,37,54,31,34,10.2244420728
18178,11205,10314,2,37,51,31,30,11.229283106
18179,11205,10461,0,37,50,31,20,12.2371296033
18180,11205,11101,1,37,193,31,96,3.78693035228
18181,11205,10029,1,37,50,31,38,6.79673132814
18182,11205,10467,0,37,33,31,22,13.2762394221
18183,11205,11208,0,37,43,31,13,5.09686336356
18184,11205,10024,1,37,101,31,71,6.39025584537
18185,11205,10005,1,37,65,31,41,2.41491933645
18186,11205,10030,0,37,39,31,26,8.62801809096
18187,11205,10002,1,37,258,31,186,1.94432439349
18188,11205,11385,0,37,56,31,31,3.85305548375
18189,11205,11220,0,37,38,31,23,4.50428866216
18190,11205,11215,0,37,123,31,95,2.12932943141
18191,11205,10038,1,37,174,31,85,2.27956098274
18192,11205,11217,3,37,92,31,71,1.06475349724
18193,11205,10462,2,37,104,31,58,11.642696978
18194,11205,10040,0,37,80,31,27,11.5129331471
18195,11205,10457,0,37,28,31,16,11.0911559614
18196,11205,10017,1,37,277,31,161,4.01529072181
18197,11205,11433,0,37,18,31,12,9.3471537992
18198,11205,10308,0,37,8,31,8,13.8738948845
18199,11205,10468,0,37,52,31,30,12.4241686418
18200,11205,10111,0,37,15,31,13,4.53403337746
18201,11205,10309,0,37,23,31,15,17.2773458762
18202,11205,10034,1,37,68,31,33,12.2013114674
18203,11205,10028,1,37,89,31,53,5.72725103473
18204,11205,10035,0,37,65,31,32,7.64789371008
18205,11205,11228,1,37,10,31,8,5.82381361584
18206,11205,11105,0,37,25,31,19,6.31072415982
18207,11205,11355,0,37,26,31,18,8.55486314715
18208,11205,11209,1,37,49,31,28,5.94541973951
18209,11205,11213,0,37,35,31,20,2.2760419564
18210,11205,11369,0,37,12,31,8,6.86923172627
18211,11205,10031,0,37,64,31,45,9.14852915301
18212,11205,11221,0,37,120,31,61,2.0544419713
18213,11205,11212,0,37,12,31,10,3.5139105559
18214,11205,11233,0,37,74,31,34,2.72779179809
18215,11205,11368,0,37,62,31,41,6.69495829929
18216,11205,11205,31,37,37,31,31,0.0
18217,11205,10069,0,37,14,31,8,5.7613640903
18218,11205,11203,0,37,39,31,8,3.54666718603
18219,11205,10459,0,37,16,31,8,9.81129612569
18220,11205,11219,0,37,6,31,4,4.56255531054
18221,11205,11434,0,37,32,31,16,10.2038091115
18222,11205,11230,0,37,11,31,5,4.91458641197
18223,11205,11373,1,37,53,31,27,5.41561259861
18224,11205,11362,0,37,8,31,5,12.9930595642
18225,11205,10305,0,37,11,31,8,8.74130205774
18226,11205,11104,0,37,8,31,6,4.18172890503
18227,11205,10004,1,37,168,31,99,4.00057315983
18228,11205,10275,0,37,13,31,7,6.00380613639
18229,11205,10118,1,37,4,31,3,3.94031919859
18230,11205,10026,0,37,57,31,43,7.51691460808
18231,11205,11235,0,37,19,31,14,7.6597431093
18232,11205,10469,1,37,44,31,12,13.5328011506
18233,11205,10281,1,37,31,31,24,2.96473178094
18234,11205,11223,0,37,10,31,7,6.63930881255
18235,11205,11379,0,37,33,31,13,4.76222435951
18236,11205,10465,0,37,37,31,16,11.9358377772
18237,11205,10455,0,37,20,31,11,8.90157662191
18238,11205,10466,0,37,16,31,11,14.9251986468
18239,11205,11239,0,37,4,31,2,5.62146530379
18240,11205,11207,0,37,86,31,31,4.06485429749
18241,11205,11367,0,37,35,31,17,7.91676628558
18242,11205,11106,0,37,21,31,19,5.00375811688
18243,11205,10471,0,37,19,31,15,14.6203471281
18244,11205,11234,0,37,50,31,15,5.70275238197
18245,11205,10167,0,37,11,31,4,4.21547070816
18246,11205,10453,0,37,21,31,16,11.3070227552
18247,11205,10451,0,37,20,31,12,8.94981378661
18248,11205,10033,0,37,86,31,31,10.7824459285
18249,11205,11354,0,37,38,31,25,8.95319699581
18250,11205,10463,1,37,36,31,16,13.2462897675
18251,11205,10169,1,37,4,31,4,4.19559444178
18252,11205,10456,0,37,21,31,12,9.80971575566
18253,11205,11420,0,37,8,31,7,8.05676068685
18254,11205,10153,0,37,6,31,5,4.8132596719
18255,11205,10307,0,37,6,31,3,19.4748815635
18256,11205,10306,1,37,17,31,8,11.7685370952
18257,11205,10165,0,37,2,31,2,4.07492537975
18258,11205,10303,0,37,11,31,7,11.2797602728
18259,11205,11224,0,37,22,31,13,8.23433265951
18260,11205,10304,0,37,8,31,5,8.85376129282
18261,11205,10458,1,37,34,31,31,12.3943722068
18262,11205,11414,0,37,13,31,7,6.87828804431
18263,11205,11204,0,37,9,31,8,5.2932616506
18264,11205,11372,0,37,16,31,11,5.74106710336
18265,11205,11357,0,37,9,31,6,10.2892635443
18266,11205,10044,0,37,9,31,8,4.76514082265
18267,11205,11229,0,37,27,31,14,6.67364537308
18268,11205,11236,0,37,15,31,9,4.92160984667
18269,11205,10302,0,37,5,31,5,10.0248051861
18270,11205,11422,0,37,11,31,8,12.2863244602
18271,11205,10312,0,37,4,31,2,15.2239534701
18272,11205,10310,0,37,27,31,6,8.98112608872
18273,11205,11429,0,37,8,31,6,11.9246262773
18274,11205,10152,0,37,2,31,2,4.45845803838
18275,11205,11214,1,37,10,31,6,6.76704539095
18276,11205,11435,0,37,41,31,23,8.17282067235
18277,11205,10039,0,37,8,31,7,9.22543444569
18278,11205,10121,0,37,1,31,1,4.07147735817
18279,11205,11413,0,37,14,31,7,11.3571667753
18280,11205,10473,0,37,14,31,9,10.2328593191
18281,11205,10454,0,37,19,31,10,8.12889967068
18282,11205,11416,0,37,5,31,5,6.08653311361
18283,11205,10280,0,37,5,31,3,2.90523462098
18284,11205,11694,1,37,5,31,4,10.2231116286
18285,11205,11358,0,37,6,31,4,9.98979682227
18286,11205,11421,0,37,4,31,4,5.62504480069
18287,11205,11412,0,37,4,31,4,10.8108556073
18288,11205,10174,0,37,2,31,2,3.99735873428
18289,11205,11417,0,37,3,31,3,6.46100171118
18290,11205,11427,0,37,5,31,4,11.6574389143
18291,11205,11411,0,37,4,31,2,12.0561241635
18292,11205,11374,0,37,10,31,9,5.8771829655
18293,11205,10096,0,37,2,31,2,6.00380613639
18294,11205,10006,1,37,19,31,18,2.69828753738
18295,11205,10037,0,37,15,31,10,8.36398522242
18296,11205,11370,0,37,8,31,4,6.15979036654
18297,11205,10475,0,37,15,31,11,14.6821453047
18298,11205,11225,0,37,17,31,13,2.22670748148
18299,11205,10282,0,37,10,31,9,3.02364299617
18300,11205,11426,0,37,12,31,5,13.087970072
18301,11205,11378,0,37,18,31,7,3.87932066768
18302,11205,10107,0,37,1,31,1,5.06638746515
18303,11205,11251,0,37,4,31,3,3.5522219594
18304,11205,11436,0,37,6,31,3,8.95446752072
18305,11205,11360,0,37,10,31,5,11.3966534763
18306,11205,11356,0,37,2,31,2,8.96632510923
18307,11205,10474,0,37,8,31,7,9.16852252298
18308,11205,11697,0,37,1,31,1,9.71272812342
18309,11205,10172,0,37,2,31,2,4.255839785
18310,11205,11691,0,37,4,31,3,12.6129618854
18311,11205,10470,0,37,6,31,4,15.2624028087
18312,11205,11366,0,37,7,31,5,9.2078131462
18313,11205,10041,0,37,2,31,2,2.43032146056
18314,11205,10278,0,37,1,31,1,2.51468543705
18315,11205,10106,0,37,4,31,1,4.96525781831
18316,11205,11428,0,37,2,31,2,11.8968795051
18317,11205,10286,0,37,1,31,1,2.8101927716
18318,11205,10279,0,37,1,31,1,2.61855232366
18319,11205,10103,0,37,1,31,1,4.64951591789
18320,11205,10196,0,37,1,31,1,6.00380613639
18321,11205,10154,0,37,1,31,1,4.4174428011
18322,11205,10119,1,37,2,31,2,4.1662947779
18323,11205,10464,0,37,5,31,4,14.5494678676
18324,11205,10166,0,37,2,31,2,4.20561311428
18325,11205,10203,0,37,1,31,1,6.00380613639
18326,11205,11359,0,37,2,31,2,12.0090082573
18327,11205,10177,0,37,1,31,1,4.25611665523
18328,11205,11040,0,37,1,31,1,15.4039166565
18329,11205,11364,0,37,2,31,2,11.3732159951
18330,11205,11692,0,37,2,31,2,11.3271787348
18331,11205,11423,0,37,1,31,1,10.4395728728
18332,11205,11415,0,37,2,31,2,7.17258271384
18333,11205,10175,0,37,2,31,1,4.21563804119
18334,10069,10012,0,14,445,8,357,3.44148627606
18335,10069,11222,0,14,110,8,71,4.1313169501
18336,10069,11231,0,14,65,8,44,6.70082087167
18337,10069,10019,0,14,637,8,440,0.721051894859
18338,10069,11102,0,14,35,8,30,3.46800037759
18339,10069,10003,0,14,493,8,400,2.96552402312
18340,10069,10020,1,14,143,8,116,1.27874575992
18341,10069,10018,0,14,339,8,256,1.41404230677
18342,10069,10001,0,14,670,8,468,1.73585909851
18343,10069,11365,0,14,21,8,9,10.7109023169
18344,10069,10007,1,14,1780,8,1042,4.28083203284
18345,10069,10022,0,14,228,8,164,1.66408790478
18346,10069,10013,0,14,745,8,406,3.86060663579
18347,10069,10472,0,14,23,8,8,7.43795620714
18348,10069,11226,0,14,195,8,123,9.17123017967
18349,10069,10027,0,14,141,8,83,3.17058590334
18350,10069,11210,0,14,34,8,20,10.45039999
18351,10069,11693,0,14,6,8,6,15.2363840279
18352,10069,11432,0,14,49,8,36,11.1839289598
18353,10069,11103,0,14,35,8,26,4.26366383265
18354,10069,11237,0,14,64,8,53,6.20362463778
18355,10069,10010,0,14,218,8,181,2.55427190665
18356,10069,10014,1,14,397,8,286,2.91801032493
18357,10069,10009,0,14,135,8,91,3.39613885358
18358,10069,10036,1,14,826,8,656,1.10182046705
18359,10069,11216,0,14,60,8,49,6.92558656004
18360,10069,11418,0,14,15,8,11,9.79786607103
18361,10069,11109,0,14,5,8,5,10.62261435
18362,10069,11371,0,14,71,8,65,6.05867950518
18363,10069,10460,0,14,42,8,22,7.33198789965
18364,10069,10048,1,14,86,8,65,4.52089418878
18365,10069,10128,0,14,51,8,40,2.1500066311
18366,10069,11375,0,14,44,8,27,8.4863767397
18367,10069,10023,0,14,210,8,134,0.403576641891
18368,10069,11211,0,14,352,8,256,4.76927842228
18369,10069,10011,0,14,437,8,352,2.43115780391
18370,10069,10025,0,14,143,8,65,1.97566105466
18371,10069,10032,0,14,65,8,28,5.18037269518
18372,10069,11232,0,14,125,8,24,8.31136453175
18373,10069,11377,0,14,46,8,33,5.07651322766
18374,10069,11361,0,14,19,8,11,11.3936604164
18375,10069,11206,0,14,90,8,63,5.63113395665
18376,10069,11430,0,14,187,8,143,13.3787206837
18377,10069,10021,0,14,62,8,45,1.64988929073
18378,10069,11201,0,14,234,8,176,5.53389036299
18379,10069,11238,0,14,109,8,64,6.73954834439
18380,10069,10016,0,14,162,8,110,2.13203724591
18381,10069,11218,0,14,26,8,19,9.06636183829
18382,10069,10301,0,14,45,8,32,11.3156873592
18383,10069,10452,0,14,54,8,34,5.641882372
18384,10069,10314,0,14,51,8,30,14.218719648
18385,10069,10461,0,14,50,8,20,9.24256607845
18386,10069,11101,0,14,193,8,96,3.40671687793
18387,10069,10029,0,14,50,8,38,2.59703902919
18388,10069,10467,0,14,33,8,22,9.21521483273
18389,10069,11208,0,14,43,8,13,9.41879774025
18390,10069,10024,0,14,101,8,71,1.03028462638
18391,10069,10005,0,14,65,8,41,4.88581315814
18392,10069,10030,0,14,39,8,26,3.83964276296
18393,10069,10002,0,14,258,8,186,4.03648926425
18394,10069,11385,0,14,56,8,31,7.15753410482
18395,10069,11220,0,14,38,8,23,9.34359531316
18396,10069,11215,0,14,123,8,95,7.45455525009
18397,10069,10038,0,14,174,8,85,4.59252291904
18398,10069,11217,0,14,92,8,71,6.47816234666
18399,10069,10462,0,14,104,8,58,8.30604944877
18400,10069,10040,0,14,80,8,27,6.59813949608
18401,10069,10457,0,14,28,8,16,6.88430127074
18402,10069,10017,0,14,277,8,161,1.87074399213
18403,10069,11433,0,14,18,8,12,11.9739557213
18404,10069,10308,0,14,8,8,8,17.6144065759
18405,10069,10468,0,14,52,8,30,7.9311533548
18406,10069,10111,0,14,15,8,13,1.30517968333
18407,10069,10309,0,14,23,8,15,20.5977362188
18408,10069,10034,0,14,68,8,33,7.35615936176
18409,10069,10028,0,14,89,8,53,1.91149237814
18410,10069,10035,0,14,65,8,32,3.51544337841
18411,10069,11228,0,14,10,8,8,10.9530188872
18412,10069,11105,0,14,25,8,19,4.319612298
18413,10069,11355,0,14,26,8,18,9.15419577067
18414,10069,11209,0,14,49,8,28,10.7004409804
18415,10069,11213,0,14,35,8,20,7.78778792846
18416,10069,11369,0,14,12,8,8,6.35478913107
18417,10069,10031,0,14,64,8,45,4.1272676028
18418,10069,11221,0,14,120,8,61,6.71726058226
18419,10069,11212,0,14,12,8,10,8.80574776505
18420,10069,11233,0,14,74,8,34,7.77728251439
18421,10069,11368,0,14,62,8,41,7.20311788477
18422,10069,11205,0,14,37,8,31,5.7613640903
18423,10069,10069,8,14,14,8,8,0.0
18424,10069,11203,0,14,39,8,8,9.23012050303
18425,10069,10459,0,14,16,8,8,6.1543429382
18426,10069,11219,0,14,6,8,4,9.87392133045
18427,10069,11434,0,14,32,8,16,13.3754307523
18428,10069,11230,0,14,11,8,5,10.6114335622
18429,10069,11373,0,14,53,8,27,6.49716292806
18430,10069,11362,0,14,8,8,5,13.5414291291
18431,10069,10305,0,14,11,8,8,12.9600799057
18432,10069,11104,0,14,8,8,6,4.31978085445
18433,10069,10004,0,14,168,8,99,5.89568563742
18434,10069,10275,0,14,13,8,7,0.787691912824
18435,10069,10118,0,14,4,8,3,1.83933799765
18436,10069,10026,0,14,57,8,43,2.66301445579
18437,10069,11235,0,14,19,8,14,13.3943044861
18438,10069,10469,0,14,44,8,12,9.88114745653
18439,10069,10281,0,14,31,8,24,4.38956279509
18440,10069,11223,0,14,10,8,7,12.2737856665
18441,10069,11379,0,14,33,8,13,7.13539489079
18442,10069,10465,0,14,37,8,16,9.7106133674
18443,10069,10455,0,14,20,8,11,5.14767582138
18444,10069,10466,0,14,16,8,11,10.9562202944
18445,10069,11239,0,14,4,8,2,10.6848678161
18446,10069,11207,0,14,86,8,31,8.81102506905
18447,10069,11367,0,14,35,8,17,9.44183663765
18448,10069,11106,0,14,21,8,19,3.23317918703
18449,10069,10471,0,14,19,8,15,9.77797514786
18450,10069,11234,0,14,50,8,15,11.416160583
18451,10069,10167,0,14,11,8,4,1.63983290978
18452,10069,10453,0,14,21,8,16,6.74569778178
18453,10069,10451,0,14,20,8,12,4.70256901651
18454,10069,10033,0,14,86,8,31,5.83544954058
18455,10069,11354,0,14,38,8,25,8.69952364443
18456,10069,10463,0,14,36,8,16,8.48745649354
18457,10069,10169,0,14,4,8,4,1.63600555909
18458,10069,10456,0,14,21,8,12,5.69622254901
18459,10069,11420,0,14,8,8,7,11.6318713064
18460,10069,10153,0,14,6,8,5,1.23678665545
18461,10069,10307,0,14,6,8,3,22.7439955071
18462,10069,10306,0,14,17,8,8,15.7154393639
18463,10069,10165,0,14,2,8,2,1.70768284385
18464,10069,10303,0,14,11,8,7,13.5281419936
18465,10069,11224,0,14,22,8,13,13.7237819436
18466,10069,10304,0,14,8,8,5,12.6891804173
18467,10069,10458,0,14,34,8,31,8.11598310189
18468,10069,11414,0,14,13,8,7,11.1937576776
18469,10069,11204,0,14,9,8,8,10.805350199
18470,10069,11372,0,14,16,8,11,5.8381305419
18471,10069,11357,0,14,9,8,6,9.52876585828
18472,10069,10044,0,14,9,8,8,2.35453745735
18473,10069,11229,0,14,27,8,14,12.4324829931
18474,10069,11236,0,14,15,8,9,10.3692959124
18475,10069,10302,0,14,5,8,5,12.5903256904
18476,10069,11422,0,14,11,8,8,15.5069935235
18477,10069,10312,0,14,4,8,2,18.7713969117
18478,10069,10310,0,14,27,8,6,11.8719942092
18479,10069,11429,0,14,8,8,6,13.9759611148
18480,10069,10152,0,14,2,8,2,1.50769729272
18481,10069,11214,0,14,10,8,6,12.181234973
18482,10069,11435,0,14,41,8,23,10.8150613078
18483,10069,10039,0,14,8,8,7,4.48126519497
18484,10069,10121,0,14,1,8,1,1.78431544277
18485,10069,11413,0,14,14,8,7,14.5043705253
18486,10069,10473,0,14,14,8,9,7.51140673026
18487,10069,10454,0,14,19,8,10,4.42465263172
18488,10069,11416,0,14,5,8,5,9.72705314592
18489,10069,10280,0,14,5,8,3,4.90671629835
18490,10069,11694,0,14,5,8,4,15.6585731988
18491,10069,11358,0,14,6,8,4,10.2496538084
18492,10069,11421,0,14,4,8,4,9.0691257817
18493,10069,11412,0,14,4,8,4,13.274471772
18494,10069,10174,0,14,2,8,2,1.83017587049
18495,10069,11417,0,14,3,8,3,10.3000990063
18496,10069,11427,0,14,5,8,4,13.1451780442
18497,10069,11411,0,14,4,8,2,14.5181373598
18498,10069,11374,0,14,10,8,9,7.6426600451
18499,10069,10096,0,14,2,8,2,0.787691912824
18500,10069,10006,0,14,19,8,18,4.81537824642
18501,10069,10037,0,14,15,8,10,3.86818164742
18502,10069,11370,0,14,8,8,4,5.31508170678
18503,10069,10475,0,14,15,8,11,11.1999271052
18504,10069,11225,0,14,17,8,13,7.9879656804
18505,10069,10282,0,14,10,8,9,4.21262297861
18506,10069,11426,0,14,12,8,5,14.4487119755
18507,10069,11378,0,14,18,8,7,5.81322568177
18508,10069,10107,0,14,1,8,1,0.745675550653
18509,10069,11251,0,14,4,8,3,9.30776075745
18510,10069,11436,0,14,6,8,3,12.3374346547
18511,10069,11360,0,14,10,8,5,11.0441903567
18512,10069,11356,0,14,2,8,2,7.73284400998
18513,10069,10474,0,14,8,8,7,5.9938860635
18514,10069,11697,0,14,1,8,1,15.4628546673
18515,10069,10172,0,14,2,8,2,1.615116518
18516,10069,11691,0,14,4,8,3,17.1359304511
18517,10069,10470,0,14,6,8,4,10.9926501036
18518,10069,11366,0,14,7,8,5,10.8081566276
18519,10069,10041,0,14,2,8,2,5.10285770336
18520,10069,10278,0,14,1,8,1,4.18330150028
18521,10069,10106,0,14,4,8,1,0.881654791295
18522,10069,11428,0,14,2,8,2,13.6281540302
18523,10069,10286,0,14,1,8,1,4.37274909554
18524,10069,10279,0,14,1,8,1,4.40997072716
18525,10069,10103,0,14,1,8,1,1.20419532449
18526,10069,10196,0,14,1,8,1,0.787691912824
18527,10069,10154,0,14,1,8,1,1.52698495053
18528,10069,10119,0,14,2,8,2,1.70574265034
18529,10069,10464,0,14,5,8,4,11.9670916193
18530,10069,10166,0,14,2,8,2,1.62385785828
18531,10069,10203,0,14,1,8,1,0.787691912824
18532,10069,11359,0,14,2,8,2,11.2770051117
18533,10069,10177,0,14,1,8,1,1.58155930894
18534,10069,11040,0,14,1,8,1,16.5005309171
18535,10069,11364,0,14,2,8,2,12.2585911032
18536,10069,11692,0,14,2,8,2,16.2286716087
18537,10069,11423,0,14,1,8,1,12.405546207
18538,10069,11415,0,14,2,8,2,9.6739214446
18539,10069,10175,0,14,2,8,1,1.56541079756
18540,11203,10012,0,39,445,8,357,6.31832623051
18541,11203,11222,0,39,110,8,71,5.37052653269
18542,11203,11231,0,39,65,8,44,4.18891926083
18543,11203,10019,0,39,637,8,440,8.50945013576
18544,11203,11102,0,39,35,8,30,8.44551443252
18545,11203,10003,0,39,493,8,400,6.47334374424
18546,11203,10020,0,39,143,8,116,7.9589694088
18547,11203,10018,0,39,339,8,256,7.97355194389
18548,11203,10001,0,39,670,8,468,7.76826912128
18549,11203,11365,0,39,21,8,9,9.65927019199
18550,11203,10007,1,39,1780,8,1042,5.97734159181
18551,11203,10022,0,39,228,8,164,7.79782301836
18552,11203,10013,0,39,745,8,406,6.22932811655
18553,11203,10472,0,39,23,8,8,12.9646599766
18554,11203,11226,1,39,195,8,123,1.2107846844
18555,11203,10027,0,39,141,8,83,11.3478616715
18556,11203,11210,1,39,34,8,20,1.59770827653
18557,11203,11693,0,39,6,8,6,6.95577188153
18558,11203,11432,0,39,49,8,36,8.60805849701
18559,11203,11103,0,39,35,8,26,7.94540695379
18560,11203,11237,0,39,64,8,53,3.80930046219
18561,11203,10010,0,39,218,8,181,6.72013441256
18562,11203,10014,1,39,397,8,286,7.02477280179
18563,11203,10009,0,39,135,8,91,5.89317303512
18564,11203,10036,0,39,826,8,656,8.19100298052
18565,11203,11216,0,39,60,8,49,2.3052145535
18566,11203,11418,0,39,15,8,11,6.23667331599
18567,11203,11109,0,39,5,8,5,3.27601064718
18568,11203,11371,0,39,71,8,65,9.01707362982
18569,11203,10460,0,39,42,8,22,13.5265287489
18570,11203,10048,0,39,86,8,65,6.0196318193
18571,11203,10128,0,39,51,8,40,9.21107261999
18572,11203,11375,0,39,44,8,27,6.73157100784
18573,11203,10023,0,39,210,8,134,9.14786149521
18574,11203,11211,0,39,352,8,256,4.48996279423
18575,11203,10011,0,39,437,8,352,7.25739968821
18576,11203,10025,0,39,143,8,65,10.4749830657
18577,11203,10032,0,39,65,8,28,13.2302906524
18578,11203,11232,0,39,125,8,24,3.76791898793
18579,11203,11377,0,39,46,8,33,6.65310779087
18580,11203,11361,0,39,19,8,11,11.481303824
18581,11203,11206,0,39,90,8,63,3.71319681411
18582,11203,11430,0,39,187,8,143,7.22017062744
18583,11203,10021,0,39,62,8,45,8.36098089736
18584,11203,11201,0,39,234,8,176,4.34046634479
18585,11203,11238,0,39,109,8,64,2.64734545284
18586,11203,10016,0,39,162,8,110,7.0982199006
18587,11203,11218,0,39,26,8,19,2.27657302455
18588,11203,10301,0,39,45,8,32,8.56072168347
18589,11203,10452,0,39,54,8,34,13.100872371
18590,11203,10314,0,39,51,8,30,11.533143566
18591,11203,10461,0,39,50,8,20,14.2728282761
18592,11203,11101,0,39,193,8,96,6.65120015393
18593,11203,10029,0,39,50,8,38,9.8573074386
18594,11203,10467,0,39,33,8,22,15.7599672402
18595,11203,11208,0,39,43,8,13,3.57488142663
18596,11203,10024,0,39,101,8,71,9.75408454439
18597,11203,10005,0,39,65,8,41,5.58528666265
18598,11203,10030,0,39,39,8,26,11.68070621
18599,11203,10002,0,39,258,8,186,5.48068444385
18600,11203,11385,0,39,56,8,31,4.2833117212
18601,11203,11220,0,39,38,8,23,4.37829673976
18602,11203,11215,0,39,123,8,95,3.04119145566
18603,11203,10038,0,39,174,8,85,5.59053334151
18604,11203,11217,0,39,92,8,71,3.27614473023
18605,11203,10462,0,39,104,8,58,13.8859222988
18606,11203,10040,0,39,80,8,27,14.4680160969
18607,11203,10457,0,39,28,8,16,13.7600033261
18608,11203,10017,0,39,277,8,161,7.40699639838
18609,11203,11433,0,39,18,8,12,8.3262385267
18610,11203,10308,0,39,8,8,8,13.2979640618
18611,11203,10468,0,39,52,8,30,15.1505737553
18612,11203,10111,0,39,15,8,13,7.95666118516
18613,11203,10309,0,39,23,8,15,16.873231359
18614,11203,10034,0,39,68,8,33,15.099107787
18615,11203,10028,0,39,89,8,53,8.88192994107
18616,11203,10035,0,39,65,8,32,10.5805925271
18617,11203,11228,0,39,10,8,8,4.67038489313
18618,11203,11105,0,39,25,8,19,8.76642585951
18619,11203,11355,0,39,26,8,18,9.14375363768
18620,11203,11209,0,39,49,8,28,5.37366491046
18621,11203,11213,0,39,35,8,20,1.51181298213
18622,11203,11369,0,39,12,8,8,8.51098568095
18623,11203,10031,0,39,64,8,45,12.2511708982
18624,11203,11221,0,39,120,8,61,2.93117183001
18625,11203,11212,0,39,12,8,10,1.37816266979
18626,11203,11233,1,39,74,8,34,2.06830796774
18627,11203,11368,0,39,62,8,41,7.81951823597
18628,11203,11205,0,39,37,8,31,3.54666718603
18629,11203,10069,0,39,14,8,8,9.23012050303
18630,11203,11203,8,39,39,8,8,0.0
18631,11203,10459,0,39,16,8,8,12.3478970314
18632,11203,11219,0,39,6,8,4,3.51655857925
18633,11203,11434,0,39,32,8,16,8.61156481963
18634,11203,11230,0,39,11,8,5,2.43507956267
18635,11203,11373,0,39,53,8,27,6.66307909638
18636,11203,11362,0,39,8,8,5,12.9758397824
18637,11203,10305,0,39,11,8,8,8.22491928156
18638,11203,11104,0,39,8,8,6,6.57566731278
18639,11203,10004,0,39,168,8,99,6.65274624257
18640,11203,10275,0,39,13,8,7,9.37794254713
18641,11203,10118,0,39,4,8,3,7.4449473641
18642,11203,10026,0,39,57,8,43,10.6729531917
18643,11203,11235,0,39,19,8,14,4.59214637211
18644,11203,10469,0,39,44,8,12,15.8049100678
18645,11203,10281,0,39,31,8,24,6.24470653201
18646,11203,11223,0,39,10,8,7,4.07454277404
18647,11203,11379,0,39,33,8,13,5.41638564011
18648,11203,10465,0,39,37,8,16,13.6151230177
18649,11203,10455,0,39,20,8,11,11.5655916034
18650,11203,10466,0,39,16,8,11,17.2904521772
18651,11203,11239,0,39,4,8,2,2.83884013418
18652,11203,11207,0,39,86,8,31,2.53429058701
18653,11203,11367,0,39,35,8,17,8.03041219919
18654,11203,11106,0,39,21,8,19,7.79443757606
18655,11203,10471,0,39,19,8,15,17.4413066427
18656,11203,11234,1,39,50,8,15,2.18864221164
18657,11203,10167,0,39,11,8,4,7.62515585272
18658,11203,10453,0,39,21,8,16,14.1163234712
18659,11203,10451,0,39,20,8,12,11.790143107
18660,11203,10033,0,39,86,8,31,13.7805496416
18661,11203,11354,0,39,38,8,25,9.97648187058
18662,11203,10463,0,39,36,8,16,16.0665473224
18663,11203,10169,0,39,4,8,4,7.61588884259
18664,11203,10456,0,39,21,8,12,12.5290887248
18665,11203,11420,0,39,8,8,7,6.45014898036
18666,11203,10153,0,39,6,8,5,8.18255635159
18667,11203,10307,0,39,6,8,3,19.0206686546
18668,11203,10306,0,39,17,8,8,11.1654289603
18669,11203,10165,0,39,2,8,2,7.52345443283
18670,11203,10303,0,39,11,8,7,12.1310695612
18671,11203,11224,0,39,22,8,13,5.87589407005
18672,11203,10304,0,39,8,8,5,8.72290296882
18673,11203,10458,0,39,34,8,31,15.0233195726
18674,11203,11414,0,39,13,8,7,4.76257860833
18675,11203,11204,0,39,9,8,8,3.42069759982
18676,11203,11372,0,39,16,8,11,7.42948247335
18677,11203,11357,0,39,9,8,6,11.381700437
18678,11203,10044,0,39,9,8,8,7.85100312287
18679,11203,11229,0,39,27,8,14,3.46301176634
18680,11203,11236,0,39,15,8,9,1.65456217689
18681,11203,10302,0,39,5,8,5,10.7996490892
18682,11203,11422,0,39,11,8,8,10.4411887137
18683,11203,10312,0,39,4,8,2,14.7348524963
18684,11203,10310,0,39,27,8,6,9.66196676788
18685,11203,11429,0,39,8,8,6,10.9946859719
18686,11203,10152,0,39,2,8,2,7.8344481108
18687,11203,11214,0,39,10,8,6,4.78843944879
18688,11203,11435,0,39,41,8,23,7.36656885316
18689,11203,10039,0,39,8,8,7,12.2237271952
18690,11203,10121,0,39,1,8,1,7.59730399963
18691,11203,11413,0,39,14,8,7,9.6543415378
18692,11203,10473,0,39,14,8,9,12.3228953759
18693,11203,10454,0,39,19,8,10,10.8627888692
18694,11203,11416,0,39,5,8,5,4.94791731222
18695,11203,10280,0,39,5,8,3,6.00576133469
18696,11203,11694,0,39,5,8,4,6.74115059496
18697,11203,11358,0,39,6,8,4,10.5284883834
18698,11203,11421,0,39,4,8,4,4.87351911664
18699,11203,11412,0,39,4,8,4,9.70419717438
18700,11203,10174,0,39,2,8,2,7.41692035945
18701,11203,11417,0,39,3,8,3,4.98544166621
18702,11203,11427,0,39,5,8,4,11.157628714
18703,11203,11411,0,39,4,8,2,10.810566791
18704,11203,11374,0,39,10,8,9,6.4634903068
18705,11203,10096,0,39,2,8,2,9.37794254713
18706,11203,10006,0,39,19,8,18,5.8580639339
18707,11203,10037,0,39,15,8,10,11.3400830651
18708,11203,11370,0,39,8,8,4,8.17406230564
18709,11203,10475,0,39,15,8,11,16.810406661
18710,11203,11225,0,39,17,8,13,1.50123957614
18711,11203,10282,0,39,10,8,9,6.35037582345
18712,11203,11426,0,39,12,8,5,12.5252008654
18713,11203,11378,0,39,18,8,7,5.41724786829
18714,11203,10107,0,39,1,8,1,8.50868304496
18715,11203,11251,0,39,4,8,3,0.686946865285
18716,11203,11436,0,39,6,8,3,7.36155795244
18717,11203,11360,0,39,10,8,5,12.1094811208
18718,11203,11356,0,39,2,8,2,10.5170677408
18719,11203,10474,0,39,8,8,7,11.5757773075
18720,11203,11697,0,39,1,8,1,6.26353135718
18721,11203,10172,0,39,2,8,2,7.65971923669
18722,11203,11691,0,39,4,8,3,9.72515609054
18723,11203,10470,0,39,6,8,4,17.7687823502
18724,11203,11366,0,39,7,8,5,8.99124506314
18725,11203,10041,0,39,2,8,2,5.50086240833
18726,11203,10278,0,39,1,8,1,5.91884549272
18727,11203,10106,0,39,4,8,1,8.39439806935
18728,11203,11428,0,39,2,8,2,11.1990481919
18729,11203,10286,0,39,1,8,1,6.11401018175
18730,11203,10279,0,39,1,8,1,5.93682884928
18731,11203,10103,0,39,1,8,1,8.06901789932
18732,11203,10196,0,39,1,8,1,9.37794254713
18733,11203,10154,0,39,1,8,1,7.79898031469
18734,11203,10119,0,39,2,8,2,7.69332517696
18735,11203,10464,0,39,5,8,4,16.2178109993
18736,11203,10166,0,39,2,8,2,7.627098433
18737,11203,10203,0,39,1,8,1,9.37794254713
18738,11203,11359,0,39,2,8,2,12.8729961036
18739,11203,10177,0,39,1,8,1,7.67449073507
18740,11203,11040,0,39,1,8,1,14.832528651
18741,11203,11364,0,39,2,8,2,11.315954509
18742,11203,11692,0,39,2,8,2,8.19469071568
18743,11203,11423,0,39,1,8,1,9.75622351979
18744,11203,11415,0,39,2,8,2,6.73683114144
18745,11203,10175,0,39,2,8,1,7.66581036138
18746,10459,10012,1,16,445,8,357,8.80283240472
18747,10459,11222,1,16,110,8,71,7.37031181694
18748,10459,11231,1,16,65,8,44,11.6297702017
18749,10459,10019,1,16,637,8,440,6.35796122365
18750,10459,11102,1,16,35,8,30,4.0819239759
18751,10459,10003,0,16,493,8,400,8.15549976834
18752,10459,10020,0,16,143,8,116,6.48282114275
18753,10459,10018,2,16,339,8,256,7.14923390169
18754,10459,10001,1,16,670,8,468,7.47601783692
18755,10459,11365,1,16,21,8,9,7.98424727127
18756,10459,10007,1,16,1780,8,1042,9.6981420224
18757,10459,10022,1,16,228,8,164,6.00704460876
18758,10459,10013,0,16,745,8,406,9.31524877956
18759,10459,10472,2,16,23,8,8,1.34550538786
18760,10459,11226,1,16,195,8,123,12.8549040703
18761,10459,10027,1,16,141,8,83,3.35327165815
18762,10459,11210,1,16,34,8,20,13.9003090718
18763,10459,11693,0,16,6,8,6,16.2305115987
18764,10459,11432,0,16,49,8,36,9.30095594253
18765,10459,11103,1,16,35,8,26,4.40836993367
18766,10459,11237,1,16,64,8,53,8.53899910036
18767,10459,10010,1,16,218,8,181,7.56543994042
18768,10459,10014,2,16,397,8,286,8.58630470834
18769,10459,10009,0,16,135,8,91,8.13014124819
18770,10459,10036,1,16,826,8,656,6.8209700527
18771,10459,11216,1,16,60,8,49,10.4151421334
18772,10459,11418,0,16,15,8,11,9.30146371919
18773,10459,11109,0,16,5,8,5,12.0680434136
18774,10459,11371,1,16,71,8,65,3.803426825
18775,10459,10460,2,16,42,8,22,1.2666608966
18776,10459,10048,0,16,86,8,65,10.0072566654
18777,10459,10128,1,16,51,8,40,4.2421490506
18778,10459,11375,1,16,44,8,27,7.65424181804
18779,10459,10023,1,16,210,8,134,5.80105602316
18780,10459,11211,1,16,352,8,256,8.45031833929
18781,10459,10011,1,16,437,8,352,8.08340923935
18782,10459,10025,0,16,143,8,65,4.34146737001
18783,10459,10032,1,16,65,8,28,2.74010651181
18784,10459,11232,1,16,125,8,24,13.0936686753
18785,10459,11377,1,16,46,8,33,5.72365967025
18786,10459,11361,1,16,19,8,11,7.59127085717
18787,10459,11206,0,16,90,8,63,8.88302594358
18788,10459,11430,1,16,187,8,143,13.1115386737
18789,10459,10021,1,16,62,8,45,5.28082317165
18790,10459,11201,1,16,234,8,176,10.2914236312
18791,10459,11238,0,16,109,8,64,10.6643507339
18792,10459,10016,1,16,162,8,110,7.0330481824
18793,10459,11218,1,16,26,8,19,13.2141122885
18794,10459,10301,1,16,45,8,32,17.0277797203
18795,10459,10452,1,16,54,8,34,1.77912501324
18796,10459,10314,1,16,51,8,30,20.0851549792
18797,10459,10461,1,16,50,8,20,3.12873666641
18798,10459,11101,1,16,193,8,96,6.02600852109
18799,10459,10029,1,16,50,8,38,3.60908037167
18800,10459,10467,1,16,33,8,22,3.46582321294
18801,10459,11208,0,16,43,8,13,10.5975717597
18802,10459,10024,0,16,101,8,71,5.15497724685
18803,10459,10005,1,16,65,8,41,10.2221663302
18804,10459,10030,1,16,39,8,26,2.68106292376
18805,10459,10002,0,16,258,8,186,8.95087207685
18806,10459,11385,1,16,56,8,31,8.44342686073
18807,10459,11220,1,16,38,8,23,14.2308375014
18808,10459,11215,1,16,123,8,95,11.9258601492
18809,10459,10038,1,16,174,8,85,9.86571850546
18810,10459,11217,0,16,92,8,71,10.8406583605
18811,10459,10462,1,16,104,8,58,2.1522966295
18812,10459,10040,1,16,80,8,27,2.94708956177
18813,10459,10457,1,16,28,8,16,1.49706772349
18814,10459,10017,1,16,277,8,161,6.53814999998
18815,10459,11433,1,16,18,8,12,10.4878139541
18816,10459,10308,0,16,8,8,8,23.2570108354
18817,10459,10468,1,16,52,8,30,2.8922505138
18818,10459,10111,0,16,15,8,13,6.36341771672
18819,10459,10309,1,16,23,8,15,26.428326137
18820,10459,10034,1,16,68,8,33,3.23261698216
18821,10459,10028,1,16,89,8,53,4.63097349588
18822,10459,10035,1,16,65,8,32,2.64483288902
18823,10459,11228,1,16,10,8,8,15.6325808885
18824,10459,11105,0,16,25,8,19,3.58763389535
18825,10459,11355,1,16,26,8,18,6.51807465301
18826,10459,11209,1,16,49,8,28,15.6760320329
18827,10459,11213,0,16,35,8,20,10.8788587379
18828,10459,11369,1,16,12,8,8,4.48000609917
18829,10459,10031,1,16,64,8,45,2.91065147285
18830,10459,11221,0,16,120,8,61,9.42149547337
18831,10459,11212,0,16,12,8,10,11.3129038648
18832,10459,11233,0,16,74,8,34,10.3322074488
18833,10459,11368,1,16,62,8,41,5.70611431106
18834,10459,11205,0,16,37,8,31,9.81129612569
18835,10459,10069,0,16,14,8,8,6.1543429382
18836,10459,11203,0,16,39,8,8,12.3478970314
18837,10459,10459,8,16,16,8,8,0.0
18838,10459,11219,0,16,6,8,4,14.3724764951
18839,10459,11434,1,16,32,8,16,12.1630888717
18840,10459,11230,0,16,11,8,5,14.45742317
18841,10459,11373,1,16,53,8,27,6.21737173545
18842,10459,11362,1,16,8,8,5,9.5410510528
18843,10459,10305,0,16,11,8,8,18.3071415582
18844,10459,11104,0,16,8,8,6,5.79857349061
18845,10459,10004,1,16,168,8,99,11.6645519034
18846,10459,10275,0,16,13,8,7,5.37258593933
18847,10459,10118,0,16,4,8,3,7.1908676217
18848,10459,10026,0,16,57,8,43,3.57806422173
18849,10459,11235,1,16,19,8,14,16.9387203395
18850,10459,10469,0,16,44,8,12,3.83151317359
18851,10459,10281,0,16,31,8,24,9.95968968286
18852,10459,11223,0,16,10,8,7,16.2230472159
18853,10459,11379,1,16,33,8,13,7.58494159117
18854,10459,10465,1,16,37,8,16,3.97062111631
18855,10459,10455,0,16,20,8,11,1.01838768449
18856,10459,10466,0,16,16,8,11,5.12940773199
18857,10459,11239,0,16,4,8,2,12.4137671608
18858,10459,11207,1,16,86,8,31,10.6650371266
18859,10459,11367,1,16,35,8,17,7.6697373137
18860,10459,11106,0,16,21,8,19,4.81291081995
18861,10459,10471,1,16,19,8,15,5.22938084477
18862,10459,11234,0,16,50,8,15,14.3518582086
18863,10459,10167,0,16,11,8,4,6.48555711742
18864,10459,10453,1,16,21,8,16,2.14502213805
18865,10459,10451,1,16,20,8,12,1.57178767245
18866,10459,10033,1,16,86,8,31,2.71399505952
18867,10459,11354,1,16,38,8,25,5.343596254
18868,10459,10463,1,16,36,8,16,3.91195083871
18869,10459,10169,0,16,4,8,4,6.5447371835
18870,10459,10456,2,16,21,8,12,0.853258108502
18871,10459,11420,0,16,8,8,7,11.2937879456
18872,10459,10153,0,16,6,8,5,5.9550183666
18873,10459,10307,0,16,6,8,3,28.6052607457
18874,10459,10306,0,16,17,8,8,21.2422926944
18875,10459,10165,0,16,2,8,2,6.75250270936
18876,10459,10303,1,16,11,8,7,19.5565272122
18877,10459,11224,0,16,22,8,13,17.9321552397
18878,10459,10304,0,16,8,8,5,18.219621022
18879,10459,10458,1,16,34,8,31,2.68299306179
18880,10459,11414,1,16,13,8,7,11.8355584771
18881,10459,11204,0,16,9,8,8,15.0354295079
18882,10459,11372,1,16,16,8,11,5.21608734271
18883,10459,11357,0,16,9,8,6,5.23616373539
18884,10459,10044,0,16,9,8,8,5.25803522706
18885,10459,11229,1,16,27,8,14,15.8080857164
18886,10459,11236,1,16,15,8,9,12.7704669627
18887,10459,10302,1,16,5,8,5,18.5379005246
18888,10459,11422,0,16,11,8,8,13.9717666682
18889,10459,10312,0,16,4,8,2,24.5045840357
18890,10459,10310,0,16,27,8,6,17.7207363423
18891,10459,11429,1,16,8,8,6,11.4109949355
18892,10459,10152,0,16,2,8,2,6.19735472104
18893,10459,11214,0,16,10,8,6,16.531452411
18894,10459,11435,1,16,41,8,23,9.69442287186
18895,10459,10039,1,16,8,8,7,2.29799971389
18896,10459,10121,0,16,1,8,1,7.35552665404
18897,10459,11413,1,16,14,8,7,13.0478751475
18898,10459,10473,1,16,14,8,9,1.86231001604
18899,10459,10454,1,16,19,8,10,1.80527174121
18900,10459,11416,1,16,5,8,5,10.0632796038
18901,10459,10280,0,16,5,8,3,10.4375158221
18902,10459,11694,0,16,5,8,4,17.3469886312
18903,10459,11358,0,16,6,8,4,6.78367202505
18904,10459,11421,1,16,4,8,4,9.46491846477
18905,10459,11412,0,16,4,8,4,11.2952681764
18906,10459,10174,0,16,2,8,2,6.66042539885
18907,10459,11417,0,16,3,8,3,10.6520105956
18908,10459,11427,1,16,5,8,4,10.1583960575
18909,10459,11411,0,16,4,8,2,12.2941455616
18910,10459,11374,1,16,10,8,9,7.13878706657
18911,10459,10096,0,16,2,8,2,5.37258593933
18912,10459,10006,0,16,19,8,18,10.2714044758
18913,10459,10037,1,16,15,8,10,2.39711729581
18914,10459,11370,0,16,8,8,4,4.30938827984
18915,10459,10475,1,16,15,8,11,5.10517878022
18916,10459,11225,1,16,17,8,13,11.6755089835
18917,10459,10282,0,16,10,8,9,9.80456274594
18918,10459,11426,1,16,12,8,5,11.0873402627
18919,10459,11378,1,16,18,8,7,7.009999766
18920,10459,10107,0,16,1,8,1,6.21156196032
18921,10459,11251,0,16,4,8,3,12.7365762531
18922,10459,11436,1,16,6,8,3,11.6002720583
18923,10459,11360,1,16,10,8,5,6.7011510744
18924,10459,11356,0,16,2,8,2,3.79118224515
18925,10459,10474,2,16,8,8,7,0.895080581986
18926,10459,11697,0,16,1,8,1,18.3222414093
18927,10459,10172,0,16,2,8,2,6.43618094535
18928,10459,11691,0,16,4,8,3,17.0636470316
18929,10459,10470,1,16,6,8,4,5.46190301848
18930,10459,11366,0,16,7,8,5,8.57360761327
18931,10459,10041,0,16,2,8,2,10.4348733362
18932,10459,10278,0,16,1,8,1,9.54062354748
18933,10459,10106,0,16,4,8,1,6.17613712042
18934,10459,11428,0,16,2,8,2,10.794712548
18935,10459,10286,0,16,1,8,1,9.87954307661
18936,10459,10279,0,16,1,8,1,9.83411505263
18937,10459,10103,0,16,1,8,1,6.28438387261
18938,10459,10196,0,16,1,8,1,5.37258593933
18939,10459,10154,0,16,1,8,1,6.24488321649
18940,10459,10119,0,16,2,8,2,7.33493284038
18941,10459,10464,0,16,5,8,4,5.88137430319
18942,10459,10166,0,16,2,8,2,6.54433135399
18943,10459,10203,0,16,1,8,1,5.37258593933
18944,10459,11359,0,16,2,8,2,6.51376104215
18945,10459,10177,0,16,1,8,1,6.50035590141
18946,10459,11040,0,16,1,8,1,12.6012111037
18947,10459,11364,0,16,2,8,2,8.85446443474
18948,10459,11692,0,16,2,8,2,16.8410496415
18949,10459,11423,0,16,1,8,1,10.0929958068
18950,10459,11415,0,16,2,8,2,8.8320949862
18951,10459,10175,0,16,2,8,1,6.68383948585
18952,11219,10012,0,6,445,4,357,6.45333054735
18953,11219,11222,0,6,110,4,71,7.00231671511
18954,11219,11231,0,6,65,4,44,3.2151114795
18955,11219,10019,0,6,637,4,440,9.21268423699
18956,11219,11102,0,6,35,4,30,10.2928412364
18957,11219,10003,0,6,493,4,400,6.91394659584
18958,11219,10020,0,6,143,4,116,8.74999653657
18959,11219,10018,0,6,339,4,256,8.46462564038
18960,11219,10001,0,6,670,4,468,8.16246308515
18961,11219,11365,0,6,21,4,9,13.0032274718
18962,11219,10007,0,6,1780,4,1042,5.70809466389
18963,11219,10022,0,6,228,4,164,8.86485364945
18964,11219,10013,0,6,745,4,406,6.10534595306
18965,11219,10472,0,6,23,4,8,15.2189974217
18966,11219,11226,0,6,195,4,123,2.31758085637
18967,11219,10027,0,6,141,4,83,12.6229297443
18968,11219,11210,0,6,34,4,20,2.68701814223
18969,11219,11693,0,6,6,4,6,9.59894810351
18970,11219,11432,0,6,49,4,36,12.065362657
18971,11219,11103,0,6,35,4,26,10.0605702949
18972,11219,11237,0,6,64,4,53,6.32724918059
18973,11219,10010,0,6,218,4,181,7.39168464414
18974,11219,10014,0,6,397,4,286,7.07267901068
18975,11219,10009,0,6,135,4,91,6.596101051
18976,11219,10036,0,6,826,4,656,8.77338960306
18977,11219,11216,0,6,60,4,49,4.16199932095
18978,11219,11418,0,6,15,4,11,9.68445164359
18979,11219,11109,0,6,5,4,5,6.72505063762
18980,11219,11371,0,6,71,4,65,11.5467873112
18981,11219,10460,0,6,42,4,22,15.6209156451
18982,11219,10048,0,6,86,4,65,5.55885697303
18983,11219,10128,0,6,51,4,40,10.5899509706
18984,11219,11375,0,6,44,4,27,9.97139884851
18985,11219,10023,0,6,210,4,134,9.9372528451
18986,11219,11211,0,6,352,4,256,5.92221702403
18987,11219,10011,0,6,437,4,352,7.49375838158
18988,11219,10025,0,6,143,4,65,11.5531659295
18989,11219,10032,0,6,65,4,28,14.6534157004
18990,11219,11232,1,6,125,4,24,1.64325389801
18991,11219,11377,0,6,46,4,33,9.03704179504
18992,11219,11361,0,6,19,4,11,14.7563826004
18993,11219,11206,0,6,90,4,63,5.58011169032
18994,11219,11430,0,6,187,4,143,10.618331358
18995,11219,10021,1,6,62,4,45,9.56920746893
18996,11219,11201,0,6,234,4,176,4.35242239293
18997,11219,11238,0,6,109,4,64,3.73781274248
18998,11219,10016,0,6,162,4,110,7.90888905193
18999,11219,11218,0,6,26,4,19,1.35665272626
19000,11219,10301,0,6,45,4,32,5.15352701722
19001,11219,10452,0,6,54,4,34,14.7546361136
19002,11219,10314,0,6,51,4,30,8.0305538649
19003,11219,10461,0,6,50,4,20,16.7263095133
19004,11219,11101,0,6,193,4,96,8.34944014368
19005,11219,10029,0,6,50,4,38,11.2969050773
19006,11219,10467,0,6,33,4,22,17.8379065003
19007,11219,11208,0,6,43,4,13,7.07361728358
19008,11219,10024,0,6,101,4,71,10.6697978877
19009,11219,10005,0,6,65,4,41,5.11735895354
19010,11219,10030,0,6,39,4,26,13.1100148313
19011,11219,10002,0,6,258,4,186,5.85729958152
19012,11219,11385,0,6,56,4,31,7.29948183679
19013,11219,11220,0,6,38,4,23,1.19575168179
19014,11219,11215,0,6,123,4,95,2.48350351388
19015,11219,10038,0,6,174,4,85,5.34287833815
19016,11219,11217,0,6,92,4,71,3.56001971927
19017,11219,10462,0,6,104,4,58,16.1751546996
19018,11219,10040,0,6,80,4,27,16.012052965
19019,11219,10457,0,6,28,4,16,15.6504742847
19020,11219,10017,0,6,277,4,161,8.3556961004
19021,11219,11433,0,6,18,4,12,11.8361003266
19022,11219,10308,0,6,8,4,8,9.87513199916
19023,11219,10468,0,6,52,4,30,16.9753231895
19024,11219,10111,0,6,15,4,13,8.80251269787
19025,11219,10309,0,6,23,4,15,13.4254874786
19026,11219,10034,0,6,68,4,33,16.7161811217
19027,11219,10028,0,6,89,4,53,10.2023952998
19028,11219,10035,0,6,65,4,32,12.1799442544
19029,11219,11228,0,6,10,4,8,1.30756067325
19030,11219,11105,0,6,25,4,19,10.8510522449
19031,11219,11355,0,6,26,4,18,12.3085475765
19032,11219,11209,0,6,49,4,28,1.85725175111
19033,11219,11213,0,6,35,4,20,4.191301375
19034,11219,11369,0,6,12,4,8,11.1625345142
19035,11219,10031,0,6,64,4,45,13.5998840563
19036,11219,11221,0,6,120,4,61,5.47278443714
19037,11219,11212,0,6,12,4,10,4.82133069906
19038,11219,11233,0,6,74,4,34,5.10888346498
19039,11219,11368,0,6,62,4,41,10.7266624916
19040,11219,11205,0,6,37,4,31,4.56255531054
19041,11219,10069,0,6,14,4,8,9.87392133045
19042,11219,11203,0,6,39,4,8,3.51655857926
19043,11219,10459,0,6,16,4,8,14.3724764951
19044,11219,11219,4,6,6,4,4,0.0
19045,11219,11434,0,6,32,4,16,12.1094749687
19046,11219,11230,0,6,11,4,5,1.80536529577
19047,11219,11373,0,6,53,4,27,9.47157758065
19048,11219,11362,0,6,8,4,5,16.3696332353
19049,11219,10305,0,6,11,4,8,4.7394247355
19050,11219,11104,0,6,8,4,6,8.67775010691
19051,11219,10004,0,6,168,4,99,5.17631584707
19052,11219,10275,0,6,13,4,7,10.2822336006
19053,11219,10118,0,6,4,4,3,8.05864509021
19054,11219,10026,0,6,57,4,43,11.9591999431
19055,11219,11235,0,6,19,4,14,4.14054153081
19056,11219,10469,0,6,44,4,12,18.0751533803
19057,11219,10281,0,6,31,4,24,5.7557053884
19058,11219,11223,0,6,10,4,7,2.68259058449
19059,11219,11379,0,6,33,4,13,8.43012081765
19060,11219,10465,0,6,37,4,16,16.3072871177
19061,11219,10455,0,6,20,4,11,13.4635719224
19062,11219,10466,0,6,16,4,11,19.4808971838
19063,11219,11239,0,6,4,4,2,6.22420702404
19064,11219,11207,0,6,86,4,31,5.98267865088
19065,11219,11367,0,6,35,4,17,11.3307259437
19066,11219,11106,0,6,21,4,19,9.56630450943
19067,11219,10471,0,6,19,4,15,19.1478682964
19068,11219,11234,0,6,50,4,15,4.04198892195
19069,11219,10167,0,6,11,4,4,8.52077793947
19070,11219,10453,0,6,21,4,16,15.847568985
19071,11219,10451,0,6,20,4,12,13.4938600716
19072,11219,10033,0,6,86,4,31,15.2694145157
19073,11219,11354,0,6,38,4,25,12.9768367527
19074,11219,10463,0,6,36,4,16,17.7780898516
19075,11219,10169,0,6,4,4,4,8.48599011987
19076,11219,10456,0,6,21,4,12,14.3671617839
19077,11219,11420,0,6,8,4,7,9.96106497601
19078,11219,10153,0,6,6,4,5,9.14394696783
19079,11219,10307,0,6,6,4,3,15.592127528
19080,11219,10306,0,6,17,4,8,7.73326124648
19081,11219,10165,0,6,2,4,2,8.32394616643
19082,11219,10303,0,6,11,4,7,8.73427949136
19083,11219,11224,0,6,22,4,13,3.861879092
19084,11219,10304,0,6,8,4,5,5.20634556321
19085,11219,10458,0,6,34,4,31,16.9547575328
19086,11219,11414,0,6,13,4,7,8.23933422059
19087,11219,11204,0,6,9,4,8,1.1125329229
19088,11219,11372,0,6,16,4,11,10.0267159437
19089,11219,11357,0,6,9,4,6,14.3700655208
19090,11219,10044,0,6,9,4,8,9.28705725853
19091,11219,11229,0,6,27,4,14,3.69361288248
19092,11219,11236,0,6,15,4,9,4.90301675395
19093,11219,10302,0,6,5,4,5,7.40543509205
19094,11219,11422,0,6,11,4,8,13.8813228479
19095,11219,10312,0,6,4,4,2,11.2977692724
19096,11219,10310,0,6,27,4,6,6.26727437447
19097,11219,11429,0,6,8,4,6,14.5073568911
19098,11219,10152,0,6,2,4,2,8.79666516629
19099,11219,11214,0,6,10,4,6,2.30845081485
19100,11219,11435,0,6,41,4,23,10.8498748082
19101,11219,10039,0,6,8,4,7,13.724305595
19102,11219,10121,0,6,1,4,1,8.08971545522
19103,11219,11413,0,6,14,4,7,13.1294846009
19104,11219,10473,0,6,14,4,9,14.7252630704
19105,11219,10454,0,6,19,4,10,12.6886770358
19106,11219,11416,0,6,5,4,5,8.43593835408
19107,11219,10280,0,6,5,4,3,5.29830090789
19108,11219,11694,0,6,5,4,4,8.73942310984
19109,11219,11358,0,6,6,4,4,13.7336095042
19110,11219,11421,0,6,4,4,4,8.29692536504
19111,11219,11412,0,6,4,4,4,13.2203072161
19112,11219,10174,0,6,2,4,2,8.30004996431
19113,11219,11417,0,6,3,4,3,8.49999994842
19114,11219,11427,0,6,5,4,4,14.6303876067
19115,11219,11411,0,6,4,4,2,14.3247130938
19116,11219,11374,0,6,10,4,9,9.55616403551
19117,11219,10096,0,6,2,4,2,10.2822336006
19118,11219,10006,0,6,19,4,18,5.28373934814
19119,11219,10037,0,6,15,4,10,12.8778930525
19120,11219,11370,0,6,8,4,4,10.5840994822
19121,11219,10475,0,6,15,4,11,19.2017363385
19122,11219,11225,0,6,17,4,13,3.01682405724
19123,11219,10282,0,6,10,4,9,5.92283935515
19124,11219,11426,0,6,12,4,5,16.0126816515
19125,11219,11378,0,6,18,4,7,8.00984394155
19126,11219,10107,0,6,1,4,1,9.27229420418
19127,11219,11251,0,6,4,4,3,2.8321659064
19128,11219,11436,0,6,6,4,3,10.8677212074
19129,11219,11360,0,6,10,4,5,15.268770445
19130,11219,11356,0,6,2,4,2,13.2554239605
19131,11219,10474,0,6,8,4,7,13.7172168429
19132,11219,11697,0,6,1,4,1,6.78216454468
19133,11219,10172,0,6,2,4,2,8.56734568019
19134,11219,11691,0,6,4,4,3,12.6439704508
19135,11219,10470,0,6,6,4,4,19.8249532582
19136,11219,11366,0,6,7,4,5,12.3927908219
19137,11219,10041,0,6,2,4,2,4.92470572503
19138,11219,10278,0,6,1,4,1,5.75999187659
19139,11219,10106,0,6,4,4,1,9.20080213616
19140,11219,11428,0,6,2,4,2,14.6957980013
19141,11219,10286,0,6,1,4,1,5.7023451015
19142,11219,10279,0,6,1,4,1,5.59972850623
19143,11219,10103,0,6,1,4,1,8.91716202223
19144,11219,10196,0,6,1,4,1,10.2822336006
19145,11219,10154,0,6,1,4,1,8.75068296361
19146,11219,10119,0,6,2,4,2,8.17006338358
19147,11219,10464,0,6,5,4,4,18.9322372718
19148,11219,10166,0,6,2,4,2,8.49358868391
19149,11219,10203,0,6,1,4,1,10.2822336006
19150,11219,11359,0,6,2,4,2,15.9789514373
19151,11219,10177,0,6,1,4,1,8.54617841979
19152,11219,11040,0,6,1,4,1,18.328087426
19153,11219,11364,0,6,2,4,2,14.706335515
19154,11219,11692,0,6,2,4,2,10.8954617034
19155,11219,11423,0,6,1,4,1,13.2442640361
19156,11219,11415,0,6,2,4,2,10.147534989
19157,11219,10175,0,6,2,4,1,8.45289221333
19158,11434,10012,2,32,445,16,357,12.3624507504
19159,11434,11222,2,32,110,16,71,9.74782428797
19160,11434,11231,2,32,65,16,44,12.0773551335
19161,11434,10019,3,32,637,16,440,12.8143098358
19162,11434,11102,2,32,35,16,30,10.3851785243
19163,11434,10003,0,32,493,16,400,12.0516001928
19164,11434,10020,0,32,143,16,116,12.3348791178
19165,11434,10018,2,32,339,16,256,12.8401742865
19166,11434,10001,2,32,670,16,468,12.8651464655
19167,11434,11365,3,32,21,16,9,4.5383807081
19168,11434,10007,2,32,1780,16,1042,12.6198180898
19169,11434,10022,3,32,228,16,164,11.751784734
19170,11434,10013,0,32,745,16,406,12.6152752226
19171,11434,10472,2,32,23,16,8,11.849341948
19172,11434,11226,2,32,195,16,123,9.82230692483
19173,11434,10027,2,32,141,16,83,13.4872416965
19174,11434,11210,2,32,34,16,20,9.64261658917
19175,11434,11693,0,32,6,16,6,5.9193706711
19176,11434,11432,1,32,49,16,36,2.91564902126
19177,11434,11103,2,32,35,16,26,9.4651923283
19178,11434,11237,2,32,64,16,53,7.97868672573
19179,11434,10010,3,32,218,16,181,11.8502945449
19180,11434,10014,2,32,397,16,286,12.8940520251
19181,11434,10009,0,32,135,16,91,11.3990280582
19182,11434,10036,2,32,826,16,656,12.8250403715
19183,11434,11216,2,32,60,16,49,9.22948532352
19184,11434,11418,0,32,15,16,11,3.591724852
19185,11434,11109,0,32,5,16,5,5.40280038056
19186,11434,11371,2,32,71,16,65,8.59429628097
19187,11434,10460,3,32,42,16,22,12.7754833889
19188,11434,10048,0,32,86,16,65,12.8414916861
19189,11434,10128,3,32,51,16,40,11.8962645371
19190,11434,11375,2,32,44,16,27,4.9665824766
19191,11434,10023,3,32,210,16,134,13.0566721361
19192,11434,11211,2,32,352,16,256,9.8756272931
19193,11434,10011,2,32,437,16,352,12.7836319131
19194,11434,10025,1,32,143,16,65,13.339768774
19195,11434,10032,2,32,65,16,28,14.4695606141
19196,11434,11232,3,32,125,16,24,12.2392420059
19197,11434,11377,2,32,46,16,33,8.32885933209
19198,11434,11361,2,32,19,16,11,6.0924831439
19199,11434,11206,0,32,90,16,63,9.1372286006
19200,11434,11430,2,32,187,16,143,2.06982689319
19201,11434,10021,2,32,62,16,45,11.7815742865
19202,11434,11201,3,32,234,16,176,11.452131877
19203,11434,11238,0,32,109,16,64,9.98106190643
19204,11434,10016,2,32,162,16,110,11.8295592981
19205,11434,11218,2,32,26,16,19,10.8833951972
19206,11434,10301,2,32,45,16,32,17.1616107938
19207,11434,10452,3,32,54,16,34,13.7654857517
19208,11434,10314,3,32,51,16,30,20.1390561594
19209,11434,10461,1,32,50,16,20,12.0929439496
19210,11434,11101,3,32,193,16,96,9.99727128531
19211,11434,10029,3,32,50,16,38,12.1386996112
19212,11434,10467,3,32,33,16,22,14.5330432908
19213,11434,11208,0,32,43,16,13,5.24429251426
19214,11434,10024,0,32,101,16,71,13.2022143524
19215,11434,10005,2,32,65,16,41,12.5739670106
19216,11434,10030,1,32,39,16,26,13.3444943815
19217,11434,10002,0,32,258,16,186,11.6245064266
19218,11434,11385,1,32,56,16,31,6.60357141233
19219,11434,11220,2,32,38,16,23,12.9782599345
19220,11434,11215,3,32,123,16,95,11.1969476147
19221,11434,10038,2,32,174,16,85,12.3651012722
19222,11434,11217,0,32,92,16,71,10.7874197358
19223,11434,10462,2,32,104,16,58,12.3922383724
19224,11434,10040,2,32,80,16,27,15.0902360635
19225,11434,10457,3,32,28,16,16,13.5745621056
19226,11434,10017,2,32,277,16,161,11.7588110404
19227,11434,11433,2,32,18,16,12,1.68019638917
19228,11434,10308,0,32,8,16,8,21.6407968602
19229,11434,10468,2,32,52,16,30,14.8302289957
19230,11434,10111,0,32,15,16,13,12.2380990184
19231,11434,10309,2,32,23,16,15,25.2310362655
19232,11434,10034,1,32,68,16,33,15.38300141
19233,11434,10028,2,32,89,16,53,11.8367874261
19234,11434,10035,3,32,65,16,32,12.1949550022
19235,11434,11228,1,32,10,16,8,13.1683548845
19236,11434,11105,1,32,25,16,19,9.89893986765
19237,11434,11355,2,32,26,16,18,5.70041264873
19238,11434,11209,2,32,49,16,28,13.9583057096
19239,11434,11213,0,32,35,16,20,8.50954452484
19240,11434,11369,2,32,12,16,8,7.95061801815
19241,11434,10031,1,32,64,16,45,13.9427597523
19242,11434,11221,0,32,120,16,61,8.15051941546
19243,11434,11212,0,32,12,16,10,7.43788001278
19244,11434,11233,0,32,74,16,34,7.66502468008
19245,11434,11368,2,32,62,16,41,6.71352349059
19246,11434,11205,0,32,37,16,31,10.2038091115
19247,11434,10069,0,32,14,16,8,13.3754307523
19248,11434,11203,0,32,39,16,8,8.61156481963
19249,11434,10459,1,32,16,16,8,12.1630888717
19250,11434,11219,0,32,6,16,4,12.1094749687
19251,11434,11434,16,32,32,16,16,0.0
19252,11434,11230,0,32,11,16,5,10.6858729988
19253,11434,11373,3,32,53,16,27,6.9587334081
19254,11434,11362,1,32,8,16,5,6.20754479189
19255,11434,10305,0,32,11,16,8,16.73196965
19256,11434,11104,0,32,8,16,6,9.05628829722
19257,11434,10004,3,32,168,16,99,14.2017278655
19258,11434,10275,0,32,13,16,7,12.9837936958
19259,11434,10118,0,32,4,16,3,12.3341098807
19260,11434,10026,0,32,57,16,43,13.0085731208
19261,11434,11235,2,32,19,16,14,11.2501125257
19262,11434,10469,0,32,44,16,12,13.9313891838
19263,11434,10281,0,32,31,16,24,13.015650517
19264,11434,11223,0,32,10,16,7,11.7522289951
19265,11434,11379,2,32,33,16,13,6.27476153766
19266,11434,10465,3,32,37,16,16,10.6707284964
19267,11434,10455,1,32,20,16,11,12.0175343362
19268,11434,10466,0,32,16,16,11,15.4101223634
19269,11434,11239,1,32,4,16,2,5.9436496309
19270,11434,11207,3,32,86,16,31,6.39132558511
19271,11434,11367,2,32,35,16,17,4.50525410134
19272,11434,11106,0,32,21,16,19,10.27731269
19273,11434,10471,2,32,19,16,15,17.0318619971
19274,11434,11234,1,32,50,16,15,8.73778494964
19275,11434,10167,0,32,11,16,4,11.967183332
19276,11434,10453,1,32,21,16,16,14.3038071508
19277,11434,10451,2,32,20,16,12,12.7091549579
19278,11434,10033,3,32,86,16,31,14.7114337408
19279,11434,11354,2,32,38,16,25,6.98424615126
19280,11434,10463,3,32,36,16,16,15.8881453946
19281,11434,10169,0,32,4,16,4,12.0063386458
19282,11434,10456,2,32,21,16,12,12.8415101533
19283,11434,11420,0,32,8,16,7,2.1956462904
19284,11434,10153,0,32,6,16,5,12.1581253106
19285,11434,10307,0,32,6,16,3,27.320385921
19286,11434,10306,0,32,17,16,8,19.5523138898
19287,11434,10165,0,32,2,16,2,12.0741595345
19288,11434,10303,2,32,11,16,7,20.7180081683
19289,11434,11224,0,32,22,16,13,13.3639080529
19290,11434,10304,0,32,8,16,5,17.3024344064
19291,11434,10458,2,32,34,16,31,14.4113090771
19292,11434,11414,2,32,13,16,7,3.87979535012
19293,11434,11204,0,32,9,16,8,11.7933521919
19294,11434,11372,1,32,16,16,11,7.83075277635
19295,11434,11357,0,32,9,16,6,7.7995116559
19296,11434,10044,0,32,9,16,8,11.0504741568
19297,11434,11229,2,32,27,16,14,10.279394618
19298,11434,11236,1,32,15,16,9,7.27677102368
19299,11434,10302,3,32,5,16,5,19.3892719636
19300,11434,11422,1,32,11,16,8,2.1495400304
19301,11434,10312,0,32,4,16,2,23.0886480437
19302,11434,10310,0,32,27,16,6,18.2554416283
19303,11434,11429,2,32,8,16,6,2.93488051536
19304,11434,10152,0,32,2,16,2,11.9631424456
19305,11434,11214,0,32,10,16,6,12.8582523954
19306,11434,11435,3,32,41,16,23,2.61313669857
19307,11434,10039,2,32,8,16,7,13.5429361767
19308,11434,10121,0,32,1,16,1,12.6117323762
19309,11434,11413,3,32,14,16,7,1.16554716005
19310,11434,10473,2,32,14,16,9,10.8948310901
19311,11434,10454,2,32,19,16,10,11.7726323881
19312,11434,11416,2,32,5,16,5,4.11760313112
19313,11434,10280,0,32,5,16,3,13.0680509548
19314,11434,11694,0,32,5,16,4,7.83858652107
19315,11434,11358,0,32,6,16,4,6.03552004712
19316,11434,11421,1,32,4,16,4,4.62871525612
19317,11434,11412,2,32,4,16,4,1.68817101647
19318,11434,10174,0,32,2,16,2,11.8768910053
19319,11434,11417,0,32,3,16,3,3.7859318233
19320,11434,11427,3,32,5,16,4,3.90605414495
19321,11434,11411,0,32,4,16,2,2.32921211717
19322,11434,11374,2,32,10,16,9,5.77794255997
19323,11434,10096,0,32,2,16,2,12.9837936958
19324,11434,10006,0,32,19,16,18,12.846765653
19325,11434,10037,2,32,15,16,10,12.8421370814
19326,11434,11370,0,32,8,16,4,8.67410328552
19327,11434,10475,2,32,15,16,11,14.3208052891
19328,11434,11225,1,32,17,16,13,9.61843853078
19329,11434,10282,0,32,10,16,9,13.0212721277
19330,11434,11426,2,32,12,16,5,4.79671528808
19331,11434,11378,3,32,18,16,7,7.62529427216
19332,11434,10107,0,32,1,16,1,12.7074098457
19333,11434,11251,0,32,4,16,3,9.28586725998
19334,11434,11436,2,32,6,16,3,1.2708150361
19335,11434,11360,2,32,10,16,5,7.28983593606
19336,11434,11356,0,32,2,16,2,8.49054140186
19337,11434,10474,1,32,8,16,7,11.2884405905
19338,11434,11697,0,32,1,16,1,10.6749509165
19339,11434,10172,0,32,2,16,2,11.9649919385
19340,11434,11691,0,32,4,16,3,5.21154499525
19341,11434,10470,1,32,6,16,4,16.2464915197
19342,11434,11366,0,32,7,16,5,3.72548572247
19343,11434,10041,0,32,2,16,2,12.6191396265
19344,11434,10278,0,32,1,16,1,12.4676013786
19345,11434,10106,0,32,4,16,1,12.5625010518
19346,11434,11428,0,32,2,16,2,3.52222375986
19347,11434,10286,0,32,1,16,1,12.8524441419
19348,11434,10279,0,32,1,16,1,12.6648934105
19349,11434,10103,0,32,1,16,1,12.2981320983
19350,11434,10196,0,32,1,16,1,12.9837936958
19351,11434,10154,0,32,1,16,1,11.9626883173
19352,11434,10119,0,32,2,16,2,12.6931255173
19353,11434,10464,0,32,5,16,4,12.5965954499
19354,11434,10166,0,32,2,16,2,12.0186804736
19355,11434,10203,0,32,1,16,1,12.9837936958
19356,11434,11359,0,32,2,16,2,8.13755358567
19357,11434,10177,0,32,1,16,1,12.035628583
19358,11434,11040,0,32,1,16,1,6.80127869035
19359,11434,11364,0,32,2,16,2,5.00150824501
19360,11434,11692,0,32,2,16,2,5.7821816556
19361,11434,11423,0,32,1,16,1,2.7268961307
19362,11434,11415,0,32,2,16,2,3.72187292872
19363,11434,10175,0,32,2,16,1,12.1755532707
19364,11230,10012,0,11,445,5,357,7.32682878102
19365,11230,11222,0,11,110,5,71,7.19567156999
19366,11230,11231,0,11,65,5,44,4.34430380566
19367,11230,10019,0,11,637,5,440,9.91148168664
19368,11230,11102,0,11,35,5,30,10.4421838168
19369,11230,10003,0,11,493,5,400,7.67073196096
19370,11230,10020,0,11,143,5,116,9.39920838948
19371,11230,10018,0,11,339,5,256,9.24289489351
19372,11230,10001,0,11,670,5,468,8.9762478081
19373,11230,11365,0,11,21,5,9,12.0773187537
19374,11230,10007,0,11,1780,5,1042,6.72152980282
19375,11230,10022,0,11,228,5,164,9.38708678915
19376,11230,10013,0,11,745,5,406,7.07524070339
19377,11230,10472,0,11,23,5,8,15.1703105989
19378,11230,11226,1,11,195,5,123,1.6033426952
19379,11230,10027,0,11,141,5,83,13.0968031743
19380,11230,11210,0,11,34,5,20,1.04330341024
19381,11230,11693,0,11,6,5,6,7.80764900483
19382,11230,11432,0,11,49,5,36,10.9683660234
19383,11230,11103,0,11,35,5,26,10.0568634793
19384,11230,11237,0,11,64,5,53,6.01461113776
19385,11230,10010,1,11,218,5,181,8.06044422597
19386,11230,10014,0,11,397,5,286,8.00508725946
19387,11230,10009,0,11,135,5,91,7.2225805724
19388,11230,10036,0,11,826,5,656,9.51781066669
19389,11230,11216,0,11,60,5,49,4.04955799977
19390,11230,11418,0,11,15,5,11,8.61641938046
19391,11230,11109,0,11,5,5,5,5.29023135022
19392,11230,11371,0,11,71,5,65,11.3027067729
19393,11230,10460,0,11,42,5,22,15.6711829431
19394,11230,10048,0,11,86,5,65,6.64470275371
19395,11230,10128,0,11,51,5,40,10.9886387494
19396,11230,11375,0,11,44,5,27,9.16659233201
19397,11230,10023,0,11,210,5,134,10.6095296851
19398,11230,11211,0,11,352,5,256,6.1701871105
19399,11230,10011,0,11,437,5,352,8.35837304962
19400,11230,10025,0,11,143,5,65,12.1121213124
19401,11230,10032,0,11,65,5,28,15.0685963949
19402,11230,11232,0,11,125,5,24,3.07229182515
19403,11230,11377,0,11,46,5,33,8.86109834362
19404,11230,11361,0,11,19,5,11,13.9108653119
19405,11230,11206,0,11,90,5,63,5.58971827606
19406,11230,11430,0,11,187,5,143,9.06370536621
19407,11230,10021,0,11,62,5,45,10.0366970367
19408,11230,11201,0,11,234,5,176,5.15568210063
19409,11230,11238,0,11,109,5,64,3.94451765054
19410,11230,10016,0,11,162,5,110,8.52881706133
19411,11230,11218,0,11,26,5,19,1.60926296227
19412,11230,10301,0,11,45,5,32,6.86384616655
19413,11230,10452,0,11,54,5,34,15.0491673893
19414,11230,10314,0,11,51,5,30,9.57926314347
19415,11230,10461,0,11,50,5,20,16.5554843963
19416,11230,11101,0,11,193,5,96,8.54532239824
19417,11230,10029,0,11,50,5,38,11.6737930991
19418,11230,10467,0,11,33,5,22,17.9068283928
19419,11230,11208,0,11,43,5,13,5.91775575517
19420,11230,10024,0,11,101,5,71,11.2945497178
19421,11230,10005,0,11,65,5,41,6.1838804702
19422,11230,10030,0,11,39,5,26,13.5103232831
19423,11230,10002,0,11,258,5,186,6.59830617174
19424,11230,11385,0,11,56,5,31,6.67922126507
19425,11230,11220,0,11,38,5,23,2.99001380392
19426,11230,11215,0,11,123,5,95,3.26972484348
19427,11230,10038,0,11,174,5,85,6.32904535
19428,11230,11217,0,11,92,5,71,4.13951388746
19429,11230,10462,0,11,104,5,58,16.108548784
19430,11230,10040,0,11,80,5,27,16.3724056924
19431,11230,10457,0,11,28,5,16,15.8193531345
19432,11230,10017,0,11,277,5,161,8.92263611667
19433,11230,11433,0,11,18,5,12,10.5919385546
19434,11230,10308,0,11,8,5,8,10.9955279922
19435,11230,10468,0,11,52,5,30,17.1875214624
19436,11230,10111,0,11,15,5,13,9.4275233424
19437,11230,10309,0,11,23,5,15,14.584304933
19438,11230,10034,0,11,68,5,33,17.0412299165
19439,11230,10028,0,11,89,5,53,10.6247815993
19440,11230,10035,0,11,65,5,32,12.483442586
19441,11230,11228,0,11,10,5,8,2.52073707262
19442,11230,11105,0,11,25,5,19,10.8739337133
19443,11230,11355,0,11,26,5,18,11.5779902892
19444,11230,11209,0,11,49,5,28,3.42957358471
19445,11230,11213,0,11,35,5,20,3.65746428928
19446,11230,11369,0,11,12,5,8,10.8343860528
19447,11230,10031,0,11,64,5,45,14.0452981945
19448,11230,11221,0,11,120,5,61,5.1125412421
19449,11230,11212,0,11,12,5,10,3.80760533229
19450,11230,11233,0,11,74,5,34,4.4295362105
19451,11230,11368,0,11,62,5,41,10.2116863094
19452,11230,11205,0,11,37,5,31,4.91458641197
19453,11230,10069,0,11,14,5,8,10.6114335622
19454,11230,11203,0,11,39,5,8,2.43507956267
19455,11230,10459,0,11,16,5,8,14.45742317
19456,11230,11219,0,11,6,5,4,1.80536529577
19457,11230,11434,0,11,32,5,16,10.6858729988
19458,11230,11230,5,11,11,5,5,0.0
19459,11230,11373,0,11,53,5,27,9.02240450548
19460,11230,11362,0,11,8,5,5,15.369699882
19461,11230,10305,0,11,11,5,8,6.05469297731
19462,11230,11104,0,11,8,5,6,8.66110011423
19463,11230,10004,0,11,168,5,99,6.63334103858
19464,11230,10275,0,11,13,5,7,10.9066653482
19465,11230,10118,0,11,4,5,3,8.77234623087
19466,11230,10026,0,11,57,5,43,12.420822931
19467,11230,11235,1,11,19,5,14,2.80376567653
19468,11230,10469,0,11,44,5,12,18.0268202812
19469,11230,10281,0,11,31,5,24,6.86181828602
19470,11230,11223,1,11,10,5,7,1.76591266544
19471,11230,11379,0,11,33,5,13,7.82069564806
19472,11230,10465,0,11,37,5,16,15.9700598492
19473,11230,10455,0,11,20,5,11,13.6151872569
19474,11230,10466,0,11,16,5,11,19.4863699733
19475,11230,11239,0,11,4,5,2,4.74227042323
19476,11230,11207,0,11,86,5,31,4.94587459803
19477,11230,11367,0,11,35,5,17,10.4598816437
19478,11230,11106,0,11,21,5,19,9.74598175219
19479,11230,10471,0,11,19,5,15,19.4343054674
19480,11230,11234,0,11,50,5,15,2.26424531348
19481,11230,10167,0,11,11,5,4,9.11642624685
19482,11230,10453,0,11,21,5,16,16.1062723812
19483,11230,10451,0,11,20,5,12,13.7528286627
19484,11230,10033,0,11,86,5,31,15.6544753889
19485,11230,11354,0,11,38,5,25,12.393605988
19486,11230,10463,0,11,36,5,16,18.056569774
19487,11230,10169,0,11,4,5,4,9.09273111874
19488,11230,10456,0,11,21,5,12,14.5583171718
19489,11230,11420,0,11,8,5,7,8.60161333839
19490,11230,10153,0,11,6,5,5,9.72193529369
19491,11230,10307,0,11,6,5,3,16.7070307492
19492,11230,10306,0,11,17,5,8,8.88425180224
19493,11230,10165,0,11,2,5,2,8.95910875291
19494,11230,10303,0,11,11,5,7,10.425355462
19495,11230,11224,0,11,22,5,13,3.51240834944
19496,11230,10304,0,11,8,5,5,6.68829974122
19497,11230,10458,0,11,34,5,31,17.1062247098
19498,11230,11414,0,11,13,5,7,6.81081748143
19499,11230,11204,0,11,9,5,8,1.11144177774
19500,11230,11372,0,11,16,5,11,9.72673750312
19501,11230,11357,0,11,9,5,6,13.7991119495
19502,11230,10044,0,11,9,5,8,9.63638992764
19503,11230,11229,1,11,27,5,14,2.03890498434
19504,11230,11236,0,11,15,5,9,3.41012534446
19505,11230,10302,0,11,5,5,5,9.1060827031
19506,11230,11422,0,11,11,5,8,12.3484027501
19507,11230,10312,0,11,4,5,2,12.4407578725
19508,11230,10310,0,11,27,5,6,7.97593807559
19509,11230,11429,0,11,8,5,6,13.2340622086
19510,11230,10152,0,11,2,5,2,9.36717731993
19511,11230,11214,0,11,10,5,6,2.35494282077
19512,11230,11435,0,11,41,5,23,9.70122426959
19513,11230,10039,0,11,8,5,7,14.0927536025
19514,11230,10121,0,11,1,5,1,8.85841693605
19515,11230,11413,0,11,14,5,7,11.6507237353
19516,11230,10473,0,11,14,5,9,14.580808206
19517,11230,10454,0,11,19,5,10,12.8745897374
19518,11230,11416,0,11,5,5,5,7.29307281617
19519,11230,10280,0,11,5,5,3,6.4718984115
19520,11230,11694,0,11,5,5,4,6.94270183205
19521,11230,11358,0,11,6,5,4,12.9634494901
19522,11230,11421,0,11,4,5,4,7.27717054165
19523,11230,11412,0,11,4,5,4,11.9167852019
19524,11230,10174,0,11,2,5,2,8.89633633593
19525,11230,11417,0,11,3,5,3,7.25207584113
19526,11230,11427,0,11,5,5,4,13.4920831081
19527,11230,11411,0,11,4,5,2,12.957872161
19528,11230,11374,0,11,10,5,9,8.88708330443
19529,11230,10096,0,11,2,5,2,10.9066653482
19530,11230,10006,0,11,19,5,18,6.40283091789
19531,11230,10037,0,11,15,5,10,13.2200534744
19532,11230,11370,0,11,8,5,4,10.4092474324
19533,11230,10475,0,11,15,5,11,19.0784809152
19534,11230,11225,0,11,17,5,13,2.79498122608
19535,11230,10282,0,11,10,5,9,7.01095615711
19536,11230,11426,0,11,12,5,5,14.8336321852
19537,11230,11378,0,11,18,5,7,7.68942297193
19538,11230,10107,0,11,1,5,1,9.94466865639
19539,11230,11251,0,11,4,5,3,1.83007264155
19540,11230,11436,0,11,6,5,3,9.4794510474
19541,11230,11360,0,11,10,5,5,14.5443136143
19542,11230,11356,0,11,2,5,2,12.8760060724
19543,11230,10474,0,11,8,5,7,13.7294787039
19544,11230,11697,0,11,1,5,1,5.22233211801
19545,11230,10172,0,11,2,5,2,9.15844420552
19546,11230,11691,0,11,4,5,3,10.8776343421
19547,11230,10470,0,11,6,5,4,19.9130744719
19548,11230,11366,0,11,7,5,5,11.3891787822
19549,11230,10041,0,11,2,5,2,6.02535710249
19550,11230,10278,0,11,1,5,1,6.72939861052
19551,11230,10106,0,11,4,5,1,9.85213116506
19552,11230,11428,0,11,2,5,2,13.4925831634
19553,11230,10286,0,11,1,5,1,6.77455313314
19554,11230,10279,0,11,1,5,1,6.63639933564
19555,11230,10103,0,11,1,5,1,9.54351511324
19556,11230,10196,0,11,1,5,1,10.9066653482
19557,11230,10154,0,11,1,5,1,9.32515864533
19558,11230,10119,0,11,2,5,2,8.94770434581
19559,11230,10464,0,11,5,5,4,18.5837061484
19560,11230,10166,0,11,2,5,2,9.10218384211
19561,11230,10203,0,11,1,5,1,10.9066653482
19562,11230,11359,0,11,2,5,2,15.3055643016
19563,11230,10177,0,11,1,5,1,9.15355764068
19564,11230,11040,0,11,1,5,1,17.1196356885
19565,11230,11364,0,11,2,5,2,13.714193046
19566,11230,11692,0,11,2,5,2,9.1050786763
19567,11230,11423,0,11,1,5,1,12.0721955835
19568,11230,11415,0,11,2,5,2,9.13756917558
19569,11230,10175,0,11,2,5,1,9.09727532798
19570,11373,10012,3,53,445,27,357,6.35314611767
19571,11373,11222,2,53,110,27,71,3.60933778672
19572,11373,11231,2,53,65,27,44,7.63923498596
19573,11373,10019,4,53,637,27,440,6.00334706927
19574,11373,11102,2,53,35,27,30,3.44630808209
19575,11373,10003,0,53,493,27,400,5.84768357675
19576,11373,10020,0,53,143,27,116,5.58522619067
19577,11373,10018,3,53,339,27,256,6.19321476815
19578,11373,10001,4,53,670,27,468,6.30032705503
19579,11373,11365,3,53,21,27,9,4.51563046088
19580,11373,10007,5,53,1780,27,1042,6.93862597904
19581,11373,10022,4,53,228,27,164,4.94539929839
19582,11373,10013,0,53,745,27,406,6.76230991977
19583,11373,10472,2,53,23,27,8,6.52867445219
19584,11373,11226,4,53,195,27,123,7.47242442674
19585,11373,10027,2,53,141,27,83,6.65009330273
19586,11373,11210,3,53,34,27,20,8.26038687663
19587,11373,11693,0,53,6,27,6,10.0755624702
19588,11373,11432,1,53,49,27,36,4.70184789643
19589,11373,11103,2,53,35,27,26,2.53350073836
19590,11373,11237,2,53,64,27,53,3.1518833173
19591,11373,10010,2,53,218,27,181,5.46285227872
19592,11373,10014,2,53,397,27,286,6.68129016809
19593,11373,10009,0,53,135,27,91,5.31681852977
19594,11373,10036,4,53,826,27,656,6.10351465572
19595,11373,11216,2,53,60,27,49,5.32426606716
19596,11373,11418,0,53,15,27,11,3.48706912744
19597,11373,11109,0,53,5,27,5,5.85676200279
19598,11373,11371,2,53,71,27,65,2.48864175077
19599,11373,10460,4,53,42,27,22,7.23766027395
19600,11373,10048,0,53,86,27,65,7.23844150723
19601,11373,10128,3,53,51,27,40,4.94026591151
19602,11373,11375,3,53,44,27,27,2.00264276865
19603,11373,10023,3,53,210,27,134,6.1540071137
19604,11373,11211,2,53,352,27,256,4.33057100059
19605,11373,10011,2,53,437,27,352,6.41644126884
19606,11373,10025,1,53,143,27,65,6.39403903711
19607,11373,10032,2,53,65,27,28,7.94963106643
19608,11373,11232,3,53,125,27,24,8.65192815215
19609,11373,11377,3,53,46,27,33,1.42946219449
19610,11373,11361,3,53,19,27,11,5.77501111299
19611,11373,11206,0,53,90,27,63,4.12364534354
19612,11373,11430,2,53,187,27,143,7.31901600219
19613,11373,10021,2,53,62,27,45,4.86637831427
19614,11373,11201,4,53,234,27,176,6.47334694413
19615,11373,11238,0,53,109,27,64,5.88182027068
19616,11373,10016,2,53,162,27,110,5.27101444083
19617,11373,11218,2,53,26,27,19,8.14427148932
19618,11373,10301,2,53,45,27,32,13.4485518109
19619,11373,10452,3,53,54,27,34,7.45574042981
19620,11373,10314,4,53,51,27,30,16.6448229753
19621,11373,10461,1,53,50,27,20,7.66287485739
19622,11373,11101,4,53,193,27,96,3.26624667252
19623,11373,10029,3,53,50,27,38,5.22410907671
19624,11373,10467,3,53,33,27,22,9.40848607417
19625,11373,11208,0,53,43,27,13,4.38515689589
19626,11373,10024,0,53,101,27,71,6.24977765137
19627,11373,10005,2,53,65,27,41,7.16017042651
19628,11373,10030,2,53,39,27,26,6.62330997601
19629,11373,10002,0,53,258,27,186,5.86870086382
19630,11373,11385,1,53,56,27,31,2.40662162687
19631,11373,11220,2,53,38,27,23,9.74453059107
19632,11373,11215,3,53,123,27,95,7.3681843389
19633,11373,10038,2,53,174,27,85,6.84118884643
19634,11373,11217,0,53,92,27,71,6.4290252746
19635,11373,10462,3,53,104,27,58,7.3915349556
19636,11373,10040,2,53,80,27,27,8.86627989355
19637,11373,10457,3,53,28,27,16,7.71233362235
19638,11373,10017,4,53,277,27,161,5.07030987285
19639,11373,11433,2,53,18,27,12,5.48814442138
19640,11373,10308,0,53,8,27,8,19.1901265125
19641,11373,10468,2,53,52,27,30,9.10914252705
19642,11373,10111,0,53,15,27,13,5.47116746513
19643,11373,10309,2,53,23,27,15,22.6453003731
19644,11373,10034,1,53,68,27,33,9.34203453679
19645,11373,10028,2,53,89,27,53,4.88009246165
19646,11373,10035,3,53,65,27,32,5.42533794971
19647,11373,11228,1,53,10,27,8,10.7778552706
19648,11373,11105,1,53,25,27,19,3.09770645948
19649,11373,11355,2,53,26,27,18,3.21267874134
19650,11373,11209,2,53,49,27,28,11.1306947744
19651,11373,11213,0,53,35,27,20,5.38712336147
19652,11373,11369,2,53,12,27,8,1.8895337883
19653,11373,10031,1,53,64,27,45,7.24195779418
19654,11373,11221,0,53,120,27,61,4.00165698942
19655,11373,11212,0,53,12,27,10,5.42372739289
19656,11373,11233,0,53,74,27,34,4.60254017263
19657,11373,11368,2,53,62,27,41,1.28214969384
19658,11373,11205,1,53,37,27,31,5.41561259861
19659,11373,10069,0,53,14,27,8,6.49716292806
19660,11373,11203,0,53,39,27,8,6.66307909638
19661,11373,10459,1,53,16,27,8,6.21737173545
19662,11373,11219,0,53,6,27,4,9.47157758065
19663,11373,11434,3,53,32,27,16,6.9587334081
19664,11373,11230,0,53,11,27,5,9.02240450548
19665,11373,11373,27,53,53,27,27,0.0
19666,11373,11362,1,53,8,27,5,7.77250244199
19667,11373,10305,0,53,11,27,8,14.0199384668
19668,11373,11104,0,53,8,27,6,2.23973787945
19669,11373,10004,4,53,168,27,99,8.93457912326
19670,11373,10275,0,53,13,27,7,6.04675316429
19671,11373,10118,0,53,4,27,3,5.75990799494
19672,11373,10026,0,53,57,27,43,6.11635597914
19673,11373,11235,2,53,19,27,14,11.1701586909
19674,11373,10469,0,53,44,27,12,9.28803251703
19675,11373,10281,0,53,31,27,24,7.33816506672
19676,11373,11223,0,53,10,27,7,10.7288728432
19677,11373,11379,2,53,33,27,13,1.38481785488
19678,11373,10465,3,53,37,27,16,6.95311023722
19679,11373,10455,1,53,20,27,11,5.7011176143
19680,11373,10466,0,53,16,27,11,10.809871158
19681,11373,11239,1,53,4,27,2,6.22620457513
19682,11373,11207,2,53,86,27,31,4.57879906704
19683,11373,11367,2,53,35,27,17,3.01471044851
19684,11373,11106,0,53,21,27,19,3.32631967213
19685,11373,10471,2,53,19,27,15,11.4457457397
19686,11373,11234,1,53,50,27,15,8.4254593666
19687,11373,10167,0,53,11,27,4,5.24841538668
19688,11373,10453,1,53,21,27,16,8.26507894818
19689,11373,10451,2,53,20,27,12,6.22169718822
19690,11373,10033,3,53,86,27,31,8.32911054293
19691,11373,11354,2,53,38,27,25,3.54982933111
19692,11373,10463,3,53,36,27,16,10.1246156822
19693,11373,10169,0,53,4,27,4,5.29823726288
19694,11373,10456,2,53,21,27,12,6.65411006108
19695,11373,11420,0,53,8,27,7,5.47885792811
19696,11373,10153,0,53,6,27,5,5.32062740638
19697,11373,10307,0,53,6,27,3,24.8399377848
19698,11373,10306,0,53,17,27,8,17.0618368234
19699,11373,10165,0,53,2,27,2,5.41107192802
19700,11373,10303,2,53,11,27,7,16.6504013757
19701,11373,11224,0,53,22,27,13,12.5217302604
19702,11373,10304,0,53,8,27,5,14.2183380691
19703,11373,10458,2,53,34,27,31,8.85665642205
19704,11373,11414,2,53,13,27,7,5.67718895841
19705,11373,11204,0,53,9,27,8,9.83551016129
19706,11373,11372,1,53,16,27,11,1.02545336338
19707,11373,11357,0,53,9,27,6,4.91747214836
19708,11373,10044,0,53,9,27,8,4.14438299733
19709,11373,11229,2,53,27,27,14,10.0067130392
19710,11373,11236,1,53,15,27,9,6.72857765945
19711,11373,10302,3,53,5,27,5,15.4172251597
19712,11373,11422,1,53,11,27,8,9.05905083878
19713,11373,10312,0,53,4,27,2,20.5674878767
19714,11373,10310,0,53,27,27,6,14.3892405867
19715,11373,11429,1,53,8,27,6,7.53595290741
19716,11373,10152,0,53,2,27,2,5.18174825867
19717,11373,11214,0,53,10,27,6,11.31168302
19718,11373,11435,3,53,41,27,23,4.35735135644
19719,11373,10039,2,53,8,27,7,6.94650503995
19720,11373,10121,0,53,1,27,1,6.04786489421
19721,11373,11413,2,53,14,27,7,8.05730254516
19722,11373,10473,2,53,14,27,9,5.77611748661
19723,11373,10454,2,53,19,27,10,5.22333483061
19724,11373,11416,2,53,5,27,5,3.92208924547
19725,11373,10280,0,53,5,27,3,7.59810292495
19726,11373,11694,0,53,5,27,4,11.1302276206
19727,11373,11358,0,53,6,27,4,4.61806145125
19728,11373,11421,1,53,4,27,4,3.28732926495
19729,11373,11412,0,53,4,27,4,6.77843427616
19730,11373,10174,0,53,2,27,2,5.20910134267
19731,11373,11417,0,53,3,27,3,4.52832534261
19732,11373,11427,2,53,5,27,4,6.85665849683
19733,11373,11411,0,53,4,27,2,8.0271929538
19734,11373,11374,2,53,10,27,9,1.18296022845
19735,11373,10096,0,53,2,27,2,6.04675316429
19736,11373,10006,0,53,19,27,18,7.36826334123
19737,11373,10037,2,53,15,27,10,6.14431041235
19738,11373,11370,0,53,8,27,4,1.97085708394
19739,11373,10475,2,53,15,27,11,10.2092525116
19740,11373,11225,1,53,17,27,13,6.47100621071
19741,11373,10282,0,53,10,27,9,7.27233991303
19742,11373,11426,2,53,12,27,5,8.24287335234
19743,11373,11378,4,53,18,27,7,1.53632935165
19744,11373,10107,0,53,1,27,1,5.87924387232
19745,11373,11251,0,53,4,27,3,7.19644461972
19746,11373,11436,2,53,6,27,3,6.03562832316
19747,11373,11360,2,53,10,27,5,5.98193210495
19748,11373,11356,0,53,2,27,2,3.85574422079
19749,11373,10474,1,53,8,27,7,5.34580456859
19750,11373,11697,0,53,1,27,1,12.2459294059
19751,11373,10172,0,53,2,27,2,5.23497782794
19752,11373,11691,0,53,4,27,3,11.2626730473
19753,11373,10470,1,53,6,27,4,11.3909794463
19754,11373,11366,0,53,7,27,5,4.4114435223
19755,11373,10041,0,53,2,27,2,7.29775986465
19756,11373,10278,0,53,1,27,1,6.75724870905
19757,11373,10106,0,53,4,27,1,5.73794889143
19758,11373,11428,0,53,2,27,2,7.2649234863
19759,11373,10286,0,53,1,27,1,7.18667387673
19760,11373,10279,0,53,1,27,1,7.03393322547
19761,11373,10103,0,53,1,27,1,5.51106806129
19762,11373,10196,0,53,1,27,1,6.04675316429
19763,11373,10154,0,53,1,27,1,5.19107753765
19764,11373,10119,0,53,2,27,2,6.11278808975
19765,11373,10464,0,53,5,27,4,9.56197344682
19766,11373,10166,0,53,2,27,2,5.30942093871
19767,11373,10203,0,53,1,27,1,6.04675316429
19768,11373,11359,0,53,2,27,2,6.60130388225
19769,11373,10177,0,53,1,27,1,5.31463130427
19770,11373,11040,0,53,1,27,1,10.4597397178
19771,11373,11364,0,53,2,27,2,6.24158656666
19772,11373,11692,0,53,2,27,2,10.7831364677
19773,11373,11423,0,53,1,27,1,5.95734344811
19774,11373,11415,0,53,2,27,2,3.23798464295
19775,11373,10175,0,53,2,27,1,5.4855796086
19776,11362,10012,1,8,445,5,357,14.1072579081
19777,11362,11222,1,8,110,5,71,11.3811054551
19778,11362,11231,1,8,65,5,44,15.2011067258
19779,11362,10019,1,8,637,5,440,13.2479539668
19780,11362,11102,1,8,35,5,30,10.0734664554
19781,11362,10003,0,8,493,5,400,13.5716977842
19782,11362,10020,0,8,143,5,116,12.9610789528
19783,11362,10018,1,8,339,5,256,13.6538361215
19784,11362,10001,2,8,670,5,468,13.8302046299
19785,11362,11365,1,8,21,5,9,3.40361565859
19786,11362,10007,2,8,1780,5,1042,14.7111268309
19787,11362,10022,1,8,228,5,164,12.2830446135
19788,11362,10013,0,8,745,5,406,14.5293787455
19789,11362,10472,1,8,23,5,8,8.60847434476
19790,11362,11226,1,8,195,5,123,14.0937672076
19791,11362,10027,1,8,141,5,83,12.1923031969
19792,11362,11210,1,8,34,5,20,14.3860317155
19793,11362,11693,0,8,6,5,6,12.1142677477
19794,11362,11432,0,8,49,5,36,4.44965177256
19795,11362,11103,2,8,35,5,26,9.32566484637
19796,11362,11237,1,8,64,5,53,10.543208391
19797,11362,10010,1,8,218,5,181,13.1353982048
19798,11362,10014,1,8,397,5,286,14.3829296365
19799,11362,10009,0,8,135,5,91,13.0748606298
19800,11362,10036,1,8,826,5,656,13.4828743841
19801,11362,11216,1,8,60,5,49,12.544422323
19802,11362,11418,0,8,15,5,11,6.75471267069
19803,11362,11109,0,8,5,5,5,10.3937573067
19804,11362,11371,1,8,71,5,65,7.49193794261
19805,11362,10460,1,8,42,5,22,9.53798669138
19806,11362,10048,0,8,86,5,65,15.010338589
19807,11362,10128,1,8,51,5,40,11.495306084
19808,11362,11375,2,8,44,5,27,6.49790131188
19809,11362,10023,1,8,210,5,134,13.1450007936
19810,11362,11211,1,8,352,5,256,12.0581913465
19811,11362,10011,1,8,437,5,352,14.0649726491
19812,11362,10025,0,8,143,5,65,12.6085315359
19813,11362,10032,1,8,65,5,28,12.2705056301
19814,11362,11232,1,8,125,5,24,15.9444783151
19815,11362,11377,1,8,46,5,33,9.02456256672
19816,11362,11361,1,8,19,5,11,2.14896008929
19817,11362,11206,0,8,90,5,63,11.6948687294
19818,11362,11430,1,8,187,5,143,8.21562738899
19819,11362,10021,1,8,62,5,45,11.936879886
19820,11362,11201,2,8,234,5,176,14.146621829
19821,11362,11238,0,8,109,5,64,13.2327444994
19822,11362,10016,1,8,162,5,110,12.8568664641
19823,11362,11218,1,8,26,5,19,15.0197403059
19824,11362,10301,1,8,45,5,32,20.9177890316
19825,11362,10452,1,8,54,5,34,11.3184390031
19826,11362,10314,2,8,51,5,30,24.0858909153
19827,11362,10461,1,8,50,5,20,7.95491246761
19828,11362,11101,1,8,193,5,96,10.8470778204
19829,11362,10029,1,8,50,5,38,11.3637108996
19830,11362,10467,1,8,33,5,22,10.5495030754
19831,11362,11208,0,8,43,5,13,9.46115950177
19832,11362,10024,0,8,101,5,71,12.9249469235
19833,11362,10005,1,8,65,5,41,14.9204088525
19834,11362,10030,1,8,39,5,26,11.7434825412
19835,11362,10002,0,8,258,5,186,13.6409156939
19836,11362,11385,2,8,56,5,31,9.24510320784
19837,11362,11220,1,8,38,5,23,16.9322281175
19838,11362,11215,1,8,123,5,95,14.6986061769
19839,11362,10038,1,8,174,5,85,14.6078203345
19840,11362,11217,0,8,92,5,71,13.9133146242
19841,11362,10462,2,8,104,5,58,8.69681222884
19842,11362,10040,1,8,80,5,27,12.3102533505
19843,11362,10457,1,8,28,5,16,10.5495953192
19844,11362,10017,2,8,277,5,161,12.556167841
19845,11362,11433,1,8,18,5,12,5.20169160332
19846,11362,10308,0,8,8,5,8,26.241212697
19847,11362,10468,1,8,52,5,30,11.4292346771
19848,11362,10111,0,8,15,5,13,12.8302236794
19849,11362,10309,1,8,23,5,15,29.7945190138
19850,11362,10034,1,8,68,5,33,12.3040670243
19851,11362,10028,1,8,89,5,53,11.6476344951
19852,11362,10035,1,8,65,5,32,10.9151399633
19853,11362,11228,1,8,10,5,8,17.6093910906
19854,11362,11105,0,8,25,5,19,9.23600346047
19855,11362,11355,1,8,26,5,18,4.57729781419
19856,11362,11209,1,8,49,5,28,18.1867210816
19857,11362,11213,0,8,35,5,20,12.2181105089
19858,11362,11369,1,8,12,5,8,7.20655858822
19859,11362,10031,1,8,64,5,45,12.2011922427
19860,11362,11221,0,8,120,5,61,11.185685715
19861,11362,11212,0,8,12,5,10,11.6035774767
19862,11362,11233,0,8,74,5,34,11.2829938996
19863,11362,11368,1,8,62,5,41,6.62470641492
19864,11362,11205,0,8,37,5,31,12.9930595642
19865,11362,10069,0,8,14,5,8,13.5414291291
19866,11362,11203,0,8,39,5,8,12.9758397824
19867,11362,10459,1,8,16,5,8,9.5410510528
19868,11362,11219,0,8,6,5,4,16.3696332353
19869,11362,11434,1,8,32,5,16,6.20754479189
19870,11362,11230,0,8,11,5,5,15.369699882
19871,11362,11373,1,8,53,5,27,7.77250244199
19872,11362,11362,5,8,8,5,5,0.0
19873,11362,10305,0,8,11,5,8,21.1024982392
19874,11362,11104,1,8,8,5,6,9.83579278525
19875,11362,10004,1,8,168,5,99,16.6951861959
19876,11362,10275,0,8,13,5,7,12.8805971625
19877,11362,10118,0,8,4,5,3,13.3090244397
19878,11362,10026,0,8,57,5,43,11.9932834114
19879,11362,11235,1,8,19,5,14,16.6501459514
19880,11362,10469,0,8,44,5,12,9.60869065768
19881,11362,10281,0,8,31,5,24,15.1104845524
19882,11362,11223,0,8,10,5,7,16.7921385491
19883,11362,11379,1,8,33,5,13,8.23527208421
19884,11362,10465,1,8,37,5,16,6.34910156247
19885,11362,10455,0,8,20,5,11,9.93038278001
19886,11362,10466,0,8,16,5,11,10.8454364935
19887,11362,11239,0,8,4,5,2,10.9754212633
19888,11362,11207,1,8,86,5,31,10.4416081782
19889,11362,11367,1,8,35,5,17,5.10268407384
19890,11362,11106,0,8,21,5,19,10.4029546256
19891,11362,10471,1,8,19,5,15,13.2086238732
19892,11362,11234,0,8,50,5,15,13.8826247839
19893,11362,10167,0,8,11,5,4,12.6880562111
19894,11362,10453,1,8,21,5,16,11.3789623364
19895,11362,10451,1,8,20,5,12,10.7470301424
19896,11362,10033,1,8,86,5,31,12.2341538712
19897,11362,11354,3,8,38,5,25,4.84698660919
19898,11362,10463,2,8,36,5,16,12.3947439056
19899,11362,10169,0,8,4,5,4,12.7470652398
19900,11362,10456,1,8,21,5,12,10.3861789582
19901,11362,11420,0,8,8,5,7,7.3378711135
19902,11362,10153,0,8,6,5,5,12.5668621018
19903,11362,10307,0,8,6,5,3,31.9611070716
19904,11362,10306,0,8,17,5,8,24.1006446086
19905,11362,10165,0,8,2,5,2,12.9011135642
19906,11362,10303,1,8,11,5,7,24.2653316636
19907,11362,11224,0,8,22,5,13,18.5494127972
19908,11362,10304,0,8,8,5,5,21.4659208548
19909,11362,10458,1,8,34,5,31,10.8865214616
19910,11362,11414,1,8,13,5,7,9.07774865255
19911,11362,11204,0,8,9,5,8,16.395851854
19912,11362,11372,1,8,16,5,11,7.95637491594
19913,11362,11357,0,8,9,5,6,4.33772138505
19914,11362,10044,0,8,9,5,8,11.3316806258
19915,11362,11229,1,8,27,5,14,15.552750202
19916,11362,11236,1,8,15,5,9,12.1524785006
19917,11362,10302,1,8,5,5,5,22.9940414179
19918,11362,11422,0,8,11,5,8,6.70418685922
19919,11362,10312,0,8,4,5,2,27.6671616958
19920,11362,10310,0,8,27,5,6,21.9221536038
19921,11362,11429,1,8,8,5,6,3.52221135942
19922,11362,10152,0,8,2,5,2,12.5408365762
19923,11362,11214,0,8,10,5,6,17.7105080473
19924,11362,11435,1,8,41,5,23,5.75392843622
19925,11362,10039,1,8,8,5,7,11.6349121646
19926,11362,10121,0,8,1,5,1,13.5907069501
19927,11362,11413,1,8,14,5,7,6.25238726053
19928,11362,10473,1,8,14,5,9,7.74239186851
19929,11362,10454,1,8,19,5,10,10.1187543376
19930,11362,11416,1,8,5,5,5,8.09695386089
19931,11362,10280,0,8,5,5,3,15.3657956871
19932,11362,11694,0,8,5,5,4,13.9878513549
19933,11362,11358,0,8,6,5,4,3.30075828743
19934,11362,11421,1,8,4,5,4,8.10237897813
19935,11362,11412,0,8,4,5,4,4.52746742775
19936,11362,10174,0,8,2,5,2,12.7070990915
19937,11362,11417,0,8,3,5,3,8.24685977551
19938,11362,11427,1,8,5,5,4,2.30149323706
19939,11362,11411,0,8,4,5,2,4.56628852436
19940,11362,11374,1,8,10,5,9,7.11682310778
19941,11362,10096,0,8,2,5,2,12.8805971625
19942,11362,10006,0,8,19,5,18,15.1352063045
19943,11362,10037,1,8,15,5,10,11.2702302358
19944,11362,11370,0,8,8,5,4,8.25629995101
19945,11362,10475,1,8,15,5,11,9.51826317758
19946,11362,11225,1,8,17,5,13,13.428446424
19947,11362,10282,0,8,10,5,9,15.0428587475
19948,11362,11426,1,8,12,5,5,1.99820241966
19949,11362,11378,1,8,18,5,7,9.22804607353
19950,11362,10107,0,8,1,5,1,13.0989358308
19951,11362,11251,0,8,4,5,3,13.6469016682
19952,11362,11436,1,8,6,5,3,6.78280102343
19953,11362,11360,1,8,10,5,5,2.84177831946
19954,11362,11356,0,8,2,5,2,6.06038579457
19955,11362,10474,1,8,8,5,7,8.89703196863
19956,11362,11697,0,8,1,5,1,16.5759777884
19957,11362,10172,0,8,2,5,2,12.6617478393
19958,11362,11691,0,8,4,5,3,11.1041926395
19959,11362,10470,1,8,6,5,4,11.8002138288
19960,11362,11366,0,8,7,5,5,3.98479061622
19961,11362,10041,0,8,2,5,2,15.0495530108
19962,11362,10278,0,8,1,5,1,14.5297311282
19963,11362,10106,0,8,4,5,1,12.9763045871
19964,11362,11428,0,8,2,5,2,2.77213269536
19965,11362,10286,0,8,1,5,1,14.9591724195
19966,11362,10279,0,8,1,5,1,14.8060208139
19967,11362,10103,0,8,1,5,1,12.8355513893
19968,11362,10196,0,8,1,5,1,12.8805971625
19969,11362,10154,0,8,1,5,1,12.5643099902
19970,11362,10119,0,8,2,5,2,13.6391360511
19971,11362,10464,0,8,5,5,4,7.32592661578
19972,11362,10166,0,8,2,5,2,12.7561425711
19973,11362,10203,0,8,1,5,1,12.8805971625
19974,11362,11359,0,8,2,5,2,3.22752369799
19975,11362,10177,0,8,1,5,1,12.7469792045
19976,11362,11040,0,8,1,5,1,3.07434240004
19977,11362,11364,0,8,2,5,2,1.66330777234
19978,11362,11692,0,8,2,5,2,11.9645833958
19979,11362,11423,0,8,1,5,1,3.63362607804
19980,11362,11415,0,8,2,5,2,6.23915882302
19981,11362,10175,0,8,2,5,1,12.94260742
19982,10305,10012,0,11,445,8,357,9.64148956266
19983,10305,11222,0,11,110,8,71,11.1082415154
19984,10305,11231,0,11,65,8,44,6.69492691042
19985,10305,10019,0,11,637,8,440,12.4244661867
19986,10305,11102,0,11,35,8,30,14.2727400929
19987,10305,10003,0,11,493,8,400,10.2521744661
19988,10305,10020,0,11,143,8,116,12.0890411275
19989,10305,10018,0,11,339,8,256,11.592746934
19990,10305,10001,0,11,670,8,468,11.2520168243
19991,10305,11365,0,11,21,8,9,17.7272610063
19992,10305,10007,0,11,1780,8,1042,8.74492468975
19993,10305,10022,0,11,228,8,164,12.4054164557
19994,10305,10013,0,11,745,8,406,9.15943653754
19995,10305,10472,0,11,23,8,8,19.3019060218
19996,10305,11226,0,11,195,8,123,7.04646589642
19997,10305,10027,0,11,141,8,83,16.0329791402
19998,10305,11210,1,11,34,8,20,7.09651606124
19999,10305,11693,0,11,6,8,6,13.4257581922
20000,10305,11432,0,11,49,8,36,16.8040693784
20001,10305,11103,0,11,35,8,26,14.2233103286
20002,10305,11237,0,11,64,8,53,10.8751478759
20003,10305,10010,1,11,218,8,181,10.82526128
20004,10305,10014,0,11,397,8,286,10.0542009014
20005,10305,10009,0,11,135,8,91,10.185654413
20006,10305,10036,0,11,826,8,656,11.9372875785
20007,10305,11216,0,11,60,8,49,8.71460598732
20008,10305,11418,0,11,15,8,11,14.4234141323
20009,10305,11109,0,11,5,8,5,11.3297523447
20010,10305,11371,0,11,71,8,65,15.9022082977
20011,10305,10460,0,11,42,8,22,19.5736854274
20012,10305,10048,0,11,86,8,65,8.47013195228
20013,10305,10128,0,11,51,8,40,14.2156659165
20014,10305,11375,0,11,44,8,27,14.6754161725
20015,10305,10023,0,11,210,8,134,13.1430613226
20016,10305,11211,0,11,352,8,256,10.0569237454
20017,10305,10011,0,11,437,8,352,10.5585595244
20018,10305,10025,0,11,143,8,65,14.8658384093
20019,10305,10032,0,11,65,8,28,18.0882675899
20020,10305,11232,0,11,125,8,24,5.38773922905
20021,10305,11377,0,11,46,8,33,13.3969935344
20022,10305,11361,0,11,19,8,11,19.4548773563
20023,10305,11206,0,11,90,8,63,9.95321081268
20024,10305,11430,0,11,187,8,143,15.1109595654
20025,10305,10021,0,11,62,8,45,13.1473892746
20026,10305,11201,0,11,234,8,176,8.03320026628
20027,10305,11238,0,11,109,8,64,8.14103496158
20028,10305,10016,0,11,162,8,110,11.3716597148
20029,10305,11218,0,11,26,8,19,6.08335456161
20030,10305,10301,0,11,45,8,32,2.47723469045
20031,10305,10452,0,11,54,8,34,18.3815899908
20032,10305,10314,1,11,51,8,30,3.72108975339
20033,10305,10461,0,11,50,8,20,20.9243613574
20034,10305,11101,0,11,193,8,96,12.3676218204
20035,10305,10029,0,11,50,8,38,14.9215964581
20036,10305,10467,0,11,33,8,22,21.7259139691
20037,10305,11208,0,11,43,8,13,11.7977007475
20038,10305,10024,0,11,101,8,71,13.9143604482
20039,10305,10005,0,11,65,8,41,8.16725407346
20040,10305,10030,0,11,39,8,26,16.6228775716
20041,10305,10002,0,11,258,8,186,9.3656259324
20042,10305,11385,0,11,56,8,31,11.9670966094
20043,10305,11220,0,11,38,8,23,4.27590678931
20044,10305,11215,0,11,123,8,95,6.66580222003
20045,10305,10038,0,11,174,8,85,8.5070983302
20046,10305,11217,0,11,92,8,71,7.67832621169
20047,10305,10462,0,11,104,8,58,20.2628594833
20048,10305,10040,0,11,80,8,27,19.4992526888
20049,10305,10457,0,11,28,8,16,19.4413546898
20050,10305,10017,1,11,277,8,161,11.8649856791
20051,10305,11433,0,11,18,8,12,16.5496310074
20052,10305,10308,0,11,8,8,8,5.17554118101
20053,10305,10468,0,11,52,8,30,20.6740245946
20054,10305,10111,0,11,15,8,13,12.1790611671
20055,10305,10309,0,11,23,8,15,8.69414064919
20056,10305,10034,0,11,68,8,33,20.2437845365
20057,10305,10028,0,11,89,8,53,13.8126260628
20058,10305,10035,0,11,65,8,32,15.8777331003
20059,10305,11228,0,11,10,8,8,3.56864590114
20060,10305,11105,0,11,25,8,19,14.9582369927
20061,10305,11355,0,11,26,8,18,16.9735912132
20062,10305,11209,0,11,49,8,28,2.92093060831
20063,10305,11213,0,11,35,8,20,8.89521494181
20064,10305,11369,0,11,12,8,8,15.5955536331
20065,10305,10031,0,11,64,8,45,17.0196672317
20066,10305,11221,0,11,120,8,61,10.0764128754
20067,10305,11212,0,11,12,8,10,9.55528333209
20068,10305,11233,0,11,74,8,34,9.8251753588
20069,10305,11368,0,11,62,8,41,15.2957919176
20070,10305,11205,0,11,37,8,31,8.74130205774
20071,10305,10069,0,11,14,8,8,12.9600799057
20072,10305,11203,0,11,39,8,8,8.22491928156
20073,10305,10459,0,11,16,8,8,18.3071415582
20074,10305,11219,0,11,6,8,4,4.7394247355
20075,10305,11434,0,11,32,8,16,16.73196965
20076,10305,11230,0,11,11,8,5,6.05469297731
20077,10305,11373,0,11,53,8,27,14.0199384668
20078,10305,11362,0,11,8,8,5,21.1024982392
20079,10305,10305,8,11,11,8,8,0.0
20080,10305,11104,0,11,8,8,6,12.9062813596
20081,10305,10004,0,11,168,8,99,7.13948931997
20082,10305,10275,0,11,13,8,7,13.5520214958
20083,10305,10118,0,11,4,8,3,11.346502744
20084,10305,10026,0,11,57,8,43,15.4189474256
20085,10305,11235,0,11,19,8,14,6.65009423738
20086,10305,10469,0,11,44,8,12,22.1121836838
20087,10305,10281,0,11,31,8,24,8.57992610215
20088,10305,11223,1,11,10,8,7,5.40395716958
20089,10305,11379,0,11,33,8,13,13.0777358955
20090,10305,10465,0,11,37,8,16,20.6765713641
20091,10305,10455,0,11,20,8,11,17.33330959
20092,10305,10466,0,11,16,8,11,23.4298877098
20093,10305,11239,0,11,4,8,2,10.7916228048
20094,10305,11207,0,11,86,8,31,10.7190424962
20095,10305,11367,0,11,35,8,17,16.0465753739
20096,10305,11106,0,11,21,8,19,13.5410219051
20097,10305,10471,0,11,19,8,15,22.687569027
20098,10305,11234,0,11,50,8,15,8.18030896025
20099,10305,10167,0,11,11,8,4,11.9697808804
20100,10305,10453,0,11,21,8,16,19.5010334455
20101,10305,10451,0,11,20,8,12,17.2117981875
20102,10305,10033,0,11,86,8,31,18.736090259
20103,10305,11354,0,11,38,8,25,17.5627806523
20104,10305,10463,0,11,36,8,16,21.3573416159
20105,10305,10169,0,11,4,8,4,11.9195088675
20106,10305,10456,0,11,21,8,12,18.1577526914
20107,10305,11420,0,11,8,8,7,14.6221246609
20108,10305,10153,0,11,6,8,5,12.5735239662
20109,10305,10307,0,11,6,8,3,10.8705979589
20110,10305,10306,0,11,17,8,8,3.04192655391
20111,10305,10165,0,11,2,8,2,11.7237256223
20112,10305,10303,0,11,11,8,7,5.05067755765
20113,10305,11224,0,11,22,8,13,4.64770655373
20114,10305,10304,0,11,8,8,5,0.992580535819
20115,10305,10458,0,11,34,8,31,20.7431354185
20116,10305,11414,0,11,13,8,7,12.8527683439
20117,10305,11204,0,11,9,8,8,4.94358200327
20118,10305,11372,0,11,16,8,11,14.460683471
20119,10305,11357,0,11,9,8,6,18.9373124555
20120,10305,10044,0,11,9,8,8,13.0557082758
20121,10305,11229,0,11,27,8,14,7.03980917775
20122,10305,11236,0,11,15,8,9,9.4565798595
20123,10305,10302,0,11,5,8,5,3.94679026587
20124,10305,11422,0,11,11,8,8,18.3976067701
20125,10305,10312,0,11,4,8,2,6.57731857447
20126,10305,10310,0,11,27,8,6,3.12195440011
20127,10305,11429,0,11,8,8,6,19.2144635596
20128,10305,10152,0,11,2,8,2,12.2648870535
20129,10305,11214,0,11,10,8,6,4.15077655485
20130,10305,11435,0,11,41,8,23,15.5829106844
20131,10305,10039,0,11,8,8,7,17.2667108661
20132,10305,10121,0,11,1,8,1,11.2735209203
20133,10305,11413,0,11,14,8,7,17.7052863564
20134,10305,10473,0,11,14,8,9,18.9246550428
20135,10305,10454,0,11,19,8,10,16.5351021514
20136,10305,11416,0,11,5,8,5,13.1661274837
20137,10305,10280,0,11,5,8,3,8.06472732116
20138,10305,11694,0,11,5,8,4,12.0845561216
20139,10305,11358,0,11,6,8,4,18.4079455725
20140,10305,11421,0,11,4,8,4,13.0363499936
20141,10305,11412,0,11,4,8,4,17.9141034887
20142,10305,10174,0,11,2,8,2,11.7665745928
20143,10305,11417,0,11,3,8,3,13.205367024
20144,10305,11427,0,11,5,8,4,19.3672704957
20145,10305,11411,0,11,4,8,2,18.9874690785
20146,10305,11374,0,11,10,8,9,14.216008178
20147,10305,10096,0,11,2,8,2,13.5520214958
20148,10305,10006,0,11,19,8,18,8.18104407759
20149,10305,10037,0,11,15,8,10,16.491396309
20150,10305,11370,0,11,8,8,4,14.8993799065
20151,10305,10475,0,11,15,8,11,23.3153185459
20152,10305,11225,0,11,17,8,13,7.69278016275
20153,10305,10282,0,11,10,8,9,8.75482614028
20154,10305,11426,0,11,12,8,5,20.7451329478
20155,10305,11378,0,11,18,8,7,12.5088129098
20156,10305,10107,0,11,1,8,1,12.5277568631
20157,10305,11251,0,11,4,8,3,7.53817733161
20158,10305,11436,0,11,6,8,3,15.5132407625
20159,10305,11360,0,11,10,8,5,19.9162899325
20160,10305,11356,0,11,2,8,2,17.6966618527
20161,10305,10474,0,11,8,8,7,17.7581428407
20162,10305,11697,0,11,1,8,1,9.14152313607
20163,10305,10172,0,11,2,8,2,12.0200239885
20164,10305,11691,0,11,4,8,3,16.588912062
20165,10305,10470,0,11,6,8,4,23.6559874795
20166,10305,11366,0,11,7,8,5,17.1291792178
20167,10305,10041,0,11,2,8,2,7.94767794105
20168,10305,10278,0,11,1,8,1,8.87660270791
20169,10305,10106,0,11,4,8,1,12.4996834514
20170,10305,11428,0,11,2,8,2,19.4229288999
20171,10305,10286,0,11,1,8,1,8.61420389731
20172,10305,10279,0,11,1,8,1,8.60921880834
20173,10305,10103,0,11,1,8,1,12.2821725002
20174,10305,10196,0,11,1,8,1,13.5520214958
20175,10305,10154,0,11,1,8,1,12.2159997166
20176,10305,10119,0,11,2,8,2,11.3287327236
20177,10305,10464,0,11,5,8,4,23.2876929559
20178,10305,10166,0,11,2,8,2,11.923381931
20179,10305,10203,0,11,1,8,1,13.5520214958
20180,10305,11359,0,11,2,8,2,20.5968801199
20181,10305,10177,0,11,1,8,1,11.973604495
20182,10305,11040,0,11,1,8,1,23.0563014944
20183,10305,11364,0,11,2,8,2,19.4394424935
20184,10305,11692,0,11,2,8,2,14.6989870927
20185,10305,11423,0,11,1,8,1,17.9760392124
20186,10305,11415,0,11,2,8,2,14.8860314
20187,10305,10175,0,11,2,8,1,11.8256500873
20188,11104,10012,1,8,445,6,357,4.31780268727
20189,11104,11222,0,8,110,6,71,1.82589358408
20190,11104,11231,0,8,65,6,44,6.25536045283
20191,11104,10019,2,8,637,6,440,3.7843112558
20192,11104,11102,0,8,35,6,30,1.91588958196
20193,11104,10003,1,8,493,6,400,3.74844225447
20194,11104,10020,1,8,143,6,116,3.34895272698
20195,11104,10018,1,8,339,6,256,3.9546744568
20196,11104,10001,1,8,670,6,468,4.07124394848
20197,11104,11365,0,8,21,6,9,6.69457435562
20198,11104,10007,3,8,1780,6,1042,5.02181456086
20199,11104,10022,0,8,228,6,164,2.7207241405
20200,11104,10013,0,8,745,6,406,4.77661504836
20201,11104,10472,0,8,23,6,8,6.54867556737
20202,11104,11226,1,8,195,6,123,7.05800265018
20203,11104,10027,0,8,141,6,83,5.1039789956
20204,11104,11210,1,8,34,6,20,8.10995879157
20205,11104,11693,0,8,6,6,6,11.4061781656
20206,11104,11432,0,8,49,6,36,6.93586700966
20207,11104,11103,0,8,35,6,26,1.39743319091
20208,11104,11237,0,8,64,6,53,2.79062090811
20209,11104,10010,0,8,218,6,181,3.29981836386
20210,11104,10014,0,8,397,6,286,4.54810175421
20211,11104,10009,0,8,135,6,91,3.31167457635
20212,11104,10036,1,8,826,6,656,3.86520368195
20213,11104,11216,0,8,60,6,49,4.62773111549
20214,11104,11418,0,8,15,6,11,5.48488802571
20215,11104,11109,0,8,5,6,5,6.87101212687
20216,11104,11371,0,8,71,6,65,3.03878737364
20217,11104,10460,0,8,42,6,22,7.01098065702
20218,11104,10048,0,8,86,6,65,5.33928464695
20219,11104,10128,1,8,51,6,40,3.08856920807
20220,11104,11375,1,8,44,6,27,4.18683438476
20221,11104,10023,1,8,210,6,134,4.00250534976
20222,11104,11211,0,8,352,6,256,2.84950946216
20223,11104,10011,1,8,437,6,352,4.2359967213
20224,11104,10025,1,8,143,6,65,4.55578393626
20225,11104,10032,0,8,65,6,28,6.78498674805
20226,11104,11232,0,8,125,6,24,7.54617063059
20227,11104,11377,0,8,46,6,33,0.82748448855
20228,11104,11361,0,8,19,6,11,7.75474842808
20229,11104,11206,0,8,90,6,63,3.11246390809
20230,11104,11430,0,8,187,6,143,9.14940958837
20231,11104,10021,0,8,62,6,45,2.73974606181
20232,11104,11201,1,8,234,6,176,4.95464997396
20233,11104,11238,0,8,109,6,64,4.94031172609
20234,11104,10016,1,8,162,6,110,3.0535312495
20235,11104,11218,1,8,26,6,19,7.46247376015
20236,11104,10301,0,8,45,6,32,12.0031012542
20237,11104,10452,0,8,54,6,34,6.55348885466
20238,11104,10314,1,8,51,6,30,15.1816024757
20239,11104,10461,0,8,50,6,20,8.05970535624
20240,11104,11101,0,8,193,6,96,1.03308336884
20241,11104,10029,0,8,50,6,38,3.57385458897
20242,11104,10467,1,8,33,6,22,9.24608330239
20243,11104,11208,0,8,43,6,13,5.49390077144
20244,11104,10024,0,8,101,6,71,4.21536496783
20245,11104,10005,0,8,65,6,41,5.35424561831
20246,11104,10030,0,8,39,6,26,5.28314796914
20247,11104,10002,0,8,258,6,186,3.99580180905
20248,11104,11385,1,8,56,6,31,3.1390167274
20249,11104,11220,0,8,38,6,23,8.6857001354
20250,11104,11215,1,8,123,6,95,6.30566716997
20251,11104,10038,1,8,174,6,85,5.00608254314
20252,11104,11217,1,8,92,6,71,5.24521368559
20253,11104,10462,1,8,104,6,58,7.50142320854
20254,11104,10040,0,8,80,6,27,7.94318922995
20255,11104,10457,0,8,28,6,16,7.18770614586
20256,11104,10017,0,8,277,6,161,2.83130966987
20257,11104,11433,0,8,18,6,12,7.66596507989
20258,11104,10308,0,8,8,6,8,18.00963996
20259,11104,10468,0,8,52,6,30,8.57538284874
20260,11104,10111,0,8,15,6,13,3.23749504532
20261,11104,10309,1,8,23,6,15,21.3597283472
20262,11104,10034,0,8,68,6,33,8.54659185373
20263,11104,10028,0,8,89,6,53,2.91148690112
20264,11104,10035,0,8,65,6,32,4.1105997407
20265,11104,11228,0,8,10,6,8,9.96605497929
20266,11104,11105,0,8,25,6,19,2.21284361593
20267,11104,11355,0,8,26,6,18,5.26662152153
20268,11104,11209,1,8,49,6,28,10.1270598529
20269,11104,11213,0,8,35,6,20,5.0895717746
20270,11104,11369,0,8,12,6,8,2.88705281838
20271,11104,10031,0,8,64,6,45,5.89020217748
20272,11104,11221,0,8,120,6,61,3.6448419737
20273,11104,11212,0,8,12,6,10,5.64035429194
20274,11104,11233,0,8,74,6,34,4.61359806862
20275,11104,11368,0,8,62,6,41,3.21516270172
20276,11104,11205,0,8,37,6,31,4.18172890503
20277,11104,10069,0,8,14,6,8,4.31978085445
20278,11104,11203,0,8,39,6,8,6.57566731278
20279,11104,10459,0,8,16,6,8,5.79857349061
20280,11104,11219,0,8,6,6,4,8.67775010691
20281,11104,11434,0,8,32,6,16,9.05628829722
20282,11104,11230,0,8,11,6,5,8.66110011423
20283,11104,11373,0,8,53,6,27,2.23973787945
20284,11104,11362,1,8,8,6,5,9.83579278525
20285,11104,10305,0,8,11,6,8,12.9062813596
20286,11104,11104,6,8,8,6,6,0.0
20287,11104,10004,0,8,168,6,99,7.09026976178
20288,11104,10275,0,8,13,6,7,3.95785668194
20289,11104,10118,0,8,4,6,3,3.53317016693
20290,11104,10026,0,8,57,6,43,4.47437288749
20291,11104,11235,0,8,19,6,14,11.1570111285
20292,11104,10469,0,8,44,6,12,9.40865276379
20293,11104,10281,0,8,31,6,24,5.40003326695
20294,11104,11223,0,8,10,6,7,10.4261854093
20295,11104,11379,1,8,33,6,13,2.85184251748
20296,11104,10465,1,8,37,6,16,7.78237438299
20297,11104,10455,0,8,20,6,11,4.99026780341
20298,11104,10466,0,8,16,6,11,10.84157798
20299,11104,11239,0,8,4,6,2,7.08227090886
20300,11104,11207,0,8,86,6,31,5.20352932294
20301,11104,11367,0,8,35,6,17,5.25138399039
20302,11104,11106,0,8,21,6,19,1.40538897709
20303,11104,10471,0,8,19,6,15,10.8676400677
20304,11104,11234,1,8,50,6,15,8.64216038352
20305,11104,10167,0,8,11,6,4,3.00886288661
20306,11104,10453,0,8,21,6,16,7.54645586011
20307,11104,10451,1,8,20,6,12,5.24168340034
20308,11104,10033,1,8,86,6,31,7.28842228625
20309,11104,11354,1,8,38,6,25,5.23308865419
20310,11104,10463,2,8,36,6,16,9.49435010726
20311,11104,10169,0,8,4,6,4,3.05850708437
20312,11104,10456,0,8,21,6,12,5.95365157678
20313,11104,11420,0,8,8,6,7,7.36231615362
20314,11104,10153,0,8,6,6,5,3.11195324105
20315,11104,10307,0,8,6,6,3,23.557069751
20316,11104,10306,0,8,17,6,8,15.920784511
20317,11104,10165,0,8,2,6,2,3.1731347089
20318,11104,10303,0,8,11,6,7,15.001217975
20319,11104,11224,0,8,22,6,13,12.1458048764
20320,11104,10304,0,8,8,6,5,12.9662250787
20321,11104,10458,0,8,34,6,31,8.46027939257
20322,11104,11414,0,8,13,6,7,7.13728408205
20323,11104,11204,1,8,9,6,8,9.2716433287
20324,11104,11372,1,8,16,6,11,1.89645965514
20325,11104,11357,0,8,9,6,6,6.42966208954
20326,11104,10044,0,8,9,6,8,2.00841481975
20327,11104,11229,1,8,27,6,14,10.0384035044
20328,11104,11236,0,8,15,6,9,7.17435173872
20329,11104,10302,0,8,5,6,5,13.8255801842
20330,11104,11422,0,8,11,6,8,11.1872910228
20331,11104,10312,0,8,4,6,2,19.336687005
20332,11104,10310,0,8,27,6,6,12.8602716352
20333,11104,11429,0,8,8,6,6,9.7755874564
20334,11104,10152,0,8,2,6,2,2.9503144278
20335,11104,11214,0,8,10,6,6,10.7720101411
20336,11104,11435,0,8,41,6,23,6.49836657795
20337,11104,10039,0,8,8,6,7,5.75936422498
20338,11104,10121,0,8,1,6,1,3.82075182231
20339,11104,11413,0,8,14,6,7,10.1847261413
20340,11104,10473,0,8,14,6,9,6.05573893695
20341,11104,10454,0,8,19,6,10,4.29335764615
20342,11104,11416,0,8,5,6,5,5.53371710099
20343,11104,10280,0,8,5,6,3,5.73742459618
20344,11104,11694,0,8,5,6,4,12.1531157423
20345,11104,11358,0,8,6,6,4,6.57585539354
20346,11104,11421,0,8,4,6,4,4.86463810458
20347,11104,11412,0,8,4,6,4,8.99501194227
20348,11104,10174,0,8,2,6,2,2.97136795436
20349,11104,11417,1,8,3,6,3,6.13052771226
20350,11104,11427,0,8,5,6,4,9.07422931183
20351,11104,11411,0,8,4,6,2,10.2514184183
20352,11104,11374,1,8,10,6,9,3.3390821914
20353,11104,10096,0,8,2,6,2,3.95785668194
20354,11104,10006,0,8,19,6,18,5.51790077963
20355,11104,10037,0,8,15,6,10,4.88081657071
20356,11104,11370,1,8,8,6,4,2.01732283694
20357,11104,10475,1,8,15,6,11,10.5240129791
20358,11104,11225,0,8,17,6,13,5.88725117961
20359,11104,10282,0,8,10,6,9,5.30628833512
20360,11104,11426,0,8,12,6,5,10.4441619119
20361,11104,11378,0,8,18,6,7,1.61974487741
20362,11104,10107,0,8,1,6,1,3.66738653167
20363,11104,11251,0,8,4,6,3,6.94115395478
20364,11104,11436,0,8,6,6,3,8.03449120577
20365,11104,11360,0,8,10,6,5,7.73937390652
20366,11104,11356,0,8,2,6,2,4.90853396565
20367,11104,10474,0,8,8,6,7,5.0743317165
20368,11104,11697,0,8,1,6,1,12.6828742215
20369,11104,10172,0,8,2,6,2,2.99594652248
20370,11104,11691,0,8,4,6,3,12.9987804357
20371,11104,10470,0,8,6,6,4,11.2519814379
20372,11104,11366,0,8,7,6,5,6.64584696694
20373,11104,10041,0,8,2,6,2,5.52538038087
20374,11104,10278,0,8,1,6,1,4.83825371481
20375,11104,10106,0,8,4,6,1,3.52391501695
20376,11104,11428,0,8,2,6,2,9.49808214189
20377,11104,10286,0,8,1,6,1,5.26213286382
20378,11104,10279,0,8,1,6,1,5.13451903013
20379,11104,10103,0,8,1,6,1,3.28232940294
20380,11104,10196,0,8,1,6,1,3.95785668194
20381,11104,10154,0,8,1,6,1,2.95743921905
20382,11104,10119,0,8,2,6,2,3.88231659641
20383,11104,10464,0,8,5,6,4,10.3843433536
20384,11104,10166,0,8,2,6,2,3.0697027596
20385,11104,10203,0,8,1,6,1,3.95785668194
20386,11104,11359,0,8,2,6,2,8.21823076436
20387,11104,10177,0,8,1,6,1,3.07522281407
20388,11104,11040,0,8,1,6,1,12.6240335932
20389,11104,11364,0,8,2,6,2,8.37560106354
20390,11104,11692,0,8,2,6,2,12.2747967928
20391,11104,11423,0,8,1,6,1,8.19691155277
20392,11104,11415,0,8,2,6,2,5.35570677441
20393,11104,10175,0,8,2,6,1,3.24597646817
20394,10004,10012,3,168,445,99,357,2.90903289528
20395,10004,11222,2,168,110,99,71,5.35545566693
20396,10004,11231,2,168,65,99,44,2.47093221535
20397,10004,10019,5,168,637,99,440,5.43685898938
20398,10004,11102,2,168,35,99,30,7.88375684956
20399,10004,10003,2,168,493,99,400,3.56082735432
20400,10004,10020,2,168,143,99,116,5.20153125223
20401,10004,10018,6,168,339,99,256,4.60041127503
20402,10004,10001,9,168,670,99,468,4.25795084297
20403,10004,11365,3,168,21,99,9,13.3619886262
20404,10004,10007,8,168,1780,99,1042,2.08083083357
20405,10004,10022,5,168,228,99,164,5.66148490919
20406,10004,10013,3,168,745,99,406,2.39706696095
20407,10004,10472,2,168,23,99,8,12.8086761971
20408,10004,11226,4,168,195,99,123,5.8409530394
20409,10004,10027,3,168,141,99,83,9.04016516137
20410,10004,11210,3,168,34,99,20,7.03245292087
20411,10004,11693,0,168,6,99,6,13.6084694865
20412,10004,11432,2,168,49,99,36,13.0600175305
20413,10004,11103,2,168,35,99,26,8.13043146724
20414,10004,11237,2,168,64,99,53,6.37375218038
20415,10004,10010,4,168,218,99,181,4.1445887215
20416,10004,10014,6,168,397,99,286,3.08907918493
20417,10004,10009,0,168,135,99,91,3.80525921086
20418,10004,10036,10,168,826,99,656,4.94653097345
20419,10004,11216,3,168,60,99,49,5.05145667464
20420,10004,11418,0,168,15,99,11,10.8988460164
20421,10004,11109,0,168,5,99,5,9.54142465731
20422,10004,11371,2,168,71,99,65,10.0629825706
20423,10004,10460,3,168,42,99,22,12.9156355028
20424,10004,10048,2,168,86,99,65,1.7584178299
20425,10004,10128,4,168,51,99,40,7.43264499843
20426,10004,11375,3,168,44,99,27,10.3627555227
20427,10004,10023,4,168,210,99,134,6.12452508452
20428,10004,11211,3,168,352,99,256,4.64925762884
20429,10004,10011,4,168,437,99,352,3.6000520668
20430,10004,10025,2,168,143,99,65,7.85048720538
20431,10004,10032,3,168,65,99,28,11.0726411119
20432,10004,11232,3,168,125,99,24,3.58846753242
20433,10004,11377,2,168,46,99,33,7.81722732972
20434,10004,11361,2,168,19,99,11,14.7063928067
20435,10004,11206,0,168,90,99,63,5.16670579076
20436,10004,11430,3,168,187,99,143,13.3286069374
20437,10004,10021,3,168,62,99,45,6.38374752841
20438,10004,11201,6,168,234,99,176,2.75016580578
20439,10004,11238,2,168,109,99,64,4.33372315801
20440,10004,10016,3,168,162,99,110,4.65205509004
20441,10004,11218,2,168,26,99,19,5.09676668189
20442,10004,10301,2,168,45,99,32,5.42750158676
20443,10004,10452,3,168,54,99,34,11.4696235714
20444,10004,10314,4,168,51,99,30,8.42164265777
20445,10004,10461,1,168,50,99,20,14.5501071884
20446,10004,11101,6,168,193,99,96,6.23386823826
20447,10004,10029,4,168,50,99,38,8.10541462466
20448,10004,10467,3,168,33,99,22,14.9589103576
20449,10004,11208,0,168,43,99,13,9.04876066727
20450,10004,10024,1,168,101,99,71,6.89099370532
20451,10004,10005,7,168,65,99,41,1.77494832563
20452,10004,10030,1,168,39,99,26,9.67488474422
20453,10004,10002,2,168,258,99,186,3.09913696181
20454,10004,11385,2,168,56,99,31,7.794002107
20455,10004,11220,2,168,38,99,23,4.20565136995
20456,10004,11215,3,168,123,99,95,3.64879127012
20457,10004,10038,3,168,174,99,85,2.09857124442
20458,10004,11217,2,168,92,99,71,3.53117284402
20459,10004,10462,3,168,104,99,58,13.7482450999
20460,10004,10040,2,168,80,99,27,12.4905201386
20461,10004,10457,3,168,28,99,16,12.6313821043
20462,10004,10017,5,168,277,99,161,5.13921777124
20463,10004,11433,2,168,18,99,12,13.3322427841
20464,10004,10308,0,168,8,99,8,11.7231812158
20465,10004,10468,2,168,52,99,30,13.7725521501
20466,10004,10111,0,168,15,99,13,5.31339848767
20467,10004,10309,2,168,23,99,15,14.7789111462
20468,10004,10034,2,168,68,99,33,13.2464206703
20469,10004,10028,3,168,89,99,53,7.03736644784
20470,10004,10035,3,168,65,99,32,9.08597126462
20471,10004,11228,1,168,10,99,8,5.84421716432
20472,10004,11105,1,168,25,99,19,8.70958895526
20473,10004,11355,2,168,26,99,18,12.1472357865
20474,10004,11209,3,168,49,99,28,5.27690030877
20475,10004,11213,0,168,35,99,20,5.92939218569
20476,10004,11369,2,168,12,99,8,9.9766685235
20477,10004,10031,1,168,64,99,45,10.0131458837
20478,10004,11221,1,168,120,99,61,6.0548996303
20479,10004,11212,0,168,12,99,10,7.18825520869
20480,10004,11233,0,168,74,99,34,6.62064593781
20481,10004,11368,2,168,62,99,41,10.1492964669
20482,10004,11205,1,168,37,99,31,4.00057315983
20483,10004,10069,0,168,14,99,8,5.89568563742
20484,10004,11203,0,168,39,99,8,6.65274624257
20485,10004,10459,1,168,16,99,8,11.6645519034
20486,10004,11219,0,168,6,99,4,5.17631584707
20487,10004,11434,3,168,32,99,16,14.2017278655
20488,10004,11230,0,168,11,99,5,6.63334103858
20489,10004,11373,4,168,53,99,27,8.93457912326
20490,10004,11362,1,168,8,99,5,16.6951861959
20491,10004,10305,0,168,11,99,8,7.13948931997
20492,10004,11104,0,168,8,99,6,7.09026976178
20493,10004,10004,99,168,168,99,99,0.0
20494,10004,10275,7,168,13,99,7,6.55191311085
20495,10004,10118,1,168,4,99,3,4.47714179056
20496,10004,10026,0,168,57,99,43,8.46874237225
20497,10004,11235,2,168,19,99,14,9.28997946999
20498,10004,10469,0,168,44,99,12,15.4924596023
20499,10004,10281,1,168,31,99,24,1.7399969902
20500,10004,11223,0,168,10,99,7,7.85864937854
20501,10004,11379,2,168,33,99,13,8.58154092273
20502,10004,10465,3,168,37,99,16,14.6251714548
20503,10004,10455,1,168,20,99,11,10.6528239259
20504,10004,10466,0,168,16,99,11,16.6940820212
20505,10004,11239,1,168,4,99,2,9.27329510799
20506,10004,11207,3,168,86,99,31,7.96242594927
20507,10004,11367,2,168,35,99,17,11.7136872795
20508,10004,11106,0,168,21,99,19,7.20650948837
20509,10004,10471,2,168,19,99,15,15.6731657086
20510,10004,11234,1,168,50,99,15,8.39433760248
20511,10004,10167,0,168,11,99,4,5.1793307903
20512,10004,10453,1,168,21,99,16,12.5870203826
20513,10004,10451,2,168,20,99,12,10.3945262109
20514,10004,10033,3,168,86,99,31,11.7269005656
20515,10004,11354,2,168,38,99,25,12.3005821694
20516,10004,10463,4,168,36,99,16,14.3747647254
20517,10004,10169,1,168,4,99,4,5.11987633949
20518,10004,10456,2,168,21,99,12,11.3770727844
20519,10004,11420,0,168,8,99,7,12.0456132504
20520,10004,10153,0,168,6,99,5,5.72246988301
20521,10004,10307,0,168,6,99,3,16.947912804
20522,10004,10306,1,168,17,99,8,9.82341838304
20523,10004,10165,0,168,2,99,2,4.91205250825
20524,10004,10303,3,168,11,99,7,7.98397423618
20525,10004,11224,0,168,22,99,13,8.85248843499
20526,10004,10304,0,168,8,99,5,6.80401939777
20527,10004,10458,3,168,34,99,31,13.9071020154
20528,10004,11414,2,168,13,99,7,10.778421339
20529,10004,11204,0,168,9,99,8,6.28379137453
20530,10004,11372,1,168,16,99,11,8.95233865088
20531,10004,11357,0,168,9,99,6,13.519902381
20532,10004,10044,0,168,9,99,8,6.49560475201
20533,10004,11229,2,168,27,99,14,8.6720303018
20534,10004,11236,1,168,15,99,9,8.28485546815
20535,10004,10302,3,168,5,99,5,6.89255028747
20536,10004,11422,1,168,11,99,8,16.2745283019
20537,10004,10312,0,168,4,99,2,12.9029028019
20538,10004,10310,0,168,27,99,6,6.05752640594
20539,10004,11429,1,168,8,99,6,15.8804367562
20540,10004,10152,0,168,2,99,2,5.4672770088
20541,10004,11214,1,168,10,99,6,7.31052953761
20542,10004,11435,3,168,41,99,23,12.148085426
20543,10004,10039,2,168,8,99,7,10.3228454581
20544,10004,10121,0,168,1,99,1,4.33554027352
20545,10004,11413,2,168,14,99,7,15.3526610431
20546,10004,10473,2,168,14,99,9,12.617226194
20547,10004,10454,2,168,19,99,10,9.85929106312
20548,10004,11416,2,168,5,99,5,10.0855075827
20549,10004,10280,0,168,5,99,3,1.35304524188
20550,10004,11694,0,168,5,99,4,13.2544015471
20551,10004,11358,0,168,6,99,4,13.5411913467
20552,10004,11421,1,168,4,99,4,9.62308364543
20553,10004,11412,0,168,4,99,4,14.7946755228
20554,10004,10174,0,168,2,99,2,5.00997961115
20555,10004,11417,0,168,3,99,3,10.445757222
20556,10004,11427,2,168,5,99,4,15.5322974244
20557,10004,11411,0,168,4,99,2,16.0459953675
20558,10004,11374,2,168,10,99,9,9.63070443489
20559,10004,10096,0,168,2,99,2,6.55191311085
20560,10004,10006,1,168,19,99,18,1.57594566557
20561,10004,10037,2,168,15,99,10,9.61340639954
20562,10004,11370,0,168,8,99,4,9.05070597518
20563,10004,10475,2,168,15,99,11,16.7666952354
20564,10004,11225,1,168,17,99,13,5.17080021144
20565,10004,10282,0,168,10,99,9,1.87679114871
20566,10004,11426,2,168,12,99,5,16.9599257402
20567,10004,11378,3,168,18,99,7,7.47033344725
20568,10004,10107,0,168,1,99,1,5.56028749324
20569,10004,11251,0,168,4,99,3,6.28215057583
20570,10004,11436,2,168,6,99,3,12.9487758594
20571,10004,11360,2,168,10,99,5,14.805243498
20572,10004,11356,0,168,2,99,2,11.9527581458
20573,10004,10474,1,168,8,99,7,11.2625013015
20574,10004,11697,0,168,1,99,1,11.8499002426
20575,10004,10172,0,168,2,99,2,5.22856878158
20576,10004,11691,0,168,4,99,3,16.3040367762
20577,10004,10470,1,168,6,99,4,16.8131915881
20578,10004,11366,0,168,7,99,5,13.0574713024
20579,10004,10041,2,168,2,99,2,1.65377590561
20580,10004,10278,0,168,1,99,1,2.26213266151
20581,10004,10106,0,168,4,99,1,5.56028067479
20582,10004,11428,0,168,2,99,2,15.8126416868
20583,10004,10286,0,168,1,99,1,1.8538387139
20584,10004,10279,0,168,1,99,1,1.96053580463
20585,10004,10103,0,168,1,99,1,5.40096940435
20586,10004,10196,0,168,1,99,1,6.55191311085
20587,10004,10154,0,168,1,99,1,5.41968618306
20588,10004,10119,1,168,2,99,2,4.37066281268
20589,10004,10464,0,168,5,99,4,17.131385987
20590,10004,10166,0,168,2,99,2,5.12022673385
20591,10004,10203,0,168,1,99,1,6.55191311085
20592,10004,11359,0,168,2,99,2,15.3074686533
20593,10004,10177,0,168,1,99,1,5.16428664046
20594,10004,11040,0,168,1,99,1,19.2539982328
20595,10004,11364,0,168,2,99,2,15.1236886591
20596,10004,11692,0,168,2,99,2,14.8415856075
20597,10004,11423,0,168,1,99,1,14.3696289729
20598,10004,11415,0,168,2,99,2,11.1165198684
20599,10004,10175,0,168,2,99,1,4.98322453068
20600,10275,10012,0,13,445,7,357,3.94037253462
20601,10275,11222,0,13,110,7,71,4.10659616434
20602,10275,11231,0,13,65,7,44,7.1596926884
20603,10275,10019,0,13,637,7,440,1.12765762875
20604,10275,11102,0,13,35,7,30,2.83347758962
20605,10275,10003,0,13,493,7,400,3.38950775284
20606,10275,10020,0,13,143,7,116,1.53228193104
20607,10275,10018,1,13,339,7,256,1.96312776365
20608,10275,10001,1,13,670,7,468,2.30612178778
20609,10275,11365,0,13,21,7,9,10.1301322578
20610,10275,10007,1,13,1780,7,1042,4.8189012258
20611,10275,10022,0,13,228,7,164,1.58657220392
20612,10275,10013,0,13,745,7,406,4.40005523599
20613,10275,10472,0,13,23,7,8,6.65160095621
20614,10275,11226,0,13,195,7,123,9.41832390772
20615,10275,10027,0,13,141,7,83,2.49075012252
20616,10275,11210,0,13,34,7,20,10.6741571511
20617,10275,11693,0,13,6,7,6,15.1388052724
20618,10275,11432,0,13,49,7,36,10.6912642549
20619,10275,11103,0,13,35,7,26,3.68676348423
20620,10275,11237,0,13,64,7,53,6.12777163824
20621,10275,10010,0,13,218,7,181,2.89072459884
20622,10275,10014,0,13,397,7,286,3.50275920487
20623,10275,10009,0,13,135,7,91,3.70333965205
20624,10275,10036,1,13,826,7,656,1.6167019829
20625,10275,11216,0,13,60,7,49,7.08929748523
20626,10275,11418,0,13,15,7,11,9.43251120359
20627,10275,11109,0,13,5,7,5,10.5309288991
20628,10275,11371,0,13,71,7,65,5.38866308574
20629,10275,10460,0,13,42,7,22,6.55920501738
20630,10275,10048,0,13,86,7,65,5.0833037048
20631,10275,10128,0,13,51,7,40,1.40749434742
20632,10275,11375,0,13,44,7,27,8.0487476444
20633,10275,10023,0,13,210,7,134,0.437532527592
20634,10275,11211,0,13,352,7,256,4.88798840774
20635,10275,10011,0,13,437,7,352,2.99458692556
20636,10275,10025,0,13,143,7,65,1.3140348625
20637,10275,10032,0,13,65,7,28,4.5382874706
20638,10275,11232,0,13,125,7,24,8.75987434239
20639,10275,11377,0,13,46,7,33,4.65493538959
20640,10275,11361,0,13,19,7,11,10.7316417884
20641,10275,11206,0,13,90,7,63,5.70168171647
20642,10275,11430,0,13,187,7,143,13.0986166961
20643,10275,10021,0,13,62,7,45,1.22244104706
20644,10275,11201,0,13,234,7,176,5.9302191401
20645,10275,11238,0,13,109,7,64,6.98430544028
20646,10275,10016,0,13,162,7,110,2.3855939109
20647,10275,11218,0,13,26,7,19,9.39826013695
20648,10275,10301,0,13,45,7,32,11.9794035478
20649,10275,10452,0,13,54,7,34,4.92765216737
20650,10275,10314,0,13,51,7,30,14.9212679151
20651,10275,10461,0,13,50,7,20,8.45587295385
20652,10275,11101,0,13,193,7,96,3.15729156345
20653,10275,10029,0,13,50,7,38,1.81015400666
20654,10275,10467,0,13,33,7,22,8.47415464267
20655,10275,11208,0,13,43,7,13,9.26459532223
20656,10275,10024,0,13,101,7,71,0.388931412441
20657,10275,10005,0,13,65,7,41,5.41358242606
20658,10275,10030,0,13,39,7,26,3.12693458987
20659,10275,10002,0,13,258,7,186,4.42631793206
20660,10275,11385,0,13,56,7,31,6.95136698822
20661,10275,11220,0,13,38,7,23,9.8239236295
20662,10275,11215,0,13,123,7,95,7.82652353487
20663,10275,10038,0,13,174,7,85,5.09720787977
20664,10275,11217,0,13,92,7,71,6.80793821632
20665,10275,10462,0,13,104,7,58,7.52339581058
20666,10275,10040,0,13,80,7,27,5.95302852284
20667,10275,10457,0,13,28,7,16,6.14045611347
20668,10275,10017,0,13,277,7,161,1.98941896999
20669,10275,11433,0,13,18,7,12,11.5345393563
20670,10275,10308,0,13,8,7,8,18.274037329
20671,10275,10468,0,13,52,7,30,7.22733083622
20672,10275,10111,0,13,15,7,13,1.48496621042
20673,10275,10309,0,13,23,7,15,21.2976180264
20674,10275,10034,0,13,68,7,33,6.70393556979
20675,10275,10028,0,13,89,7,53,1.24139926007
20676,10275,10035,0,13,65,7,32,2.730731114
20677,10275,11228,0,13,10,7,8,11.4051262481
20678,10275,11105,0,13,25,7,19,3.64461639762
20679,10275,11355,0,13,26,7,18,8.55432642023
20680,10275,11209,0,13,49,7,28,11.2084632706
20681,10275,11213,0,13,35,7,20,7.90041692688
20682,10275,11369,0,13,12,7,8,5.73056204639
20683,10275,10031,0,13,64,7,45,3.47160195907
20684,10275,11221,0,13,120,7,61,6.72806582526
20685,10275,11212,0,13,12,7,10,8.84205266409
20686,10275,11233,0,13,74,7,34,7.79592863885
20687,10275,11368,0,13,62,7,41,6.65130376974
20688,10275,11205,0,13,37,7,31,6.00380613639
20689,10275,10069,0,13,14,7,8,0.787691912824
20690,10275,11203,0,13,39,7,8,9.37794254713
20691,10275,10459,0,13,16,7,8,5.37258593933
20692,10275,11219,0,13,6,7,4,10.2822336006
20693,10275,11434,0,13,32,7,16,12.9837936958
20694,10275,11230,0,13,11,7,5,10.9066653482
20695,10275,11373,0,13,53,7,27,6.04675316429
20696,10275,11362,0,13,8,7,5,12.8805971625
20697,10275,10305,0,13,11,7,8,13.5520214958
20698,10275,11104,0,13,8,7,6,3.95785668194
20699,10275,10004,7,13,168,7,99,6.55191311085
20700,10275,10275,7,13,13,7,7,0.0
20701,10275,10118,0,13,4,7,3,2.2445470517
20702,10275,10026,0,13,57,7,43,1.92739062389
20703,10275,11235,0,13,19,7,14,13.6635491855
20704,10275,10469,0,13,44,7,12,9.1157474716
20705,10275,10281,0,13,31,7,24,4.97377146569
20706,10275,11223,0,13,10,7,7,12.6030007008
20707,10275,11379,0,13,33,7,13,6.80862057042
20708,10275,10465,0,13,37,7,16,8.9285050526
20709,10275,10455,0,13,20,7,11,4.3635284813
20710,10275,10466,0,13,16,7,11,10.2155456986
20711,10275,11239,0,13,4,7,2,10.6358831265
20712,10275,11207,0,13,86,7,31,8.74306360187
20713,10275,11367,0,13,35,7,17,8.92852596981
20714,10275,11106,0,13,21,7,19,2.72442446974
20715,10275,10471,0,13,19,7,15,9.14140768028
20716,10275,11234,0,13,50,7,15,11.5658415366
20717,10275,10167,0,13,11,7,4,1.79024995686
20718,10275,10453,0,13,21,7,16,6.04090568462
20719,10275,10451,0,13,20,7,12,3.93902463345
20720,10275,10033,0,13,86,7,31,5.18893828617
20721,10275,11354,0,13,38,7,25,8.03368033291
20722,10275,10463,0,13,36,7,16,7.82796800334
20723,10275,10169,0,13,4,7,4,1.8149032877
20724,10275,10456,0,13,21,7,12,4.93388404614
20725,10275,11420,0,13,8,7,7,11.3195053369
20726,10275,10153,0,13,6,7,5,1.19719694048
20727,10275,10307,0,13,6,7,3,23.4512321096
20728,10275,10306,0,13,17,7,8,16.3494767857
20729,10275,10165,0,13,2,7,2,1.96154710664
20730,10275,10303,0,13,11,7,7,14.268306796
20731,10275,11224,0,13,22,7,13,14.1082402458
20732,10275,10304,0,13,8,7,5,13.3175174289
20733,10275,10458,0,13,34,7,31,7.38849022318
20734,10275,11414,0,13,13,7,7,10.9997255981
20735,10275,11204,0,13,9,7,8,11.1720564904
20736,10275,11372,0,13,16,7,11,5.30945498578
20737,10275,11357,0,13,9,7,6,8.81340524795
20738,10275,10044,0,13,9,7,8,1.95002283189
20739,10275,11229,0,13,27,7,14,12.665467746
20740,10275,11236,0,13,15,7,9,10.418234404
20741,10275,10302,0,13,5,7,5,13.3099056711
20742,10275,11422,0,13,11,7,8,15.0996621974
20743,10275,10312,0,13,4,7,2,19.4502518355
20744,10275,10310,0,13,27,7,6,12.5675550301
20745,10275,11429,0,13,8,7,6,13.4474467781
20746,10275,10152,0,13,2,7,2,1.54965548739
20747,10275,11214,0,13,10,7,6,12.5809339642
20748,10275,11435,0,13,41,7,23,10.39774879
20749,10275,10039,0,13,8,7,7,3.77413652113
20750,10275,10121,0,13,1,7,1,2.28120226497
20751,10275,11413,0,13,14,7,7,14.0970248952
20752,10275,10473,0,13,14,7,9,6.72606636125
20753,10275,10454,0,13,19,7,10,3.63707780362
20754,10275,11416,0,13,5,7,5,9.46428660066
20755,10275,10280,0,13,5,7,3,5.48772382101
20756,10275,11694,0,13,5,7,4,15.6610785344
20757,10275,11358,0,13,6,7,4,9.6005256539
20758,10275,11421,0,13,4,7,4,8.79847832347
20759,10275,11412,0,13,4,7,4,12.7985262568
20760,10275,10174,0,13,2,7,2,2.0104398094
20761,10275,11417,0,13,3,7,3,10.0514264754
20762,10275,11427,0,13,5,7,4,12.5689469668
20763,10275,11411,0,13,4,7,2,14.0287177077
20764,10275,11374,0,13,10,7,9,7.21526807103
20765,10275,10096,0,13,2,7,2,0.0
20766,10275,10006,0,13,19,7,18,5.37437222958
20767,10275,10037,0,13,15,7,10,3.11421440198
20768,10275,11370,0,13,8,7,4,4.70804964797
20769,10275,10475,0,13,15,7,11,10.4305589465
20770,10275,11225,0,13,17,7,13,8.21483272115
20771,10275,10282,0,13,10,7,9,4.80029410874
20772,10275,11426,0,13,12,7,5,13.8486101379
20773,10275,11378,0,13,18,7,7,5.52760631183
20774,10275,10107,0,13,1,7,1,1.03019396084
20775,10275,11251,0,13,4,7,3,9.51128787782
20776,10275,11436,0,13,6,7,3,11.9875910775
20777,10275,11360,0,13,10,7,5,10.3400309933
20778,10275,11356,0,13,2,7,2,7.01079277068
20779,10275,10474,0,13,8,7,7,5.20661276689
20780,10275,11697,0,13,1,7,1,15.6376175002
20781,10275,10172,0,13,2,7,2,1.74860450091
20782,10275,11691,0,13,4,7,3,16.9144069971
20783,10275,10470,0,13,6,7,4,10.2798474547
20784,10275,11366,0,13,7,7,5,10.2747263149
20785,10275,10041,0,13,2,7,2,5.63340276726
20786,10275,10278,0,13,1,7,1,4.7019781413
20787,10275,10106,0,13,4,7,1,1.08364380343
20788,10275,11428,0,13,2,7,2,13.0705996242
20789,10275,10286,0,13,1,7,1,4.93833246302
20790,10275,10279,0,13,1,7,1,4.95266614925
20791,10275,10103,0,13,1,7,1,1.36919100484
20792,10275,10196,0,13,1,7,1,0.0
20793,10275,10154,0,13,1,7,1,1.58858549871
20794,10275,10119,0,13,2,7,2,2.22341453155
20795,10275,10464,0,13,5,7,4,11.1794443674
20796,10275,10166,0,13,2,7,2,1.80579537384
20797,10275,10203,0,13,1,7,1,0.0
20798,10275,11359,0,13,2,7,2,10.5473962572
20799,10275,10177,0,13,1,7,1,1.75402386185
20800,10275,11040,0,13,1,7,1,15.8637775205
20801,10275,11364,0,13,2,7,2,11.6371030253
20802,10275,11692,0,13,2,7,2,16.0883191151
20803,10275,11423,0,13,1,7,1,11.8860611815
20804,10275,11415,0,13,2,7,2,9.26550621658
20805,10275,10175,0,13,2,7,1,1.82994166115
20806,10118,10012,0,4,445,3,357,1.70746062304
20807,10118,11222,0,4,110,3,71,2.65624566377
20808,10118,11231,0,4,65,3,44,4.91678548795
20809,10118,10019,2,4,637,3,440,1.1543473281
20810,10118,11102,0,4,35,3,30,3.59100113608
20811,10118,10003,1,4,493,3,400,1.14780065738
20812,10118,10020,1,4,143,3,116,0.742903209833
20813,10118,10018,2,4,339,3,256,0.555479306356
20814,10118,10001,3,4,670,3,468,0.541607737052
20815,10118,11365,0,4,21,3,9,10.2244661782
20816,10118,10007,1,4,1780,3,1042,2.60171130574
20817,10118,10022,1,4,228,3,164,1.21950145226
20818,10118,10013,1,4,745,3,406,2.18973692529
20819,10118,10472,0,4,23,3,8,8.3586049464
20820,10118,11226,0,4,195,3,123,7.34048012169
20821,10118,10027,1,4,141,3,83,4.69321517641
20822,10118,11210,1,4,34,3,20,8.62527068353
20823,10118,11693,0,4,6,3,6,13.6655928521
20824,10118,11432,1,4,49,3,36,10.4238564527
20825,10118,11103,0,4,35,3,26,4.0800990156
20826,10118,11237,0,4,64,3,53,4.70311010516
20827,10118,10010,1,4,218,3,181,0.726352941049
20828,10118,10014,1,4,397,3,286,1.39640586946
20829,10118,10009,0,4,135,3,91,1.56633196335
20830,10118,10036,2,4,826,3,656,0.751270193296
20831,10118,11216,1,4,60,3,49,5.14148581922
20832,10118,11418,0,4,15,3,11,8.74687874533
20833,10118,11109,0,4,5,3,5,9.07104741883
20834,10118,11371,0,4,71,3,65,6.05673814248
20835,10118,10460,0,4,42,3,22,8.43923601694
20836,10118,10048,0,4,86,3,65,2.88475455891
20837,10118,10128,1,4,51,3,40,2.95550667075
20838,10118,11375,1,4,44,3,27,7.63909681081
20839,10118,10023,1,4,210,3,134,1.87965043873
20840,10118,11211,1,4,352,3,256,3.05650663795
20841,10118,10011,1,4,437,3,352,0.903908308354
20842,10118,10025,1,4,143,3,65,3.54906076026
20843,10118,10032,1,4,65,3,28,6.75120749282
20844,10118,11232,0,4,125,3,24,6.52001935933
20845,10118,11377,0,4,46,3,33,4.36044746045
20846,10118,11361,0,4,19,3,11,11.1954755321
20847,10118,11206,0,4,90,3,63,3.94932694962
20848,10118,11430,0,4,187,3,143,12.1067140499
20849,10118,10021,1,4,62,3,45,1.91299449127
20850,10118,11201,2,4,234,3,176,3.70877337974
20851,10118,11238,1,4,109,3,64,4.91389607042
20852,10118,10016,1,4,162,3,110,0.504802086344
20853,10118,11218,0,4,26,3,19,7.22812309399
20854,10118,10301,0,4,45,3,32,9.87498500483
20855,10118,10452,0,4,54,3,34,7.04701784504
20856,10118,10314,1,4,51,3,30,12.8986313318
20857,10118,10461,0,4,50,3,20,10.1222751045
20858,10118,11101,1,4,193,3,96,2.5000881063
20859,10118,10029,1,4,50,3,38,3.63297964622
20860,10118,10467,0,4,33,3,22,10.4899668621
20861,10118,11208,0,4,43,3,13,7.97268387984
20862,10118,10024,1,4,101,3,71,2.62643200499
20863,10118,10005,1,4,65,3,41,3.18473897105
20864,10118,10030,0,4,39,3,26,5.27694985499
20865,10118,10002,1,4,258,3,186,2.20535919026
20866,10118,11385,0,4,56,3,31,5.84769280934
20867,10118,11220,0,4,38,3,23,7.57955361394
20868,10118,11215,0,4,123,3,95,5.62317338426
20869,10118,10038,1,4,174,3,85,2.85924191366
20870,10118,11217,1,4,92,3,71,4.6390218006
20871,10118,10462,1,4,104,3,58,9.28897562688
20872,10118,10040,0,4,80,3,27,8.15688122118
20873,10118,10457,0,4,28,3,16,8.16813810386
20874,10118,10017,1,4,277,3,161,0.774257505801
20875,10118,11433,0,4,18,3,12,11.0626870493
20876,10118,10308,0,4,8,3,8,16.1474843664
20877,10118,10468,0,4,52,3,30,9.34747045869
20878,10118,10111,0,4,15,3,13,0.841543474139
20879,10118,10309,0,4,23,3,15,19.2536634387
20880,10118,10034,1,4,68,3,33,8.89838120505
20881,10118,10028,1,4,89,3,53,2.5608627976
20882,10118,10035,0,4,65,3,32,4.6118797986
20883,10118,11228,0,4,10,3,8,9.16545705632
20884,10118,11105,0,4,25,3,19,4.4745836059
20885,10118,11355,0,4,26,3,18,8.76667752524
20886,10118,11209,1,4,49,3,28,8.96510587286
20887,10118,11213,0,4,35,3,20,6.03597224735
20888,10118,11369,0,4,12,3,8,6.15910606801
20889,10118,10031,0,4,64,3,45,5.68192710472
20890,10118,11221,0,4,120,3,61,5.08345369848
20891,10118,11212,0,4,12,3,10,7.11675461917
20892,10118,11233,0,4,74,3,34,6.11791919101
20893,10118,11368,0,4,62,3,41,6.72298423769
20894,10118,11205,1,4,37,3,31,3.94031919859
20895,10118,10069,0,4,14,3,8,1.83933799765
20896,10118,11203,0,4,39,3,8,7.4449473641
20897,10118,10459,0,4,16,3,8,7.1908676217
20898,10118,11219,0,4,6,3,4,8.05864509021
20899,10118,11434,0,4,32,3,16,12.3341098807
20900,10118,11230,0,4,11,3,5,8.77234623087
20901,10118,11373,0,4,53,3,27,5.75990799494
20902,10118,11362,0,4,8,3,5,13.3090244397
20903,10118,10305,0,4,11,3,8,11.346502744
20904,10118,11104,0,4,8,3,6,3.53317016693
20905,10118,10004,1,4,168,3,99,4.47714179056
20906,10118,10275,0,4,13,3,7,2.2445470517
20907,10118,10118,3,4,4,3,3,0.0
20908,10118,10026,0,4,57,3,43,4.07244947708
20909,10118,11235,0,4,19,3,14,11.5569990316
20910,10118,10469,0,4,44,3,12,11.0163943925
20911,10118,10281,1,4,31,3,24,2.8028898152
20912,10118,11223,0,4,10,3,7,10.4359448646
20913,10118,11379,0,4,33,3,13,6.07025421654
20914,10118,10465,0,4,37,3,16,10.3220511887
20915,10118,10455,0,4,20,3,11,6.17729253248
20916,10118,10466,0,4,16,3,11,12.2221674857
20917,10118,11239,0,4,4,3,2,9.07748640841
20918,10118,11207,0,4,86,3,31,7.24644664098
20919,10118,11367,0,4,35,3,17,8.77438780128
20920,10118,11106,0,4,21,3,19,3.0222885038
20921,10118,10471,0,4,19,3,15,11.3436007683
20922,10118,11234,0,4,50,3,15,9.62378496793
20923,10118,10167,0,4,11,3,4,0.727301355813
20924,10118,10453,0,4,21,3,16,8.16753243149
20925,10118,10451,0,4,20,3,12,5.92852985607
20926,10118,10033,0,4,86,3,31,7.3950576813
20927,10118,11354,0,4,38,3,25,8.57470941307
20928,10118,10463,1,4,36,3,16,10.0108615077
20929,10118,10169,1,4,4,3,4,0.663653417261
20930,10118,10456,0,4,21,3,12,6.90551263911
20931,10118,11420,0,4,8,3,7,10.4401709206
20932,10118,10153,0,4,6,3,5,1.24835613125
20933,10118,10307,0,4,6,3,3,21.4246661222
20934,10118,10306,1,4,17,3,8,14.1862126434
20935,10118,10165,0,4,2,3,2,0.459675314983
20936,10118,10303,0,4,11,3,7,12.3866757689
20937,10118,11224,0,4,22,3,13,11.8997075228
20938,10118,10304,0,4,8,3,5,11.1516796311
20939,10118,10458,1,4,34,3,31,9.45368637399
20940,10118,11414,0,4,13,3,7,9.79062916556
20941,10118,11204,0,4,9,3,8,8.97443778915
20942,10118,11372,0,4,16,3,11,5.36038259622
20943,10118,11357,0,4,9,3,6,9.61536482373
20944,10118,10044,0,4,9,3,8,2.15792046542
20945,10118,11229,0,4,27,3,14,10.6028478257
20946,10118,11236,0,4,15,3,9,8.65754108722
20947,10118,10302,0,4,5,3,5,11.3484910135
20948,10118,11422,0,4,11,3,8,14.4832348335
20949,10118,10312,0,4,4,3,2,17.3590423278
20950,10118,10310,0,4,27,3,6,10.5346372128
20951,10118,11429,0,4,8,3,6,13.2810471726
20952,10118,10152,0,4,2,3,2,0.999048780578
20953,10118,11214,1,4,10,3,6,10.3629343984
20954,10118,11435,0,4,41,3,23,9.86683590858
20955,10118,10039,0,4,8,3,7,5.92186651866
20956,10118,10121,0,4,1,3,1,0.287956911725
20957,10118,11413,0,4,14,3,7,13.4886621638
20958,10118,10473,0,4,14,3,9,8.2313931626
20959,10118,10454,0,4,19,3,10,5.38590486821
20960,10118,11416,0,4,5,3,5,8.46526021176
20961,10118,10280,0,4,5,3,3,3.30420123712
20962,10118,11694,0,4,5,3,4,13.9725108372
20963,10118,11358,0,4,6,3,4,10.019580037
20964,10118,11421,0,4,4,3,4,7.83441235468
20965,10118,11412,0,4,4,3,4,12.4409354854
20966,10118,10174,0,4,2,3,2,0.621045885922
20967,10118,11417,0,4,3,3,3,9.0031572617
20968,10118,11427,0,4,5,3,4,12.6070949051
20969,10118,11411,0,4,4,3,2,13.7078738855
20970,10118,11374,0,4,10,3,9,6.79633914419
20971,10118,10096,0,4,2,3,2,2.2445470517
20972,10118,10006,1,4,19,3,18,3.16896573031
20973,10118,10037,0,4,15,3,10,5.16740111108
20974,10118,11370,0,4,8,3,4,5.12654934202
20975,10118,10475,0,4,15,3,11,12.2953146884
20976,10118,11225,0,4,17,3,13,6.16572163068
20977,10118,10282,0,4,10,3,9,2.63809923418
20978,10118,11426,0,4,12,3,5,13.9763802976
20979,10118,11378,0,4,18,3,7,4.72001785034
20980,10118,10107,0,4,1,3,1,1.21868249828
20981,10118,11251,0,4,4,3,3,7.49222137846
20982,10118,11436,0,4,6,3,3,11.215162421
20983,10118,11360,0,4,10,3,5,11.0440526176
20984,10118,11356,0,4,2,3,2,7.90325611311
20985,10118,10474,0,4,8,3,7,6.82285765264
20986,10118,11697,0,4,1,3,1,13.6522043497
20987,10118,10172,0,4,2,3,2,0.772810555659
20988,10118,11691,0,4,4,3,3,15.73849694
20989,10118,10470,0,4,6,3,4,12.3661478517
20990,10118,11366,0,4,7,3,5,10.1713512943
20991,10118,10041,0,4,2,3,2,3.40492883176
20992,10118,10278,0,4,1,3,1,2.47278363698
20993,10118,10106,0,4,4,3,1,1.16473335143
20994,10118,11428,0,4,2,3,2,13.0248134323
20995,10118,10286,0,4,1,3,1,2.74531527094
20996,10118,10279,0,4,1,3,1,2.73767553795
20997,10118,10103,0,4,1,3,1,0.938418958647
20998,10118,10196,0,4,1,3,1,2.2445470517
20999,10118,10154,0,4,1,3,1,0.953302558242
21000,10118,10119,1,4,2,3,2,0.359835964488
21001,10118,10464,0,4,5,3,4,12.7566306308
21002,10118,10166,0,4,2,3,2,0.66110520369
21003,10118,10203,0,4,1,3,1,2.2445470517
21004,10118,11359,0,4,2,3,2,11.4114449598
21005,10118,10177,0,4,1,3,1,0.698798913608
21006,10118,11040,0,4,1,3,1,16.1437819415
21007,10118,11364,0,4,2,3,2,11.8886987397
21008,10118,11692,0,4,2,3,2,14.711561002
21009,10118,11423,0,4,1,3,1,11.7029682504
21010,10118,11415,0,4,2,3,2,8.72535031695
21011,10118,10175,0,4,2,3,1,0.507107047286
21012,10026,10012,2,57,445,43,357,5.7785491218
21013,10026,11222,0,57,110,43,71,5.30386556857
21014,10026,11231,0,57,65,43,44,8.92046713887
21015,10026,10019,1,57,637,43,440,3.03189287442
21016,10026,11102,0,57,35,43,30,2.68982392107
21017,10026,10003,0,57,493,43,400,5.18298163496
21018,10026,10020,0,57,143,43,116,3.33007572298
21019,10026,10018,1,57,339,43,256,3.86903325869
21020,10026,10001,1,57,670,43,468,4.21213723447
21021,10026,11365,0,57,21,43,9,9.60216720558
21022,10026,10007,5,57,1780,43,1042,6.67407032075
21023,10026,10022,0,57,228,43,164,3.0964231484
21024,10026,10013,1,57,745,43,406,6.26066901477
21025,10026,10472,0,57,23,43,8,4.9055812952
21026,10026,11226,1,57,195,43,123,10.8746544318
21027,10026,10027,1,57,141,43,83,0.677220415805
21028,10026,11210,0,57,34,43,20,12.0786235965
21029,10026,11693,0,57,6,43,6,15.876157324
21030,10026,11432,0,57,49,43,36,10.45216548
21031,10026,11103,0,57,35,43,26,3.58500216021
21032,10026,11237,0,57,64,43,53,7.10406175308
21033,10026,10010,0,57,218,43,181,4.63216275011
21034,10026,10014,1,57,397,43,286,5.39941193483
21035,10026,10009,0,57,135,43,91,5.37630198622
21036,10026,10036,1,57,826,43,656,3.52246242985
21037,10026,11216,1,57,60,43,49,8.45653330249
21038,10026,11418,0,57,15,43,11,9.60317437647
21039,10026,11109,0,57,5,43,5,11.3428000005
21040,10026,11371,0,57,71,43,65,4.68494467317
21041,10026,10460,0,57,42,43,22,4.70111382915
21042,10026,10048,0,57,86,43,65,6.95333970446
21043,10026,10128,0,57,51,43,40,1.46387545469
21044,10026,11375,0,57,44,43,27,8.05631879356
21045,10026,10023,0,57,210,43,134,2.36349986697
21046,10026,11211,1,57,352,43,256,6.26294260489
21047,10026,10011,0,57,437,43,352,4.88710469737
21048,10026,10025,1,57,143,43,65,0.764102812605
21049,10026,10032,0,57,65,43,28,2.7003520848
21050,10026,11232,0,57,125,43,24,10.4961381878
21051,10026,11377,1,57,46,43,33,4.92673400005
21052,10026,11361,0,57,19,43,11,9.86979083103
21053,10026,11206,2,57,90,43,63,6.96284673513
21054,10026,11430,0,57,187,43,143,13.4235240989
21055,10026,10021,1,57,62,43,45,2.39498134573
21056,10026,11201,0,57,234,43,176,7.63828486699
21057,10026,11238,0,57,109,43,64,8.47721339988
21058,10026,10016,0,57,162,43,110,4.09064284698
21059,10026,11218,0,57,26,43,19,10.9799099101
21060,10026,10301,0,57,45,43,32,13.8952668123
21061,10026,10452,0,57,54,43,34,3.00220378353
21062,10026,10314,0,57,51,43,30,16.8481535691
21063,10026,10461,0,57,50,43,20,6.70436990155
21064,10026,11101,0,57,193,43,96,4.05241886971
21065,10026,10029,1,57,50,43,38,0.908408834266
21066,10026,10467,1,57,33,43,22,6.55315418633
21067,10026,11208,1,57,43,43,13,9.96622141799
21068,10026,10024,0,57,101,43,71,1.63351756621
21069,10026,10005,0,57,65,43,41,7.25512763875
21070,10026,10030,2,57,39,43,26,1.20794297657
21071,10026,10002,0,57,258,43,186,6.15894310502
21072,10026,11385,0,57,56,43,31,7.61216365213
21073,10026,11220,0,57,38,43,23,11.5898154826
21074,10026,11215,1,57,123,43,95,9.47884081836
21075,10026,10038,0,57,174,43,85,6.92326164197
21076,10026,11217,0,57,92,43,71,8.42084088362
21077,10026,10462,0,57,104,43,58,5.72123265142
21078,10026,10040,0,57,80,43,27,4.09091199053
21079,10026,10457,1,57,28,43,16,4.2214061605
21080,10026,10017,0,57,277,43,161,3.61781423466
21081,10026,11433,0,57,18,43,12,11.4436850632
21082,10026,10308,0,57,8,43,8,20.1859053796
21083,10026,10468,0,57,52,43,30,5.30416490942
21084,10026,10111,0,57,15,43,13,3.24333129963
21085,10026,10309,0,57,23,43,15,23.2239087455
21086,10026,10034,2,57,68,43,33,4.82731667495
21087,10026,10028,0,57,89,43,53,1.79961119358
21088,10026,10035,1,57,65,43,32,1.10787431617
21089,10026,11228,0,57,10,43,8,13.1306954281
21090,10026,11105,0,57,25,43,19,3.12054641142
21091,10026,11355,0,57,26,43,18,7.99645533546
21092,10026,11209,0,57,49,43,28,12.9989533496
21093,10026,11213,0,57,35,43,20,9.16359184679
21094,10026,11369,0,57,12,43,8,5.20785918169
21095,10026,10031,0,57,64,43,45,1.64071429995
21096,10026,11221,0,57,120,43,61,7.84428561406
21097,10026,11212,0,57,12,43,10,9.94666346047
21098,10026,11233,0,57,74,43,34,8.89298026448
21099,10026,11368,0,57,62,43,41,6.35070157246
21100,10026,11205,0,57,37,43,31,7.51691460808
21101,10026,10069,0,57,14,43,8,2.66301445579
21102,10026,11203,0,57,39,43,8,10.6729531917
21103,10026,10459,0,57,16,43,8,3.57806422173
21104,10026,11219,0,57,6,43,4,11.9591999431
21105,10026,11434,0,57,32,43,16,13.0085731208
21106,10026,11230,0,57,11,43,5,12.420822931
21107,10026,11373,0,57,53,43,27,6.11635597914
21108,10026,11362,0,57,8,43,5,11.9932834114
21109,10026,10305,0,57,11,43,8,15.4189474256
21110,10026,11104,0,57,8,43,6,4.47437288749
21111,10026,10004,0,57,168,43,99,8.46874237225
21112,10026,10275,0,57,13,43,7,1.92739062389
21113,10026,10118,0,57,4,43,3,4.07244947708
21114,10026,10026,43,57,57,43,43,0.0
21115,10026,11235,0,57,19,43,14,15.1167563629
21116,10026,10469,0,57,44,43,12,7.22966278102
21117,10026,10281,0,57,31,43,24,6.85867161521
21118,10026,11223,0,57,10,43,7,14.1556274565
21119,10026,11379,0,57,33,43,13,7.18123348569
21120,10026,10465,0,57,37,43,16,7.36342917
21121,10026,10455,0,57,20,43,11,2.61552123472
21122,10026,10466,0,57,16,43,11,8.29442740969
21123,10026,11239,0,57,4,43,2,11.536330951
21124,10026,11207,0,57,86,43,31,9.64410485237
21125,10026,11367,0,57,35,43,17,8.667225651
21126,10026,11106,0,57,21,43,19,3.07048009344
21127,10026,10471,0,57,19,43,15,7.27365964793
21128,10026,11234,0,57,50,43,15,12.8348458158
21129,10026,10167,0,57,11,43,4,3.47754493861
21130,10026,10453,0,57,21,43,16,4.11833446745
21131,10026,10451,0,57,20,43,12,2.05993120068
21132,10026,10033,1,57,86,43,31,3.3328779668
21133,10026,11354,0,57,38,43,25,7.2183486222
21134,10026,10463,0,57,36,43,16,5.93848812139
21135,10026,10169,0,57,4,43,4,3.52185286158
21136,10026,10456,0,57,21,43,12,3.04616444779
21137,10026,11420,0,57,8,43,7,11.5898017149
21138,10026,10153,0,57,6,43,5,2.85863104317
21139,10026,10307,0,57,6,43,3,25.3784055558
21140,10026,10306,0,57,17,43,8,18.2464767143
21141,10026,10165,0,57,2,43,2,3.70841851511
21142,10026,10303,0,57,11,43,7,16.188316719
21143,10026,11224,0,57,22,43,13,15.7332122556
21144,10026,10304,0,57,8,43,5,15.2124922525
21145,10026,10458,0,57,34,43,31,5.46158986592
21146,10026,11414,0,57,13,43,7,11.5715345175
21147,10026,11204,0,57,9,43,8,12.7876506538
21148,10026,11372,0,57,16,43,11,5.18235467667
21149,10026,11357,0,57,9,43,6,7.73468826821
21150,10026,10044,0,57,9,43,8,2.82197671243
21151,10026,11229,0,57,27,43,14,14.0665790918
21152,10026,11236,0,57,15,43,9,11.5175317635
21153,10026,10302,0,57,5,43,5,15.2367214925
21154,10026,11422,0,57,11,43,8,15.0523240099
21155,10026,10312,0,57,4,43,2,21.3707432426
21156,10026,10310,0,57,27,43,6,14.4935589625
21157,10026,11429,0,57,8,43,6,13.0447538735
21158,10026,10152,0,57,2,43,2,3.18814690277
21159,10026,11214,0,57,10,43,6,14.2337214534
21160,10026,11435,0,57,41,43,23,10.3960620648
21161,10026,10039,0,57,8,43,7,1.85566619718
21162,10026,10121,0,57,1,43,1,4.15764288115
21163,10026,11413,0,57,14,43,7,14.0614313927
21164,10026,10473,0,57,14,43,9,5.13656438197
21165,10026,10454,1,57,19,43,10,2.02644808144
21166,10026,11416,0,57,5,43,5,9.90346891955
21167,10026,10280,0,57,5,43,3,7.36753451035
21168,10026,11694,0,57,5,43,4,16.6087034235
21169,10026,11358,0,57,6,43,4,8.81619726043
21170,10026,11421,0,57,4,43,4,9.2367357479
21171,10026,11412,0,57,4,43,4,12.5745608054
21172,10026,10174,0,57,2,43,2,3.69201751881
21173,10026,11417,0,57,3,43,3,10.5110904942
21174,10026,11427,0,57,5,43,4,12.0135724056
21175,10026,11411,0,57,4,43,2,13.7455730886
21176,10026,11374,0,57,10,43,9,7.28860933054
21177,10026,10096,0,57,2,43,2,1.92739062389
21178,10026,10006,0,57,19,43,18,7.23986302064
21179,10026,10037,0,57,15,43,10,1.21411676266
21180,10026,11370,0,57,8,43,4,4.34648642491
21181,10026,10475,0,57,15,43,11,8.55435297721
21182,10026,11225,0,57,17,43,13,9.65767852546
21183,10026,10282,0,57,10,43,9,6.68835945406
21184,10026,11426,0,57,12,43,5,13.1898000449
21185,10026,11378,0,57,18,43,7,6.08082845003
21186,10026,10107,0,57,1,43,1,2.91144308994
21187,10026,11251,0,57,4,43,3,10.8972525841
21188,10026,11436,0,57,6,43,3,12.1450904448
21189,10026,11360,0,57,10,43,5,9.29004459347
21190,10026,11356,0,57,2,43,2,5.94598270431
21191,10026,10474,0,57,8,43,7,3.59302923804
21192,10026,11697,0,57,1,43,1,16.9177325445
21193,10026,10172,0,57,2,43,2,3.4283457487
21194,10026,11691,0,57,4,43,3,17.3449017455
21195,10026,10470,0,57,6,43,4,8.35307215715
21196,10026,11366,0,57,7,43,5,9.91035216202
21197,10026,10041,0,57,2,43,2,7.47521353512
21198,10026,10278,0,57,1,43,1,6.54394471546
21199,10026,10106,0,57,4,43,1,2.92506930865
21200,10026,11428,0,57,2,43,2,12.5741325284
21201,10026,10286,0,57,1,43,1,6.8116122773
21202,10026,10279,0,57,1,43,1,6.80990153262
21203,10026,10103,0,57,1,43,1,3.13807096789
21204,10026,10196,0,57,1,43,1,1.92739062389
21205,10026,10154,0,57,1,43,1,3.23611129038
21206,10026,10119,0,57,2,43,2,4.11098364084
21207,10026,10464,0,57,5,43,4,9.45399599922
21208,10026,10166,0,57,2,43,2,3.51646684287
21209,10026,10203,0,57,1,43,1,1.92739062389
21210,10026,11359,0,57,2,43,2,9.36038470366
21211,10026,10177,0,57,1,43,1,3.46471196799
21212,10026,11040,0,57,1,43,1,15.0457677855
21213,10026,11364,0,57,2,43,2,10.9266105357
21214,10026,11692,0,57,2,43,2,16.7198421227
21215,10026,11423,0,57,1,43,1,11.5367333454
21216,10026,11415,0,57,2,43,2,9.31893148557
21217,10026,10175,0,57,2,43,1,3.59885682244
21218,11235,10012,1,19,445,14,357,10.1301575451
21219,11235,11222,2,19,110,14,71,9.83562431464
21220,11235,11231,1,19,65,14,44,7.10918042025
21221,11235,10019,2,19,637,14,440,12.6892861558
21222,11235,11102,1,19,35,14,30,13.0062218261
21223,11235,10003,0,19,493,14,400,10.4652583052
21224,11235,10020,1,19,143,14,116,12.1687713988
21225,11235,10018,2,19,339,14,256,12.0356073558
21226,11235,10001,2,19,670,14,468,11.77357832
21227,11235,11365,2,19,21,14,9,13.5524372512
21228,11235,10007,1,19,1780,14,1042,9.51977732531
21229,11235,10022,2,19,228,14,164,12.1233863977
21230,11235,10013,0,19,745,14,406,9.87726118782
21231,11235,10472,1,19,23,14,8,17.5493250284
21232,11235,11226,2,19,195,14,123,4.24960971273
21233,11235,10027,1,19,141,14,83,15.7939653148
21234,11235,11210,1,19,34,14,20,3.05579486781
21235,11235,11693,0,19,6,14,6,6.91956362361
21236,11235,11432,1,19,49,14,36,12.2035340313
21237,11235,11103,1,19,35,14,26,12.5337545468
21238,11235,11237,1,19,64,14,53,8.40117940706
21239,11235,10010,1,19,218,14,181,10.8404129522
21240,11235,10014,1,19,397,14,286,10.8088252358
21241,11235,10009,0,19,135,14,91,9.99963017474
21242,11235,10036,1,19,826,14,656,12.3049427199
21243,11235,11216,1,19,60,14,49,6.66596733688
21244,11235,11418,0,19,15,14,11,10.0070579969
21245,11235,11109,0,19,5,14,5,6.25903821418
21246,11235,11371,1,19,71,14,65,13.5767567401
21247,11235,10460,2,19,42,14,22,18.118571237
21248,11235,10048,0,19,86,14,65,9.43387875419
21249,11235,10128,2,19,51,14,40,13.6686580655
21250,11235,11375,1,19,44,14,27,10.9132318527
21251,11235,10023,2,19,210,14,134,13.3792404563
21252,11235,11211,1,19,352,14,256,8.85458896808
21253,11235,10011,2,19,437,14,352,11.1604337692
21254,11235,10025,1,19,143,14,65,14.8445267793
21255,11235,10032,1,19,65,14,28,17.7313215305
21256,11235,11232,2,19,125,14,24,5.70419072397
21257,11235,11377,1,19,46,14,33,11.2435671898
21258,11235,11361,1,19,19,14,11,15.4580481848
21259,11235,11206,0,19,90,14,63,8.18879145933
21260,11235,11430,1,19,187,14,143,9.33827365441
21261,11235,10021,1,19,62,14,45,12.7503054362
21262,11235,11201,2,19,234,14,176,7.95931793327
21263,11235,11238,0,19,109,14,64,6.67950198996
21264,11235,10016,1,19,162,14,110,11.2964013925
21265,11235,11218,1,19,26,14,19,4.40516699488
21266,11235,10301,1,19,45,14,32,8.27075943241
21267,11235,10452,2,19,54,14,34,17.6522403453
21268,11235,10314,2,19,51,14,30,10.3706389272
21269,11235,10461,1,19,50,14,20,18.8216785564
21270,11235,11101,2,19,193,14,96,11.1616955858
21271,11235,10029,2,19,50,14,38,14.3393290238
21272,11235,10467,2,19,33,14,22,20.3516879081
21273,11235,11208,0,19,43,14,13,7.36799435622
21274,11235,10024,0,19,101,14,71,14.0499161919
21275,11235,10005,1,19,65,14,41,8.97412946851
21276,11235,10030,1,19,39,14,26,16.1743112184
21277,11235,10002,0,19,258,14,186,9.39488255992
21278,11235,11385,1,19,56,14,31,8.76401404
21279,11235,11220,1,19,38,14,23,5.2626472775
21280,11235,11215,2,19,123,14,95,6.06835588947
21281,11235,10038,1,19,174,14,85,9.12864792392
21282,11235,11217,0,19,92,14,71,6.93582986975
21283,11235,10462,1,19,104,14,58,18.4650337291
21284,11235,10040,1,19,80,14,27,19.0028689041
21285,11235,10457,2,19,28,14,16,18.3445926958
21286,11235,10017,1,19,277,14,161,11.6748434798
21287,11235,11433,1,19,18,14,12,11.566367116
21288,11235,10308,0,19,8,14,8,10.8000876696
21289,11235,10468,1,19,52,14,30,19.7313497333
21290,11235,10111,0,19,15,14,13,12.1914058063
21291,11235,10309,1,19,23,14,15,14.3272059876
21292,11235,10034,1,19,68,14,33,19.6503469074
21293,11235,10028,1,19,89,14,53,13.3171494654
21294,11235,10035,2,19,65,14,32,15.1084649487
21295,11235,11228,1,19,10,14,8,3.98559778987
21296,11235,11105,1,19,25,14,19,13.3550544264
21297,11235,11355,1,19,26,14,18,13.3371565432
21298,11235,11209,1,19,49,14,28,4.98130902656
21299,11235,11213,0,19,35,14,20,6.06803123008
21300,11235,11369,1,19,12,14,8,13.0447471312
21301,11235,10031,1,19,64,14,45,16.726146877
21302,11235,11221,0,19,120,14,61,7.51788336703
21303,11235,11212,0,19,12,14,10,5.74644675687
21304,11235,11233,0,19,74,14,34,6.63780256782
21305,11235,11368,1,19,62,14,41,12.2573347036
21306,11235,11205,0,19,37,14,31,7.6597431093
21307,11235,10069,0,19,14,14,8,13.3943044861
21308,11235,11203,0,19,39,14,8,4.59214637211
21309,11235,10459,1,19,16,14,8,16.9387203395
21310,11235,11219,0,19,6,14,4,4.14054153081
21311,11235,11434,2,19,32,14,16,11.2501125257
21312,11235,11230,1,19,11,14,5,2.80376567653
21313,11235,11373,2,19,53,14,27,11.1701586909
21314,11235,11362,1,19,8,14,5,16.6501459514
21315,11235,10305,0,19,11,14,8,6.65009423738
21316,11235,11104,0,19,8,14,6,11.1570111285
21317,11235,10004,2,19,168,14,99,9.28997946999
21318,11235,10275,0,19,13,14,7,13.6635491855
21319,11235,10118,0,19,4,14,3,11.5569990316
21320,11235,10026,0,19,57,14,43,15.1167563629
21321,11235,11235,14,19,19,14,14,0.0
21322,11235,10469,0,19,44,14,12,20.3825805446
21323,11235,10281,0,19,31,14,24,9.64853030492
21324,11235,11223,2,19,10,14,7,1.52652647696
21325,11235,11379,1,19,33,14,13,9.85606743632
21326,11235,10465,2,19,37,14,16,18.088689112
21327,11235,10455,1,19,20,14,11,16.146504589
21328,11235,10466,0,19,16,14,11,21.8747436992
21329,11235,11239,1,19,4,14,2,5.68034305515
21330,11235,11207,1,19,86,14,31,6.68940617979
21331,11235,11367,1,19,35,14,17,12.0670048783
21332,11235,11106,0,19,21,14,19,12.3360038594
21333,11235,10471,1,19,19,14,15,22.011921497
21334,11235,11234,1,19,50,14,15,2.83071048437
21335,11235,10167,0,19,11,14,4,11.8748372656
21336,11235,10453,1,19,21,14,16,18.6834933644
21337,11235,10451,1,19,20,14,12,16.3451452438
21338,11235,10033,2,19,86,14,31,18.3003943182
21339,11235,11354,1,19,38,14,25,14.3097689636
21340,11235,10463,2,19,36,14,16,20.6353484158
21341,11235,10169,0,19,4,14,4,11.8540169888
21342,11235,10456,1,19,21,14,12,17.1060230217
21343,11235,11420,0,19,8,14,7,9.43059876889
21344,11235,10153,0,19,6,14,5,12.4722036741
21345,11235,10307,0,19,6,14,3,16.3130540452
21346,11235,10306,0,19,17,14,8,8.87682919736
21347,11235,10165,0,19,2,14,2,11.727721625
21348,11235,10303,1,19,11,14,7,11.5952724936
21349,11235,11224,1,19,22,14,13,2.24085664826
21350,11235,10304,0,19,8,14,5,7.53417595347
21351,11235,10458,1,19,34,14,31,19.61222904
21352,11235,11414,1,19,13,14,7,7.61457752982
21353,11235,11204,0,19,9,14,8,3.02974412602
21354,11235,11372,1,19,16,14,11,11.9882247962
21355,11235,11357,0,19,9,14,6,15.7010299298
21356,11235,10044,0,19,9,14,8,12.3080322596
21357,11235,11229,3,19,27,14,14,1.16685097904
21358,11235,11236,2,19,15,14,9,4.61696998391
21359,11235,10302,2,19,5,14,5,10.3599471778
21360,11235,11422,1,19,11,14,8,12.5439424254
21361,11235,10312,0,19,4,14,2,12.2241644181
21362,11235,10310,0,19,27,14,6,9.31113140645
21363,11235,11429,1,19,8,14,6,14.0568997404
21364,11235,10152,0,19,2,14,2,12.1175112019
21365,11235,11214,0,19,10,14,6,2.63305468487
21366,11235,11435,2,19,41,14,23,10.89786389
21367,11235,10039,1,19,8,14,7,16.7387247071
21368,11235,10121,0,19,1,14,1,11.6508894708
21369,11235,11413,1,19,14,14,7,12.0291194274
21370,11235,10473,1,19,14,14,9,16.8897535017
21371,11235,10454,1,19,19,14,10,15.4329403032
21372,11235,11416,1,19,5,14,5,8.64336548621
21373,11235,10280,0,19,5,14,3,9.24332462819
21374,11235,11694,0,19,5,14,4,5.44117543832
21375,11235,11358,0,19,6,14,4,14.6359618519
21376,11235,11421,1,19,4,14,4,8.82721740446
21377,11235,11412,0,19,4,14,4,12.7158886348
21378,11235,10174,0,19,2,14,2,11.6562113304
21379,11235,11417,0,19,3,14,3,8.41325458447
21380,11235,11427,1,19,5,14,4,14.5744721132
21381,11235,11411,0,19,4,14,2,13.5792876812
21382,11235,11374,1,19,10,14,9,10.8104653144
21383,11235,10096,0,19,2,14,2,13.6635491855
21384,11235,10006,0,19,19,14,18,9.18539300572
21385,11235,10037,1,19,15,14,10,15.8587614534
21386,11235,11370,0,19,8,14,4,12.757110825
21387,11235,10475,1,19,15,14,11,21.3650806217
21388,11235,11225,1,19,17,14,13,5.4633116972
21389,11235,10282,0,19,10,14,9,9.80104062474
21390,11235,11426,1,19,12,14,5,15.8066878386
21391,11235,11378,2,19,18,14,7,9.99682835085
21392,11235,10107,0,19,1,14,1,12.7169322805
21393,11235,11251,0,19,4,14,3,4.2381770513
21394,11235,11436,1,19,6,14,3,10.1895601411
21395,11235,11360,1,19,10,14,5,16.2442228955
21396,11235,11356,0,19,2,14,2,14.997856212
21397,11235,10474,1,19,8,14,7,16.167767194
21398,11235,11697,0,19,1,14,1,2.71612638256
21399,11235,10172,0,19,2,14,2,11.9154585532
21400,11235,11691,0,19,4,14,3,10.0862987925
21401,11235,10470,1,19,6,14,4,22.3604018859
21402,11235,11366,0,19,7,14,5,12.7651883074
21403,11235,10041,0,19,2,14,2,8.80945052253
21404,11235,10278,0,19,1,14,1,9.53094084158
21405,11235,10106,0,19,4,14,1,12.6201321283
21406,11235,11428,0,19,2,14,2,14.4513531583
21407,11235,10286,0,19,1,14,1,9.56617489798
21408,11235,10279,0,19,1,14,1,9.43205290142
21409,11235,10103,0,19,1,14,1,12.3071348306
21410,11235,10196,0,19,1,14,1,13.6635491855
21411,11235,10154,0,19,1,14,1,12.0768218443
21412,11235,10119,1,19,2,14,2,11.7410736664
21413,11235,10464,0,19,5,14,4,20.6639335528
21414,11235,10166,0,19,2,14,2,11.8638661477
21415,11235,10203,0,19,1,14,1,13.6635491855
21416,11235,11359,0,19,2,14,2,17.057778941
21417,11235,10177,0,19,1,14,1,11.9146569542
21418,11235,11040,0,19,1,14,1,17.9899712197
21419,11235,11364,0,19,2,14,2,15.0430811884
21420,11235,11692,0,19,2,14,2,8.15210902347
21421,11235,11423,0,19,1,14,1,13.1329011997
21422,11235,11415,0,19,2,14,2,10.594016828
21423,11235,10175,0,19,2,14,1,11.8672197461
21424,10469,10012,0,44,445,12,357,12.6343423101
21425,10469,11222,0,44,110,12,71,11.0910079144
21426,10469,11231,0,44,65,12,44,15.4232575914
21427,10469,10019,0,44,637,12,440,10.147492541
21428,10469,11102,0,44,35,12,30,7.84464393948
21429,10469,10003,0,44,493,12,400,11.9868241203
21430,10469,10020,0,44,143,12,116,10.3017726316
21431,10469,10018,0,44,339,12,256,10.953997435
21432,10469,10001,0,44,670,12,468,11.28546374
21433,10469,11365,0,44,21,12,9,9.40445697906
21434,10469,10007,2,44,1780,12,1042,13.5293865154
21435,10469,10022,0,44,228,12,164,9.83784679475
21436,10469,10013,0,44,745,12,406,13.1467365935
21437,10469,10472,0,44,23,12,8,2.86058403316
21438,10469,11226,0,44,195,12,123,16.4262437452
21439,10469,10027,0,44,141,12,83,6.83664477798
21440,10469,11210,0,44,34,12,20,17.3893723952
21441,10469,11693,0,44,6,12,6,18.8026450034
21442,10469,11432,0,44,49,12,36,11.0321343954
21443,10469,11103,0,44,35,12,26,8.01718822728
21444,10469,11237,0,44,64,12,53,12.0238763384
21445,10469,10010,0,44,218,12,181,11.3966598617
21446,10469,10014,0,44,397,12,286,12.4102018806
21447,10469,10009,0,44,135,12,91,11.9499292415
21448,10469,10036,1,44,826,12,656,10.6200672491
21449,10469,11216,0,44,60,12,49,14.0262429086
21450,10469,11418,0,44,15,12,11,11.7633966956
21451,10469,11109,0,44,5,12,5,15.0422110339
21452,10469,11371,0,44,71,12,65,6.82055789505
21453,10469,10460,0,44,42,12,22,2.57737669317
21454,10469,10048,0,44,86,12,65,13.8387430395
21455,10469,10128,0,44,51,12,40,8.06246923612
21456,10469,11375,0,44,44,12,27,10.220245838
21457,10469,10023,0,44,210,12,134,9.55139696598
21458,10469,11211,0,44,352,12,256,12.1712698022
21459,10469,10011,0,44,437,12,352,11.9048697818
21460,10469,10025,0,44,143,12,65,7.96761011745
21461,10469,10032,0,44,65,12,28,5.29863976174
21462,10469,11232,0,44,125,12,24,16.8554365451
21463,10469,11377,0,44,46,12,33,9.16914480705
21464,10469,11361,0,44,19,12,11,8.23292931765
21465,10469,11206,0,44,90,12,63,12.5210485223
21466,10469,11430,0,44,187,12,143,15.2934742335
21467,10469,10021,0,44,62,12,45,9.10933690911
21468,10469,11201,0,44,234,12,176,14.0836160194
21469,10469,11238,0,44,109,12,64,14.3426338194
21470,10469,10016,0,44,162,12,110,10.8645574608
21471,10469,11218,0,44,26,12,19,16.8710871829
21472,10469,10301,0,44,45,12,32,20.8591635035
21473,10469,10452,1,44,54,12,34,4.43778124113
21474,10469,10314,0,44,51,12,30,23.9139162868
21475,10469,10461,0,44,50,12,20,1.83892465341
21476,10469,11101,0,44,193,12,96,9.77327570341
21477,10469,10029,0,44,50,12,38,7.40757208653
21478,10469,10467,0,44,33,12,22,1.18020632787
21479,10469,11208,0,44,43,12,13,13.5870978988
21480,10469,10024,0,44,101,12,71,8.85783842627
21481,10469,10005,0,44,65,12,41,14.050888046
21482,10469,10030,0,44,39,12,26,6.12627227452
21483,10469,10002,0,44,258,12,186,12.7698654727
21484,10469,11385,0,44,56,12,31,11.6716870282
21485,10469,11220,0,44,38,12,23,17.9963305348
21486,10469,11215,0,44,123,12,95,15.6597531373
21487,10469,10038,0,44,174,12,85,13.6936721935
21488,10469,11217,1,44,92,12,71,14.5792250124
21489,10469,10462,1,44,104,12,58,1.9196059423
21490,10469,10040,0,44,80,12,27,4.30770229872
21491,10469,10457,0,44,28,12,16,3.08150014242
21492,10469,10017,0,44,277,12,161,10.369576605
21493,10469,11433,0,44,18,12,12,12.2858121292
21494,10469,10308,0,44,8,12,8,27.0833592502
21495,10469,10468,0,44,52,12,30,2.71605471704
21496,10469,10111,0,44,15,12,13,10.1848370631
21497,10469,10309,0,44,23,12,15,30.2596017799
21498,10469,10034,0,44,68,12,33,3.80625410251
21499,10469,10028,0,44,89,12,53,8.45553814825
21500,10469,10035,0,44,65,12,32,6.42848460753
21501,10469,11228,0,44,10,12,8,19.3530365068
21502,10469,11105,0,44,25,12,19,7.2246216374
21503,10469,11355,0,44,26,12,18,8.35327526937
21504,10469,11209,0,44,49,12,28,19.4434615129
21505,10469,11213,0,44,35,12,20,14.3895105586
21506,10469,11369,0,44,12,12,8,7.40009368978
21507,10469,10031,0,44,64,12,45,6.06882559518
21508,10469,11221,0,44,120,12,61,12.9244024173
21509,10469,11212,0,44,12,12,10,14.6596960177
21510,10469,11233,0,44,74,12,34,13.7458296811
21511,10469,11368,0,44,62,12,41,8.40638112544
21512,10469,11205,1,44,37,12,31,13.5328011506
21513,10469,10069,0,44,14,12,8,9.88114745653
21514,10469,11203,0,44,39,12,8,15.8049100678
21515,10469,10459,0,44,16,12,8,3.83151317359
21516,10469,11219,0,44,6,12,4,18.0751533803
21517,10469,11434,0,44,32,12,16,13.9313891838
21518,10469,11230,0,44,11,12,5,18.0268202812
21519,10469,11373,0,44,53,12,27,9.28803251702
21520,10469,11362,0,44,8,12,5,9.60869065768
21521,10469,10305,0,44,11,12,8,22.1121836838
21522,10469,11104,0,44,8,12,6,9.40865276379
21523,10469,10004,0,44,168,12,99,15.4924596023
21524,10469,10275,0,44,13,12,7,9.1157474716
21525,10469,10118,0,44,4,12,3,11.0163943925
21526,10469,10026,0,44,57,12,43,7.22966278102
21527,10469,11235,0,44,19,12,14,20.3825805446
21528,10469,10469,12,44,44,12,12,0.0
21529,10469,10281,0,44,31,12,24,13.7907681733
21530,10469,11223,0,44,10,12,7,19.7837962554
21531,10469,11379,0,44,33,12,13,10.662975841
21532,10469,10465,0,44,37,12,16,3.34857330565
21533,10469,10455,0,44,20,12,11,4.83969924273
21534,10469,10466,0,44,16,12,11,1.53937496338
21535,10469,11239,0,44,4,12,2,15.46398556
21536,10469,11207,0,44,86,12,31,13.866572102
21537,10469,11367,0,44,35,12,17,9.7574430194
21538,10469,11106,0,44,21,12,19,8.57826992705
21539,10469,10471,0,44,19,12,15,3.68340223245
21540,10469,11234,0,44,50,12,15,17.6908113468
21541,10469,10167,0,44,11,12,4,10.3148206835
21542,10469,10453,0,44,21,12,16,3.56143111563
21543,10469,10451,0,44,20,12,12,5.17859836478
21544,10469,10033,1,44,86,12,31,4.79053732479
21545,10469,11354,0,44,38,12,25,7.0453196473
21546,10469,10463,0,44,36,12,16,3.26493201771
21547,10469,10169,0,44,4,12,4,10.37356659
21548,10469,10456,0,44,21,12,12,4.18530422593
21549,10469,11420,0,44,8,12,7,13.6005114439
21550,10469,10153,0,44,6,12,5,9.77575703872
21551,10469,10307,0,44,6,12,3,32.4358837852
21552,10469,10306,0,44,17,12,8,25.0610120595
21553,10469,10165,0,44,2,12,2,10.5810382209
21554,10469,10303,0,44,11,12,7,23.3609727394
21555,10469,11224,0,44,22,12,13,21.5304964226
21556,10469,10304,0,44,8,12,5,22.0421917746
21557,10469,10458,0,44,34,12,31,2.19372688626
21558,10469,11414,0,44,13,12,7,14.5236210965
21559,10469,11204,0,44,9,12,8,18.6775447907
21560,10469,11372,0,44,16,12,11,8.40342094557
21561,10469,11357,0,44,9,12,6,6.14359692828
21562,10469,10044,0,44,9,12,8,9.08116180287
21563,10469,11229,0,44,27,12,14,19.2297567638
21564,10469,11236,0,44,15,12,9,16.0151649542
21565,10469,10302,0,44,5,12,5,22.3579554281
21566,10469,11422,0,44,11,12,8,15.3921129237
21567,10469,10312,0,44,4,12,2,28.3350400189
21568,10469,10310,0,44,27,12,6,21.5495842516
21569,10469,11429,0,44,8,12,6,12.4046875422
21570,10469,10152,0,44,2,12,2,10.0254822263
21571,10469,11214,0,44,10,12,6,20.1784208285
21572,10469,11435,0,44,41,12,23,11.7972229388
21573,10469,10039,0,44,8,12,7,5.54094208011
21574,10469,10121,0,44,1,12,1,11.1740162384
21575,10469,11413,0,44,14,12,7,14.5928601308
21576,10469,10473,0,44,14,12,9,3.51191599767
21577,10469,10454,0,44,19,12,10,5.63504854428
21578,10469,11416,0,44,5,12,5,12.7900920321
21579,10469,10280,0,44,5,12,3,14.2690250655
21580,10469,11694,0,44,5,12,4,20.1592506308
21581,10469,11358,0,44,6,12,4,7.92941843955
21582,10469,11421,0,44,4,12,4,12.2802700264
21583,10469,11412,0,44,4,12,4,12.6969239007
21584,10469,10174,0,44,2,12,2,10.491320929
21585,10469,11417,0,44,3,12,3,13.3257859403
21586,10469,11427,0,44,5,12,4,11.0049468803
21587,10469,11411,0,44,4,12,2,13.4262624679
21588,10469,11374,0,44,10,12,9,9.94105693429
21589,10469,10096,0,44,2,12,2,9.1157474716
21590,10469,10006,0,44,19,12,18,14.1024994112
21591,10469,10037,0,44,15,12,10,6.01658154053
21592,10469,11370,0,44,8,12,4,7.63197579269
21593,10469,10475,0,44,15,12,11,1.33617030743
21594,10469,11225,0,44,17,12,13,15.2812511043
21595,10469,10282,0,44,10,12,9,13.6351032678
21596,10469,11426,0,44,12,12,5,11.5078931572
21597,10469,11378,0,44,18,12,7,10.3881038497
21598,10469,10107,0,44,1,12,1,10.0056466811
21599,10469,11251,0,44,4,12,3,16.2544042379
21600,10469,11436,0,44,6,12,3,13.6796333541
21601,10469,11360,0,44,10,12,5,7.03799659449
21602,10469,11356,0,44,2,12,2,5.74304815074
21603,10469,10474,0,44,8,12,7,4.36684535596
21604,10469,11697,0,44,1,12,1,21.5295420002
21605,10469,10172,0,44,2,12,2,10.2652888997
21606,10469,11691,0,44,4,12,3,19.0990830541
21607,10469,10470,0,44,6,12,4,2.315572085
21608,10469,11366,0,44,7,12,5,10.2090934627
21609,10469,10041,0,44,2,12,2,14.2628456437
21610,10469,10278,0,44,1,12,1,13.3713614903
21611,10469,10106,0,44,4,12,1,9.97924868693
21612,10469,11428,0,44,2,12,2,11.6694684908
21613,10469,10286,0,44,1,12,1,13.7110404853
21614,10469,10279,0,44,1,12,1,13.6652936721
21615,10469,10103,0,44,1,12,1,10.1026985551
21616,10469,10196,0,44,1,12,1,9.1157474716
21617,10469,10154,0,44,1,12,1,10.0732329697
21618,10469,10119,0,44,2,12,2,11.1499193765
21619,10469,10464,0,44,5,12,4,3.15880431695
21620,10469,10166,0,44,2,12,2,10.3729325894
21621,10469,10203,0,44,1,12,1,9.1157474716
21622,10469,11359,0,44,2,12,2,6.41208999314
21623,10469,10177,0,44,1,12,1,10.3284170513
21624,10469,11040,0,44,1,12,1,12.3792404784
21625,10469,11364,0,44,2,12,2,9.58051453561
21626,10469,11692,0,44,2,12,2,19.2166193674
21627,10469,11423,0,44,1,12,1,11.4322293325
21628,10469,11415,0,44,2,12,2,11.1987628665
21629,10469,10175,0,44,2,12,1,10.5097354571
21630,10281,10012,0,31,445,24,357,1.17087633648
21631,10281,11222,0,31,110,24,71,3.72958131325
21632,10281,11231,0,31,65,24,44,2.55778128624
21633,10281,10019,1,31,637,24,440,3.84615771275
21634,10281,11102,0,31,35,24,30,6.14446684246
21635,10281,10003,1,31,493,24,400,1.82401880517
21636,10281,10020,1,31,143,24,116,3.54239564232
21637,10281,10018,1,31,339,24,256,3.01289821941
21638,10281,10001,1,31,670,24,468,2.67213811354
21639,10281,11365,0,31,21,24,9,11.8192656485
21640,10281,10007,1,31,1780,24,1042,0.406872752583
21641,10281,10022,1,31,228,24,164,3.95300843572
21642,10281,10013,2,31,745,24,406,0.657243402909
21643,10281,10472,0,31,23,24,8,11.0851035862
21644,10281,11226,1,31,195,24,123,5.71569182808
21645,10281,10027,1,31,141,24,83,7.4597487228
21646,10281,11210,1,31,34,24,20,7.00686421817
21647,10281,11693,0,31,6,24,6,13.0820155718
21648,10281,11432,1,31,49,24,36,11.6411732605
21649,10281,11103,0,31,35,24,26,6.39853889601
21650,10281,11237,0,31,64,24,53,5.05019771216
21651,10281,10010,1,31,218,24,181,2.41123202446
21652,10281,10014,1,31,397,24,286,1.47473251726
21653,10281,10009,0,31,135,24,91,2.09126267176
21654,10281,10036,3,31,826,24,656,3.3578576555
21655,10281,11216,1,31,60,24,49,4.22619000447
21656,10281,11418,0,31,15,24,11,9.58560614614
21657,10281,11109,0,31,5,24,5,8.7415946497
21658,10281,11371,0,31,71,24,65,8.34181785303
21659,10281,10460,0,31,42,24,22,11.2164239779
21660,10281,10048,1,31,86,24,65,0.225940906024
21661,10281,10128,1,31,51,24,40,5.7458935364
21662,10281,11375,1,31,44,24,27,8.88933089911
21663,10281,10023,2,31,210,24,134,4.56313647856
21664,10281,11211,1,31,352,24,256,3.19128944931
21665,10281,10011,3,31,437,24,352,1.97923165152
21666,10281,10025,1,31,143,24,65,6.28698593937
21667,10281,10032,1,31,65,24,28,9.51182642655
21668,10281,11232,0,31,125,24,24,4.12092933454
21669,10281,11377,0,31,46,24,33,6.1529726763
21670,10281,11361,0,31,19,24,11,13.0866271444
21671,10281,11206,0,31,90,24,63,3.87865218233
21672,10281,11430,0,31,187,24,143,12.3395885071
21673,10281,10021,1,31,62,24,45,4.68545574854
21674,10281,11201,1,31,234,24,176,1.9057939994
21675,10281,11238,1,31,109,24,64,3.63813890192
21676,10281,10016,2,31,162,24,110,2.92968466218
21677,10281,11218,0,31,26,24,19,5.25260542824
21678,10281,10301,0,31,45,24,32,7.07671511826
21679,10281,10452,0,31,54,24,34,9.84556056491
21680,10281,10314,1,31,51,24,30,10.1309810483
21681,10281,10461,0,31,50,24,20,12.8186356811
21682,10281,11101,1,31,193,24,96,4.51168114987
21683,10281,10029,1,31,50,24,38,6.43249338235
21684,10281,10467,0,31,33,24,22,13.2886673562
21685,10281,11208,0,31,43,24,13,8.02403718634
21686,10281,10024,1,31,101,24,71,5.33446593747
21687,10281,10005,1,31,65,24,41,0.68283759741
21688,10281,10030,0,31,39,24,26,8.06620559547
21689,10281,10002,1,31,258,24,186,1.4771695352
21690,10281,11385,0,31,56,24,31,6.461259637
21691,10281,11220,0,31,38,24,23,5.05158440924
21692,10281,11215,0,31,123,24,95,3.59941535062
21693,10281,10038,1,31,174,24,85,0.685524157251
21694,10281,11217,2,31,92,24,71,2.97446017097
21695,10281,10462,1,31,104,24,58,12.028628573
21696,10281,10040,0,31,80,24,27,10.9253871988
21697,10281,10457,0,31,28,24,16,10.9696910986
21698,10281,10017,1,31,277,24,161,3.42235524112
21699,10281,11433,0,31,18,24,12,12.0175814657
21700,10281,10308,0,31,8,24,8,13.3446097272
21701,10281,10468,0,31,52,24,30,12.1474781848
21702,10281,10111,0,31,15,24,13,3.64438954934
21703,10281,10309,0,31,23,24,15,16.4689062573
21704,10281,10034,1,31,68,24,33,11.6736933949
21705,10281,10028,1,31,89,24,53,5.34623799001
21706,10281,10035,0,31,65,24,32,7.40890636223
21707,10281,11228,0,31,10,24,8,6.70089810902
21708,10281,11105,0,31,25,24,19,6.96988429008
21709,10281,11355,0,31,26,24,18,10.5418307012
21710,10281,11209,1,31,49,24,28,6.35101934962
21711,10281,11213,0,31,35,24,20,5.18768489929
21712,10281,11369,0,31,12,24,8,8.2791207618
21713,10281,10031,0,31,64,24,45,8.44426997682
21714,10281,11221,0,31,120,24,61,4.92448603859
21715,10281,11212,0,31,12,24,10,6.45145114355
21716,10281,11233,0,31,74,24,34,5.69116253187
21717,10281,11368,0,31,62,24,41,8.51875814697
21718,10281,11205,1,31,37,24,31,2.96473178094
21719,10281,10069,0,31,14,24,8,4.38956279509
21720,10281,11203,0,31,39,24,8,6.24470653201
21721,10281,10459,0,31,16,24,8,9.95968968286
21722,10281,11219,0,31,6,24,4,5.7557053884
21723,10281,11434,0,31,32,24,16,13.015650517
21724,10281,11230,0,31,11,24,5,6.86181828602
21725,10281,11373,0,31,53,24,27,7.33816506672
21726,10281,11362,0,31,8,24,5,15.1104845524
21727,10281,10305,0,31,11,24,8,8.57992610215
21728,10281,11104,0,31,8,24,6,5.40003326695
21729,10281,10004,1,31,168,24,99,1.7399969902
21730,10281,10275,0,31,13,24,7,4.97377146569
21731,10281,10118,1,31,4,24,3,2.8028898152
21732,10281,10026,0,31,57,24,43,6.85867161521
21733,10281,11235,0,31,19,24,14,9.64853030492
21734,10281,10469,0,31,44,24,12,13.7907681733
21735,10281,10281,24,31,31,24,24,0.0
21736,10281,11223,0,31,10,24,7,8.34559540007
21737,10281,11379,0,31,33,24,13,7.12577924856
21738,10281,10465,0,31,37,24,16,12.8854640093
21739,10281,10455,0,31,20,24,11,8.95264941323
21740,10281,10466,0,31,16,24,11,15.0182372204
21741,10281,11239,0,31,4,24,2,8.56736118793
21742,10281,11207,0,31,86,24,31,7.02282660077
21743,10281,11367,0,31,35,24,17,10.2045186475
21744,10281,11106,0,31,21,24,19,5.46668770043
21745,10281,10471,0,31,19,24,15,14.1141170394
21746,10281,11234,0,31,50,24,15,8.24714481339
21747,10281,10167,0,31,11,24,4,3.48016997571
21748,10281,10453,0,31,21,24,16,10.9658860916
21749,10281,10451,0,31,20,24,12,8.7298701989
21750,10281,10033,0,31,86,24,31,10.1615445887
21751,10281,11354,0,31,38,24,25,10.6289191385
21752,10281,10463,1,31,36,24,16,12.7932097476
21753,10281,10169,1,31,4,24,4,3.42319320717
21754,10281,10456,0,31,21,24,12,9.70355606554
21755,10281,11420,0,31,8,24,7,10.9142402123
21756,10281,10153,0,31,6,24,5,4.04993643922
21757,10281,10307,0,31,6,24,3,18.6457799174
21758,10281,10306,1,31,17,24,8,11.3884050879
21759,10281,10165,0,31,2,24,2,3.21766132129
21760,10281,10303,0,31,11,24,7,9.72387972493
21761,10281,11224,0,31,22,24,13,9.60390272802
21762,10281,10304,0,31,8,24,5,8.35412317406
21763,10281,10458,1,31,34,24,31,12.2564916619
21764,10281,11414,0,31,13,24,7,9.82639904102
21765,10281,11204,0,31,9,24,8,6.79170603121
21766,10281,11372,0,31,16,24,11,7.28116856791
21767,10281,11357,0,31,9,24,6,11.822306282
21768,10281,10044,0,31,9,24,8,4.76228701289
21769,10281,11229,0,31,27,24,14,8.85565322787
21770,10281,11236,0,31,15,24,9,7.76945242503
21771,10281,10302,0,31,5,24,5,8.62671612183
21772,10281,11422,0,31,11,24,8,15.1306514537
21773,10281,10312,0,31,4,24,2,14.5603872521
21774,10281,10310,0,31,27,24,6,7.76727542095
21775,10281,11429,0,31,8,24,6,14.4934932593
21776,10281,10152,0,31,2,24,2,3.77280557074
21777,10281,11214,1,31,10,24,6,8.04119488821
21778,10281,11435,0,31,41,24,23,10.8164933123
21779,10281,10039,0,31,8,24,7,8.7130940395
21780,10281,10121,0,31,1,24,1,2.70146589654
21781,10281,11413,0,31,14,24,7,14.1784871361
21782,10281,10473,0,31,14,24,9,10.8801488759
21783,10281,10454,0,31,19,24,10,8.15580506455
21784,10281,11416,0,31,5,24,5,8.91356713354
21785,10281,10280,0,31,5,24,3,0.517156990219
21786,10281,11694,0,31,5,24,4,12.9847848717
21787,10281,11358,0,31,6,24,4,11.9142138148
21788,10281,11421,0,31,4,24,4,8.38961528742
21789,10281,11412,0,31,4,24,4,13.4693220889
21790,10281,10174,0,31,2,24,2,3.29949691694
21791,10281,11417,0,31,3,24,3,9.33716160628
21792,10281,11427,0,31,5,24,4,14.0557072512
21793,10281,11411,0,31,4,24,2,14.7345130169
21794,10281,11374,0,31,10,24,9,8.11921574423
21795,10281,10096,0,31,2,24,2,4.97377146569
21796,10281,10006,1,31,19,24,18,0.471966139494
21797,10281,10037,0,31,15,24,10,7.96961268628
21798,10281,11370,0,31,8,24,4,7.33460786719
21799,10281,10475,0,31,15,24,11,15.0557215045
21800,10281,11225,0,31,17,24,13,4.75810004119
21801,10281,10282,0,31,10,24,9,0.178069024873
21802,10281,11426,0,31,12,24,5,15.475435765
21803,10281,11378,0,31,18,24,7,5.92904104914
21804,10281,10107,0,31,1,24,1,3.95351646307
21805,10281,11251,0,31,4,24,3,6.04320647187
21806,10281,11436,0,31,6,24,3,11.789896746
21807,10281,11360,0,31,10,24,5,13.1357318247
21808,10281,11356,0,31,2,24,2,10.2314741815
21809,10281,10474,0,31,8,24,7,9.53632737614
21810,10281,11697,0,31,1,24,1,12.0286729676
21811,10281,10172,0,31,2,24,2,3.53014773402
21812,10281,11691,0,31,4,24,3,15.5753265642
21813,10281,10470,0,31,6,24,4,15.1690350186
21814,10281,11366,0,31,7,24,5,11.573835324
21815,10281,10041,0,31,2,24,2,0.840314753882
21816,10281,10278,0,31,1,24,1,0.58272642185
21817,10281,10106,0,31,4,24,1,3.93360251368
21818,10281,11428,0,31,2,24,2,14.373855309
21819,10281,10286,0,31,1,24,1,0.1633136753
21820,10281,10279,0,31,1,24,1,0.352695376626
21821,10281,10103,0,31,1,24,1,3.7400317279
21822,10281,10196,0,31,1,24,1,4.97377146569
21823,10281,10154,0,31,1,24,1,3.72441030462
21824,10281,10119,1,31,2,24,2,2.75221173935
21825,10281,10464,0,31,5,24,4,15.3923937669
21826,10281,10166,0,31,2,24,2,3.42473288249
21827,10281,10203,0,31,1,24,1,4.97377146569
21828,10281,11359,0,31,2,24,2,13.6151814761
21829,10281,10177,0,31,1,24,1,3.47129994478
21830,10281,11040,0,31,1,24,1,17.7454740078
21831,10281,11364,0,31,2,24,2,13.5679803323
21832,10281,11692,0,31,2,24,2,14.2587538822
21833,10281,11423,0,31,1,24,1,12.9537415627
21834,10281,11415,0,31,2,24,2,9.74042528396
21835,10281,10175,0,31,2,24,1,3.30134751927
21836,11223,10012,0,10,445,7,357,8.92523879393
21837,11223,11222,0,10,110,7,71,8.95384661159
21838,11223,11231,0,10,65,7,44,5.78819436218
21839,11223,10019,0,10,637,7,440,11.5839025229
21840,11223,11102,0,10,35,7,30,12.2068479003
21841,11223,10003,0,10,493,7,400,9.31477951683
21842,11223,10020,0,10,143,7,116,11.0843908272
21843,11223,10018,0,10,339,7,256,10.8869256057
21844,11223,10001,0,10,670,7,468,10.606400291
21845,11223,11365,0,10,21,7,9,13.5677095558
21846,11223,10007,0,10,1780,7,1042,8.2530051414
21847,11223,10022,0,10,228,7,164,11.1036032731
21848,11223,10013,0,10,745,7,406,8.63004055988
21849,11223,10472,0,10,23,7,8,16.9289042477
21850,11223,11226,0,10,195,7,123,3.36823099623
21851,11223,10027,0,10,141,7,83,14.8304008584
21852,11223,11210,0,10,34,7,20,2.4921371741
21853,11223,11693,0,10,6,7,6,8.02181109183
21854,11223,11432,0,10,49,7,36,12.3531177054
21855,11223,11103,0,10,35,7,26,11.8215194978
21856,11223,11237,0,10,64,7,53,7.76386165373
21857,11223,10010,0,10,218,7,181,9.73447837887
21858,11223,10014,0,10,397,7,286,9.58243839618
21859,11223,10009,0,10,135,7,91,8.90408559263
21860,11223,10036,0,10,826,7,656,11.1743930944
21861,11223,11216,0,10,60,7,49,5.81485177125
21862,11223,11418,0,10,15,7,11,10.0513883318
21863,11223,11109,0,10,5,7,5,6.47888243259
21864,11223,11371,0,10,71,7,65,13.042378077
21865,11223,10460,0,10,42,7,22,17.4356135627
21866,11223,10048,0,10,86,7,65,8.13818678668
21867,11223,10128,0,10,51,7,40,12.7313204368
21868,11223,11375,0,10,44,7,27,10.7465451002
21869,11223,10023,0,10,210,7,134,12.2919000858
21870,11223,11211,0,10,352,7,256,7.9194102789
21871,11223,10011,0,10,437,7,352,9.96612165386
21872,11223,10025,0,10,143,7,65,13.8269991778
21873,11223,10032,0,10,65,7,28,16.8137834566
21874,11223,11232,0,10,125,7,24,4.29825464029
21875,11223,11377,0,10,46,7,33,10.6154653473
21876,11223,11361,0,10,19,7,11,15.4359006835
21877,11223,11206,0,10,90,7,63,7.35461738632
21878,11223,11430,0,10,187,7,143,9.96429226545
21879,11223,10021,0,10,62,7,45,11.7659543086
21880,11223,11201,0,10,234,7,176,6.76084464592
21881,11223,11238,0,10,109,7,64,5.68133883277
21882,11223,10016,0,10,162,7,110,10.2186776924
21883,11223,11218,0,10,26,7,19,3.20812018286
21884,11223,10301,0,10,45,7,32,6.82338454641
21885,11223,10452,0,10,54,7,34,16.8080032621
21886,11223,10314,0,10,51,7,30,9.10760509134
21887,11223,10461,0,10,50,7,20,18.2985640125
21888,11223,11101,0,10,193,7,96,10.3058488636
21889,11223,10029,0,10,50,7,38,13.4206099275
21890,11223,10467,0,10,33,7,22,19.6714491983
21891,11223,11208,0,10,43,7,13,7.34642205793
21892,11223,10024,0,10,101,7,71,12.9917288879
21893,11223,10005,0,10,65,7,41,7.68411095103
21894,11223,10030,0,10,39,7,26,15.2561357959
21895,11223,10002,0,10,258,7,186,8.2404861574
21896,11223,11385,0,10,56,7,31,8.35758470634
21897,11223,11220,0,10,38,7,23,3.76075302008
21898,11223,11215,0,10,123,7,95,4.83721431252
21899,11223,10038,0,10,174,7,85,7.87056106905
21900,11223,11217,0,10,92,7,71,5.79984265931
21901,11223,10462,0,10,104,7,58,17.8649006995
21902,11223,10040,0,10,80,7,27,18.1255610265
21903,11223,10457,0,10,28,7,16,17.5848830533
21904,11223,10017,0,10,277,7,161,10.6274504164
21905,11223,11433,0,10,18,7,12,11.8567570568
21906,11223,10308,0,10,8,7,8,9.94042726249
21907,11223,10468,0,10,52,7,30,18.9520600293
21908,11223,10111,0,10,15,7,13,11.1194138973
21909,11223,10309,0,10,23,7,15,13.5191926149
21910,11223,10034,0,10,68,7,33,18.7983799722
21911,11223,10028,0,10,89,7,53,12.3631368057
21912,11223,10035,0,10,65,7,32,14.2396640239
21913,11223,11228,0,10,10,7,8,2.46710747102
21914,11223,11105,0,10,25,7,19,12.6390241276
21915,11223,11355,0,10,26,7,18,13.1731367151
21916,11223,11209,0,10,49,7,28,3.47229799331
21917,11223,11213,0,10,35,7,20,5.39976374755
21918,11223,11369,0,10,12,7,8,12.5602163666
21919,11223,10031,0,10,64,7,45,15.7848826545
21920,11223,11221,0,10,120,7,61,6.86193270181
21921,11223,11212,0,10,12,7,10,5.39954817895
21922,11223,11233,0,10,74,7,34,6.12633509397
21923,11223,11368,0,10,62,7,41,11.8940049179
21924,11223,11205,0,10,37,7,31,6.63930881255
21925,11223,10069,0,10,14,7,8,12.2737856665
21926,11223,11203,0,10,39,7,8,4.07454277404
21927,11223,10459,0,10,16,7,8,16.2230472159
21928,11223,11219,0,10,6,7,4,2.68259058449
21929,11223,11434,0,10,32,7,16,11.7522289951
21930,11223,11230,1,10,11,7,5,1.76591266544
21931,11223,11373,0,10,53,7,27,10.7288728432
21932,11223,11362,0,10,8,7,5,16.7921385491
21933,11223,10305,1,10,11,7,8,5.40395716958
21934,11223,11104,0,10,8,7,6,10.4261854093
21935,11223,10004,0,10,168,7,99,7.85864937854
21936,11223,10275,0,10,13,7,7,12.6030007008
21937,11223,10118,0,10,4,7,3,10.4359448646
21938,11223,10026,0,10,57,7,43,14.1556274565
21939,11223,11235,2,10,19,7,14,1.52652647696
21940,11223,10469,0,10,44,7,12,19.7837962554
21941,11223,10281,0,10,31,7,24,8.34559540007
21942,11223,11223,7,10,10,7,7,0.0
21943,11223,11379,0,10,33,7,13,9.49058441782
21944,11223,10465,0,10,37,7,16,17.6818931702
21945,11223,10455,0,10,20,7,11,15.3807333917
21946,11223,10466,0,10,16,7,11,21.2471874188
21947,11223,11239,0,10,4,7,2,5.89878860273
21948,11223,11207,0,10,86,7,31,6.4822621653
21949,11223,11367,0,10,35,7,17,11.9944959987
21950,11223,11106,0,10,21,7,19,11.5088628349
21951,11223,10471,0,10,19,7,15,21.1954638102
21952,11223,11234,1,10,50,7,15,3.01509664195
21953,11223,10167,0,10,11,7,4,10.8148676093
21954,11223,10453,0,10,21,7,16,17.8681988132
21955,11223,10451,0,10,20,7,12,15.5136687328
21956,11223,10033,0,10,86,7,31,17.4041980989
21957,11223,11354,0,10,38,7,25,14.0432752655
21958,11223,10463,0,10,36,7,16,19.8178686779
21959,11223,10169,0,10,4,7,4,10.7882507829
21960,11223,10456,0,10,21,7,12,16.3230163967
21961,11223,11420,0,10,8,7,7,9.77940315808
21962,11223,10153,0,10,6,7,5,11.4267280902
21963,11223,10307,0,10,6,7,3,15.5805333851
21964,11223,10306,0,10,17,7,8,7.91018170602
21965,11223,10165,0,10,2,7,2,10.6465705617
21966,11223,10303,0,10,11,7,7,10.2267936975
21967,11223,11224,1,10,22,7,13,1.80453810651
21968,11223,10304,0,10,8,7,5,6.22213588638
21969,11223,10458,0,10,34,7,31,18.8720861771
21970,11223,11414,0,10,13,7,7,7.95084752176
21971,11223,11204,0,10,9,7,8,1.57740726278
21972,11223,11372,0,10,16,7,11,11.4614000093
21973,11223,11357,0,10,9,7,6,15.4475967577
21974,11223,10044,0,10,9,7,8,11.3834877931
21975,11223,11229,1,10,27,7,14,1.63803416196
21976,11223,11236,1,10,15,7,9,4.64647072856
21977,11223,10302,0,10,5,7,5,8.96255237321
21978,11223,11422,0,10,11,7,8,13.2351872565
21979,11223,10312,0,10,4,7,2,11.385066855
21980,11223,10310,0,10,27,7,6,7.88731971137
21981,11223,11429,0,10,8,7,6,14.4430604072
21982,11223,10152,0,10,2,7,2,11.07265664
21983,11223,11214,0,10,10,7,6,1.25419329823
21984,11223,11435,0,10,41,7,23,11.0606002816
21985,11223,10039,0,10,8,7,7,15.8433119288
21986,11223,10121,0,10,1,7,1,10.5042189965
21987,11223,11413,0,10,14,7,7,12.6291470721
21988,11223,10473,0,10,14,7,9,16.3296718739
21989,11223,10454,0,10,19,7,10,14.6389657007
21990,11223,11416,0,10,5,7,5,8.69727954798
21991,11223,10280,0,10,5,7,3,7.91364971328
21992,11223,11694,1,10,5,7,4,6.7471791594
21993,11223,11358,0,10,6,7,4,14.5322782797
21994,11223,11421,0,10,4,7,4,8.76619655569
21995,11223,11412,0,10,4,7,4,13.107336769
21996,11223,10174,0,10,2,7,2,10.593815005
21997,11223,11417,0,10,3,7,3,8.57063374678
21998,11223,11427,0,10,5,7,4,14.8220522613
21999,11223,11411,0,10,4,7,2,14.0676254765
22000,11223,11374,0,10,10,7,9,10.5268262782
22001,11223,10096,0,10,2,7,2,12.6030007008
22002,11223,10006,0,10,19,7,18,7.87614274361
22003,11223,10037,0,10,15,7,10,14.9729182234
22004,11223,11370,0,10,8,7,4,12.1604492668
22005,11223,10475,0,10,15,7,11,20.8262597993
22006,11223,11225,0,10,17,7,13,4.55841067803
22007,11223,10282,0,10,10,7,9,8.50563916158
22008,11223,11426,0,10,12,7,5,16.1194673008
22009,11223,11378,0,10,18,7,7,9.42875722034
22010,11223,10107,0,10,1,7,1,11.625058107
22011,11223,11251,0,10,4,7,3,3.54288977436
22012,11223,11436,0,10,6,7,3,10.6080810254
22013,11223,11360,0,10,10,7,5,16.1272649602
22014,11223,11356,0,10,2,7,2,14.5845598598
22015,11223,10474,0,10,8,7,7,15.4929276922
22016,11223,11697,0,10,1,7,1,4.24080877029
22017,11223,10172,0,10,2,7,2,10.8581784838
22018,11223,11691,0,10,4,7,3,11.1860573532
22019,11223,10470,0,10,6,7,4,21.6780190803
22020,11223,11366,0,10,7,7,5,12.8360891773
22021,11223,10041,0,10,2,7,2,7.50591527325
22022,11223,10278,0,10,1,7,1,8.28196380882
22023,11223,10106,0,10,4,7,1,11.5382243855
22024,11223,11428,0,10,2,7,2,14.766436734
22025,11223,10286,0,10,1,7,1,8.27628142826
22026,11223,10279,0,10,1,7,1,8.15563292866
22027,11223,10103,0,10,1,7,1,11.235435699
22028,11223,10196,0,10,1,7,1,12.6030007008
22029,11223,10154,0,10,1,7,1,11.0295475077
22030,11223,10119,0,10,2,7,2,10.5907713961
22031,11223,10464,0,10,5,7,4,20.2886954721
22032,11223,10166,0,10,2,7,2,10.7972572208
22033,11223,10203,0,10,1,7,1,12.6030007008
22034,11223,11359,0,10,2,7,2,16.908367992
22035,11223,10177,0,10,1,7,1,10.8491298766
22036,11223,11040,0,10,1,7,1,18.365512415
22037,11223,11364,0,10,2,7,2,15.1514212436
22038,11223,11692,0,10,2,7,2,9.29616893063
22039,11223,11423,0,10,1,7,1,13.3856935329
22040,11223,11415,0,10,2,7,2,10.6041969348
22041,11223,10175,0,10,2,7,1,10.7827158707
22042,11379,10012,3,33,445,13,357,6.28955621945
22043,11379,11222,1,33,110,13,71,3.55419557055
22044,11379,11231,2,33,65,13,44,6.96583981549
22045,11379,10019,3,33,637,13,440,6.55047333799
22046,11379,11102,2,33,35,13,30,4.49533834413
22047,11379,10003,1,33,493,13,400,5.89067398985
22048,11379,10020,1,33,143,13,116,6.06239649577
22049,11379,10018,3,33,339,13,256,6.56869902821
22050,11379,10001,3,33,670,13,468,6.60555287734
22051,11379,11365,2,33,21,13,9,4.84178567145
22052,11379,10007,3,33,1780,13,1042,6.71891122951
22053,11379,10022,2,33,228,13,164,5.49230383717
22054,11379,10013,1,33,745,13,406,6.6233981259
22055,11379,10472,2,33,23,13,8,7.91293716098
22056,11379,11226,3,33,195,13,123,6.31695919627
22057,11379,10027,2,33,141,13,83,7.76244348657
22058,11379,11210,3,33,34,13,20,7.00441009092
22059,11379,11693,0,33,6,13,6,8.79023475782
22060,11379,11432,0,33,49,13,36,4.51770977862
22061,11379,11103,2,33,35,13,26,3.64034395839
22062,11379,11237,2,33,64,13,53,2.30808893126
22063,11379,10010,2,33,218,13,181,5.62478849984
22064,11379,10014,2,33,397,13,286,6.74260096921
22065,11379,10009,0,33,135,13,91,5.27339754271
22066,11379,10036,3,33,826,13,656,6.55037097917
22067,11379,11216,2,33,60,13,49,4.37853733871
22068,11379,11418,0,33,15,13,11,2.68303918436
22069,11379,11109,0,33,5,13,5,4.48311011719
22070,11379,11371,2,33,71,13,65,3.8733409316
22071,11379,10460,2,33,42,13,22,8.62019442121
22072,11379,10048,0,33,86,13,65,6.98943753621
22073,11379,10128,3,33,51,13,40,5.88160634284
22074,11379,11375,4,33,44,13,27,1.78245311572
22075,11379,10023,3,33,210,13,134,6.83673198013
22076,11379,11211,2,33,352,13,256,3.94824617529
22077,11379,10011,3,33,437,13,352,6.57487816291
22078,11379,10025,1,33,143,13,65,7.35703144349
22079,11379,10032,2,33,65,13,28,9.20142508288
22080,11379,11232,2,33,125,13,24,7.78188897984
22081,11379,11377,3,33,46,13,33,2.2554189373
22082,11379,11361,2,33,19,13,11,6.41446789198
22083,11379,11206,0,33,90,13,63,3.4718878353
22084,11379,11430,2,33,187,13,143,6.30140654848
22085,11379,10021,2,33,62,13,45,5.58842462523
22086,11379,11201,3,33,234,13,176,5.94171890317
22087,11379,11238,0,33,109,13,64,5.02767118481
22088,11379,10016,3,33,162,13,110,5.56549061642
22089,11379,11218,3,33,26,13,19,7.08012708607
22090,11379,10301,2,33,45,13,32,12.706824684
22091,11379,10452,2,33,54,13,34,8.76431477592
22092,11379,10314,3,33,51,13,30,15.8894298402
22093,11379,10461,1,33,50,13,20,9.01672272198
22094,11379,11101,2,33,193,13,96,3.73510534301
22095,11379,10029,2,33,50,13,38,6.27368746731
22096,11379,10467,3,33,33,13,22,10.7933004632
22097,11379,11208,0,33,43,13,13,3.01311835883
22098,11379,10024,0,33,101,13,71,7.06614787583
22099,11379,10005,2,33,65,13,41,6.82573974893
22100,11379,10030,1,33,39,13,26,7.81169179734
22101,11379,10002,0,33,258,13,186,5.65757659501
22102,11379,11385,1,33,56,13,31,1.14435330148
22103,11379,11220,2,33,38,13,23,8.82621368086
22104,11379,11215,3,33,123,13,95,6.51222764317
22105,11379,10038,3,33,174,13,85,6.5463568873
22106,11379,11217,1,33,92,13,71,5.68206349892
22107,11379,10462,3,33,104,13,58,8.77139445548
22108,11379,10040,2,33,80,13,27,10.1786981679
22109,11379,10457,2,33,28,13,16,9.07685546194
22110,11379,10017,2,33,277,13,161,5.48406859175
22111,11379,11433,2,33,18,13,12,5.01011754047
22112,11379,10308,0,33,8,13,8,18.2524003323
22113,11379,10468,2,33,52,13,30,10.4770939479
22114,11379,10111,0,33,15,13,13,5.9679310165
22115,11379,10309,3,33,23,13,15,21.7529314476
22116,11379,10034,1,33,68,13,33,10.6786352492
22117,11379,10028,2,33,89,13,53,5.74466387276
22118,11379,10035,2,33,65,13,32,6.6064780994
22119,11379,11228,1,33,10,13,8,9.72505510469
22120,11379,11105,0,33,25,13,19,4.32256768504
22121,11379,11355,2,33,26,13,18,3.89724369403
22122,11379,11209,3,33,49,13,28,10.162757726
22123,11379,11213,0,33,35,13,20,4.25773562937
22124,11379,11369,2,33,12,13,8,3.2635133724
22125,11379,10031,1,33,64,13,45,8.43223475516
22126,11379,11221,0,33,120,13,61,3.00825628443
22127,11379,11212,0,33,12,13,10,4.12249341092
22128,11379,11233,0,33,74,13,34,3.39732894545
22129,11379,11368,2,33,62,13,41,2.40806619788
22130,11379,11205,0,33,37,13,31,4.76222435951
22131,11379,10069,0,33,14,13,8,7.13539489079
22132,11379,11203,0,33,39,13,8,5.41638564011
22133,11379,10459,1,33,16,13,8,7.58494159117
22134,11379,11219,0,33,6,13,4,8.43012081765
22135,11379,11434,2,33,32,13,16,6.27476153766
22136,11379,11230,0,33,11,13,5,7.82069564806
22137,11379,11373,2,33,53,13,27,1.38481785488
22138,11379,11362,1,33,8,13,5,8.23527208421
22139,11379,10305,0,33,11,13,8,13.0777358955
22140,11379,11104,1,33,8,13,6,2.85184251748
22141,11379,10004,2,33,168,13,99,8.58154092273
22142,11379,10275,0,33,13,13,7,6.80862057042
22143,11379,10118,0,33,4,13,3,6.07025421654
22144,11379,10026,0,33,57,13,43,7.18123348569
22145,11379,11235,1,33,19,13,14,9.85606743632
22146,11379,10469,0,33,44,13,12,10.662975841
22147,11379,10281,0,33,31,13,24,7.12577924856
22148,11379,11223,0,33,10,13,7,9.49058441782
22149,11379,11379,13,33,33,13,13,0.0
22150,11379,10465,3,33,37,13,16,8.23316538104
22151,11379,10455,0,33,20,13,11,7.02835812945
22152,11379,10466,0,33,16,13,11,12.1879331614
22153,11379,11239,0,33,4,13,2,4.8425522769
22154,11379,11207,2,33,86,13,31,3.2136444291
22155,11379,11367,2,33,35,13,17,3.15621709707
22156,11379,11106,0,33,21,13,19,4.19282415477
22157,11379,10471,2,33,19,13,15,12.8142821311
22158,11379,11234,1,33,50,13,15,7.08392629935
22159,11379,10167,0,33,11,13,4,5.69312787531
22160,11379,10453,1,33,21,13,16,9.6087831126
22161,11379,10451,3,33,20,13,12,7.50362762047
22162,11379,10033,3,33,86,13,31,9.61400441765
22163,11379,11354,2,33,38,13,25,4.57863330466
22164,11379,10463,3,33,36,13,16,11.4854087221
22165,11379,10169,0,33,4,13,4,5.73181996197
22166,11379,10456,2,33,21,13,12,7.99135824486
22167,11379,11420,0,33,8,13,7,4.51088550112
22168,11379,10153,0,33,6,13,5,5.90635831028
22169,11379,10307,0,33,6,13,3,23.9398027207
22170,11379,10306,0,33,17,13,8,16.1135799081
22171,11379,10165,0,33,2,13,2,5.80008802477
22172,11379,10303,2,33,11,13,7,16.0301264525
22173,11379,11224,0,33,22,13,13,11.292248507
22174,11379,10304,0,33,8,13,5,13.350084385
22175,11379,10458,2,33,34,13,31,10.2342812883
22176,11379,11414,2,33,13,13,7,4.41726117508
22177,11379,11204,1,33,9,13,8,8.69425862803
22178,11379,11372,2,33,16,13,11,2.36927961633
22179,11379,11357,0,33,9,13,6,5.98310207466
22180,11379,10044,0,33,9,13,8,4.85860480831
22181,11379,11229,3,33,27,13,14,8.68983920344
22182,11379,11236,1,33,15,13,9,5.36470071052
22183,11379,10302,2,33,5,13,5,14.7613594647
22184,11379,11422,0,33,11,13,8,8.42116070026
22185,11379,10312,0,33,4,13,2,19.6514877597
22186,11379,10310,0,33,27,13,6,13.6960719661
22187,11379,11429,1,33,8,13,6,7.37907432397
22188,11379,10152,0,33,2,13,2,5.69647453465
22189,11379,11214,0,33,10,13,6,10.1451624652
22190,11379,11435,2,33,41,13,23,3.80640439523
22191,11379,10039,2,33,8,13,7,8.18433528545
22192,11379,10121,0,33,1,13,1,6.35102613482
22193,11379,11413,2,33,14,13,7,7.42349153207
22194,11379,10473,2,33,14,13,9,7.15173032711
22195,11379,10454,2,33,19,13,10,6.50312347483
22196,11379,11416,2,33,5,13,5,2.72231832751
22197,11379,10280,0,33,5,13,3,7.29868855222
22198,11379,11694,0,33,5,13,4,9.77447278886
22199,11379,11358,0,33,6,13,4,5.3350618923
22200,11379,11421,1,33,4,13,4,2.05576487381
22201,11379,11412,0,33,4,13,4,6.42211255903
22202,11379,10174,0,33,2,13,2,5.60242081837
22203,11379,11417,1,33,3,13,3,3.32993318775
22204,11379,11427,2,33,5,13,4,6.9510502875
22205,11379,11411,0,33,4,13,2,7.69408549533
22206,11379,11374,4,33,10,13,9,1.1430910236
22207,11379,10096,0,33,2,13,2,6.80862057042
22208,11379,10006,0,33,19,13,18,7.06701138954
22209,11379,10037,2,33,15,13,10,7.3515392243
22210,11379,11370,1,33,8,13,4,3.29573779787
22211,11379,10475,3,33,15,13,11,11.5626068038
22212,11379,11225,1,33,17,13,13,5.41392994812
22213,11379,10282,0,33,10,13,9,7.09247633731
22214,11379,11426,2,33,12,13,5,8.37838491684
22215,11379,11378,2,33,18,13,7,1.35161897092
22216,11379,10107,0,33,1,13,1,6.4489676101
22217,11379,11251,0,33,4,13,3,5.9912050561
22218,11379,11436,2,33,6,13,3,5.2029568039
22219,11379,11360,2,33,10,13,5,6.8426238757
22220,11379,11356,0,33,2,13,2,5.14226814842
22221,11379,10474,1,33,8,13,7,6.71996104541
22222,11379,11697,0,33,1,13,1,10.8670371048
22223,11379,10172,0,33,2,13,2,5.69162711453
22224,11379,11691,0,33,4,13,3,10.1781251554
22225,11379,10470,1,33,6,13,4,12.7750919245
22226,11379,11366,0,33,7,13,5,4.47666458588
22227,11379,10041,0,33,2,13,2,6.92833733569
22228,11379,10278,0,33,1,13,1,6.5471619382
22229,11379,10106,0,33,4,13,1,6.30366335192
22230,11379,11428,0,33,2,13,2,7.24927032283
22231,11379,10286,0,33,1,13,1,6.96544555348
22232,11379,10279,0,33,1,13,1,6.79291044776
22233,11379,10103,0,33,1,13,1,6.03112726605
22234,11379,10196,0,33,1,13,1,6.80862057042
22235,11379,10154,0,33,1,13,1,5.69424296876
22236,11379,10119,0,33,2,13,2,6.42997735462
22237,11379,10464,0,33,5,13,4,10.8183774724
22238,11379,10166,0,33,2,13,2,5.74418599311
22239,11379,10203,0,33,1,13,1,6.80862057042
22240,11379,11359,0,33,2,13,2,7.5501069513
22241,11379,10177,0,33,1,13,1,5.76159223447
22242,11379,11040,0,33,1,13,1,10.676477955
22243,11379,11364,0,33,2,13,2,6.61103588923
22244,11379,11692,0,33,2,13,2,9.56157678362
22245,11379,11423,0,33,1,13,1,5.82970014746
22246,11379,11415,0,33,2,13,2,2.67527305289
22247,11379,10175,0,33,2,13,1,5.90081859449
22248,10465,10012,3,37,445,16,357,11.7200283106
22249,10465,11222,2,37,110,16,71,9.60207096013
22250,10465,11231,2,37,65,16,44,14.0373572825
22251,10465,10019,4,37,637,16,440,9.73847934489
22252,10465,11102,2,37,35,16,30,6.75668962974
22253,10465,10003,1,37,493,16,400,11.0729341134
22254,10465,10020,1,37,143,16,116,9.70739370281
22255,10465,10018,3,37,339,16,256,10.43081716
22256,10465,10001,3,37,670,16,468,10.719797451
22257,10465,11365,3,37,21,16,9,6.13241674227
22258,10465,10007,4,37,1780,16,1042,12.5563878355
22259,10465,10022,4,37,228,16,164,9.10530577617
22260,10465,10013,0,37,745,16,406,12.2289660319
22261,10465,10472,2,37,23,16,8,2.68896445525
22262,10465,11226,3,37,195,16,123,14.4065541329
22263,10465,10027,2,37,141,16,83,7.26256785746
22264,10465,11210,3,37,34,16,20,15.2118143622
22265,10465,11693,0,37,6,16,6,15.7859492939
22266,10465,11432,1,37,49,16,36,7.80420147319
22267,10465,11103,2,37,35,16,26,6.53753239272
22268,10465,11237,2,37,64,16,53,10.0084803625
22269,10465,10010,2,37,218,16,181,10.5008234409
22270,10465,10014,2,37,397,16,286,11.6820701448
22271,10465,10009,0,37,135,16,91,10.8513621118
22272,10465,10036,3,37,826,16,656,10.1427250978
22273,10465,11216,2,37,60,16,49,12.1496382719
22274,10465,11418,0,37,15,16,11,8.82075126099
22275,10465,11109,0,37,5,16,5,12.3510052615
22276,10465,11371,2,37,71,16,65,4.77712826249
22277,10465,10460,3,37,42,16,22,3.4569456075
22278,10465,10048,0,37,86,16,65,12.8792045649
22279,10465,10128,4,37,51,16,40,7.59512342228
22280,10465,11375,3,37,44,16,27,7.40882117112
22281,10465,10023,4,37,210,16,134,9.32112725613
22282,10465,11211,2,37,352,16,256,10.6279466108
22283,10465,10011,3,37,437,16,352,11.2203763618
22284,10465,10025,2,37,143,16,65,8.11546488416
22285,10465,10032,2,37,65,16,28,6.5814311508
22286,10465,11232,3,37,125,16,24,15.2982463274
22287,10465,11377,2,37,46,16,33,7.29065296547
22288,10465,11361,2,37,19,16,11,4.88435965725
22289,10465,11206,0,37,90,16,63,10.7581172582
22290,10465,11430,2,37,187,16,143,12.1440696783
22291,10465,10021,2,37,62,16,45,8.47431662483
22292,10465,11201,4,37,234,16,176,12.729101052
22293,10465,11238,0,37,109,16,64,12.6033956013
22294,10465,10016,3,37,162,16,110,10.0304905666
22295,10465,11218,3,37,26,16,19,15.0146010389
22296,10465,10301,3,37,45,16,32,19.7542460366
22297,10465,10452,3,37,54,16,34,5.56672987743
22298,10465,10314,4,37,51,16,30,22.9134562131
22299,10465,10461,1,37,50,16,20,1.60641622173
22300,10465,11101,3,37,193,16,96,8.45042276765
22301,10465,10029,3,37,50,16,38,7.12391628245
22302,10465,10467,4,37,33,16,22,4.20639416335
22303,10465,11208,0,37,43,16,13,10.9483333817
22304,10465,10024,0,37,101,16,71,8.79595781883
22305,10465,10005,2,37,65,16,41,12.9886756918
22306,10465,10030,1,37,39,16,26,6.62500513755
22307,10465,10002,0,37,258,16,186,11.6315273832
22308,10465,11385,1,37,56,16,31,9.34103019163
22309,10465,11220,2,37,38,16,23,16.4305034772
22310,10465,11215,4,37,123,16,95,14.0355321573
22311,10465,10038,3,37,174,16,85,12.6283801292
22312,10465,11217,1,37,92,16,71,12.9998421799
22313,10465,10462,3,37,104,16,58,2.434710371
22314,10465,10040,2,37,80,16,27,6.24655029987
22315,10465,10457,3,37,28,16,16,4.49045403256
22316,10465,10017,2,37,277,16,161,9.57459252445
22317,10465,11433,2,37,18,16,12,9.05395036317
22318,10465,10308,0,37,8,16,8,25.7914776359
22319,10465,10468,2,37,52,16,30,5.14336124673
22320,10465,10111,0,37,15,16,13,9.57392740019
22321,10465,10309,3,37,23,16,15,29.1344285128
22322,10465,10034,1,37,68,16,33,6.09969592964
22323,10465,10028,2,37,89,16,53,7.91825761275
22324,10465,10035,3,37,65,16,32,6.29444792241
22325,10465,11228,1,37,10,16,8,17.6130066448
22326,10465,11105,1,37,25,16,19,5.91558817358
22327,10465,11355,2,37,26,16,18,5.2633896603
22328,10465,11209,3,37,49,16,28,17.8604809933
22329,10465,11213,0,37,35,16,20,12.3217370367
22330,10465,11369,2,37,12,16,8,5.15210355602
22331,10465,10031,1,37,64,16,45,6.8807846054
22332,10465,11221,0,37,120,16,61,10.8970049965
22333,10465,11212,0,37,12,16,10,12.3529087349
22334,10465,11233,0,37,74,16,34,11.555576495
22335,10465,11368,2,37,62,16,41,5.83302167194
22336,10465,11205,0,37,37,16,31,11.9358377772
22337,10465,10069,0,37,14,16,8,9.7106133674
22338,10465,11203,0,37,39,16,8,13.6151230177
22339,10465,10459,1,37,16,16,8,3.97062111631
22340,10465,11219,0,37,6,16,4,16.3072871177
22341,10465,11434,3,37,32,16,16,10.6707284964
22342,10465,11230,0,37,11,16,5,15.9700598492
22343,10465,11373,3,37,53,16,27,6.95311023722
22344,10465,11362,1,37,8,16,5,6.34910156247
22345,10465,10305,0,37,11,16,8,20.6765713641
22346,10465,11104,1,37,8,16,6,7.78237438299
22347,10465,10004,3,37,168,16,99,14.6251714548
22348,10465,10275,0,37,13,16,7,8.9285050526
22349,10465,10118,0,37,4,16,3,10.3220511887
22350,10465,10026,0,37,57,16,43,7.36342917
22351,10465,11235,2,37,19,16,14,18.088689112
22352,10465,10469,0,37,44,16,12,3.34857330565
22353,10465,10281,0,37,31,16,24,12.8854640093
22354,10465,11223,0,37,10,16,7,17.6818931702
22355,10465,11379,3,37,33,16,13,8.23316538104
22356,10465,10465,16,37,37,16,16,0.0
22357,10465,10455,1,37,20,16,11,4.77959605435
22358,10465,10466,0,37,16,16,11,4.75862397075
22359,10465,11239,1,37,4,16,2,12.8272305474
22360,10465,11207,2,37,86,16,31,11.4185944945
22361,10465,11367,2,37,35,16,17,6.70426084076
22362,10465,11106,0,37,21,16,19,7.41882318524
22363,10465,10471,2,37,19,16,15,6.86465835063
22364,10465,11234,2,37,50,16,15,15.3036152492
22365,10465,10167,0,37,11,16,4,9.59574669981
22366,10465,10453,1,37,21,16,16,5.30417534518
22367,10465,10451,3,37,20,16,12,5.50803432568
22368,10465,10033,4,37,86,16,31,6.35671520117
22369,10465,11354,2,37,38,16,25,4.00454106945
22370,10465,10463,4,37,36,16,16,6.06743449854
22371,10465,10169,0,37,4,16,4,9.65988783207
22372,10465,10456,2,37,21,16,12,4.77964295219
22373,10465,11420,0,37,8,16,7,10.5303002623
22374,10465,10153,0,37,6,16,5,9.19243249695
22375,10465,10307,0,37,6,16,3,31.3308342217
22376,10465,10306,0,37,17,16,8,23.6985203324
22377,10465,10165,0,37,2,16,2,9.86240799588
22378,10465,10303,2,37,11,16,7,22.609058654
22379,10465,11224,0,37,22,16,13,19.4735298339
22380,10465,10304,0,37,8,16,5,20.7485105465
22381,10465,10458,2,37,34,16,31,4.58158323247
22382,10465,11414,2,37,13,16,7,11.6389836425
22383,10465,11204,1,37,9,16,8,16.7525153534
22384,10465,11372,2,37,16,16,11,6.28309215705
22385,10465,11357,0,37,9,16,6,2.88110242664
22386,10465,10044,0,37,9,16,8,8.17898555009
22387,10465,11229,3,37,27,16,14,16.9221852133
22388,10465,11236,1,37,15,16,9,13.554849892
22389,10465,10302,3,37,5,16,5,21.4900227904
22390,10465,11422,1,37,11,16,8,12.0619099968
22391,10465,10312,0,37,4,16,2,27.1182620302
22392,10465,10310,0,37,27,16,6,20.5707002724
22393,10465,11429,1,37,8,16,6,9.05632144185
22394,10465,10152,0,37,2,16,2,9.34218667235
22395,10465,11214,0,37,10,16,6,18.2399737159
22396,10465,11435,3,37,41,16,23,8.68013825519
22397,10465,10039,2,37,8,16,7,6.26803794279
22398,10465,10121,0,37,1,16,1,10.5450016542
22399,10465,11413,2,37,14,16,7,11.2826861721
22400,10465,10473,3,37,14,16,9,2.2270215859
22401,10465,10454,2,37,19,16,10,5.35395186823
22402,10465,11416,2,37,5,16,5,9.97717190865
22403,10465,10280,0,37,5,16,3,13.3039043282
22404,10465,11694,0,37,5,16,4,17.2684111321
22405,10465,11358,0,37,6,16,4,4.63720511234
22406,10465,11421,1,37,4,16,4,9.54810985485
22407,10465,11412,0,37,4,16,4,9.37775159686
22408,10465,10174,0,37,2,16,2,9.71988061838
22409,10465,11417,1,37,3,16,3,10.461837992
22410,10465,11427,2,37,5,16,4,7.65656236712
22411,10465,11411,0,37,4,16,2,10.0802701217
22412,10465,11374,3,37,10,16,9,7.3170951633
22413,10465,10096,0,37,2,16,2,8.9285050526
22414,10465,10006,0,37,19,16,18,13.1044207815
22415,10465,10037,2,37,15,16,10,6.27732497484
22416,10465,11370,1,37,8,16,4,5.77763131497
22417,10465,10475,3,37,15,16,11,3.66644296879
22418,10465,11225,1,37,17,16,13,13.3556579463
22419,10465,10282,0,37,10,16,9,12.7553023367
22420,10465,11426,2,37,12,16,5,8.19782527548
22421,10465,11378,3,37,18,16,7,8.31564499923
22422,10465,10107,0,37,1,16,1,9.58116397803
22423,10465,11251,0,37,4,16,3,14.1470694325
22424,10465,11436,2,37,6,16,3,10.5154818762
22425,10465,11360,2,37,10,16,5,3.69442337353
22426,10465,11356,0,37,2,16,2,3.09808391336
22427,10465,10474,1,37,8,16,7,3.77131949572
22428,10465,11697,0,37,1,16,1,18.9423935086
22429,10465,10172,0,37,2,16,2,9.55186229635
22430,10465,11691,0,37,4,16,3,15.8682228637
22431,10465,10470,1,37,6,16,4,5.64230043752
22432,10465,11366,0,37,7,16,5,6.97262652748
22433,10465,10041,0,37,2,16,2,13.1810655007
22434,10465,10278,0,37,1,16,1,12.3802094946
22435,10465,10106,0,37,4,16,1,9.50842159193
22436,10465,11428,0,37,2,16,2,8.32121585863
22437,10465,10286,0,37,1,16,1,12.7737863112
22438,10465,10279,0,37,1,16,1,12.6843265809
22439,10465,10103,0,37,1,16,1,9.52345225256
22440,10465,10196,0,37,1,16,1,8.9285050526
22441,10465,10154,0,37,1,16,1,9.38367510441
22442,10465,10119,0,37,2,16,2,10.5502284547
22443,10465,10464,0,37,5,16,4,2.62504908348
22444,10465,10166,0,37,2,16,2,9.66342773424
22445,10465,10203,0,37,1,16,1,8.9285050526
22446,10465,11359,0,37,2,16,2,3.12229556909
22447,10465,10177,0,37,1,16,1,9.63035996005
22448,10465,11040,0,37,1,16,1,9.24587922912
22449,10465,11364,0,37,2,16,2,6.23240758639
22450,10465,11692,0,37,2,16,2,16.1037704491
22451,10465,11423,0,37,1,16,1,8.11433390177
22452,10465,11415,0,37,2,16,2,8.22418497817
22453,10465,10175,0,37,2,16,1,9.83387228604
22454,10455,10012,0,20,445,11,357,7.79930541014
22455,10455,11222,1,20,110,11,71,6.47163806072
22456,10455,11231,0,20,65,11,44,10.6685417519
22457,10455,10019,1,20,637,11,440,5.34005398094
22458,10455,11102,0,20,35,11,30,3.18108561539
22459,10455,10003,0,20,493,11,400,7.15413743289
22460,10455,10020,0,20,143,11,116,5.46640766544
22461,10455,10018,0,20,339,11,256,6.13094419446
22462,10455,10001,0,20,670,11,468,6.4580697001
22463,10455,11365,1,20,21,11,9,8.04378172789
22464,10455,10007,2,20,1780,11,1042,8.69678581099
22465,10455,10022,1,20,228,11,164,4.99974898047
22466,10455,10013,0,20,745,11,406,8.31055894917
22467,10455,10472,0,20,23,11,8,2.29896143441
22468,10455,11226,0,20,195,11,123,12.0164266013
22469,10455,10027,1,20,141,11,83,2.48672215719
22470,10455,11210,0,20,34,11,20,13.0970321675
22471,10455,11693,0,20,6,11,6,15.7747348018
22472,10455,11432,1,20,49,11,36,9.2216247256
22473,10455,11103,0,20,35,11,26,3.6328242486
22474,10455,11237,0,20,64,11,53,7.76889456835
22475,10455,10010,0,20,218,11,181,6.56490315073
22476,10455,10014,0,20,397,11,286,7.57194168733
22477,10455,10009,0,20,135,11,91,7.14907930436
22478,10455,10036,0,20,826,11,656,5.8025888111
22479,10455,11216,0,20,60,11,49,9.56592158728
22480,10455,11418,0,20,15,11,11,8.96447877132
22481,10455,11109,0,20,5,11,5,11.4935484467
22482,10455,11371,0,20,71,11,65,3.45409652651
22483,10455,10460,1,20,42,11,22,2.263800465
22484,10455,10048,0,20,86,11,65,9.00401936114
22485,10455,10128,1,20,51,11,40,3.22570482591
22486,10455,11375,0,20,44,11,27,7.31679966586
22487,10455,10023,1,20,210,11,134,4.78961385019
22488,10455,11211,0,20,352,11,256,7.54598619494
22489,10455,10011,0,20,437,11,352,7.06798774782
22490,10455,10025,1,20,143,11,65,3.3785011066
22491,10455,10032,1,20,65,11,28,2.48001151843
22492,10455,11232,1,20,125,11,24,12.1523681578
22493,10455,11377,0,20,46,11,33,5.02008740818
22494,10455,11361,0,20,19,11,11,7.8929176301
22495,10455,11206,0,20,90,11,63,8.02687337938
22496,10455,11430,0,20,187,11,143,12.8170081548
22497,10455,10021,0,20,62,11,45,4.26969277084
22498,10455,11201,1,20,234,11,176,9.33282154773
22499,10455,11238,0,20,109,11,64,9.77738507884
22500,10455,10016,0,20,162,11,110,6.02939264817
22501,10455,11218,0,20,26,11,19,12.3316158894
22502,10455,10301,0,20,45,11,32,16.0247122952
22503,10455,10452,1,20,54,11,34,1.77419832483
22504,10455,10314,1,20,51,11,30,19.0742224997
22505,10455,10461,1,20,50,11,20,4.10379863528
22506,10455,11101,1,20,193,11,96,5.11685664683
22507,10455,10029,2,20,50,11,38,2.59129934212
22508,10455,10467,1,20,33,11,22,4.39858264975
22509,10455,11208,0,20,43,11,13,10.0318431964
22510,10455,10024,1,20,101,11,71,4.15778797546
22511,10455,10005,0,20,65,11,41,9.22722372357
22512,10455,10030,0,20,39,11,26,1.88526898762
22513,10455,10002,0,20,258,11,186,7.96983201745
22514,10455,11385,0,20,56,11,31,7.80118671558
22515,10455,11220,0,20,38,11,23,13.2859456771
22516,10455,11215,1,20,123,11,95,11.0034314399
22517,10455,10038,0,20,174,11,85,8.87227351119
22518,10455,11217,0,20,92,11,71,9.91761455856
22519,10455,10462,0,20,104,11,58,3.16116804067
22520,10455,10040,0,20,80,11,27,3.17081682935
22521,10455,10457,1,20,28,11,16,2.20417016321
22522,10455,10017,0,20,277,11,161,5.53344704185
22523,10455,11433,0,20,18,11,12,10.3605698741
22524,10455,10308,0,20,8,11,8,22.2632152448
22525,10455,10468,1,20,52,11,30,3.58511619574
22526,10455,10111,0,20,15,11,13,5.34778593426
22527,10455,10309,0,20,23,11,15,25.4214242965
22528,10455,10034,1,20,68,11,33,3.65192387454
22529,10455,10028,0,20,89,11,53,3.61654420877
22530,10455,10035,2,20,65,11,32,1.63286651842
22531,10455,11228,0,20,10,11,8,14.7123168407
22532,10455,11105,1,20,25,11,19,2.82046813996
22533,10455,11355,0,20,26,11,18,6.50007216444
22534,10455,11209,0,20,49,11,28,14.7286569119
22535,10455,11213,0,20,35,11,20,10.0785137784
22536,10455,11369,0,20,12,11,8,4.12706644599
22537,10455,10031,1,20,64,11,45,2.27519652115
22538,10455,11221,0,20,120,11,61,8.63446375247
22539,10455,11212,0,20,12,11,10,10.586822467
22540,10455,11233,0,20,74,11,34,9.58221184942
22541,10455,11368,0,20,62,11,41,5.38571890134
22542,10455,11205,0,20,37,11,31,8.90157662191
22543,10455,10069,0,20,14,11,8,5.14767582138
22544,10455,11203,0,20,39,11,8,11.5655916034
22545,10455,10459,0,20,16,11,8,1.01838768449
22546,10455,11219,0,20,6,11,4,13.4635719224
22547,10455,11434,1,20,32,11,16,12.0175343362
22548,10455,11230,0,20,11,11,5,13.6151872569
22549,10455,11373,1,20,53,11,27,5.7011176143
22550,10455,11362,0,20,8,11,5,9.93038278001
22551,10455,10305,0,20,11,11,8,17.33330959
22552,10455,11104,0,20,8,11,6,4.99026780341
22553,10455,10004,1,20,168,11,99,10.6528239259
22554,10455,10275,0,20,13,11,7,4.3635284813
22555,10455,10118,0,20,4,11,3,6.17729253248
22556,10455,10026,0,20,57,11,43,2.61552123472
22557,10455,11235,1,20,19,11,14,16.146504589
22558,10455,10469,0,20,44,11,12,4.83969924273
22559,10455,10281,0,20,31,11,24,8.95264941323
22560,10455,11223,0,20,10,11,7,15.3807333917
22561,10455,11379,0,20,33,11,13,7.02835812945
22562,10455,10465,1,20,37,11,16,4.77959605435
22563,10455,10455,11,20,20,11,11,0.0
22564,10455,10466,0,20,16,11,11,6.0971398606
22565,10455,11239,1,20,4,11,2,11.8057805156
22566,10455,11207,0,20,86,11,31,10.0086405062
22567,10455,11367,0,20,35,11,17,7.51465701247
22568,10455,11106,0,20,21,11,19,3.89938043051
22569,10455,10471,0,20,19,11,15,5.88747293966
22570,10455,11234,1,20,50,11,15,13.6128631723
22571,10455,10167,0,20,11,11,4,5.47529784398
22572,10455,10453,0,20,21,11,16,2.59514766935
22573,10455,10451,1,20,20,11,12,0.817187196858
22574,10455,10033,2,20,86,11,31,2.69994531873
22575,10455,11354,0,20,38,11,25,5.44211771329
22576,10455,10463,1,20,36,11,16,4.52163181436
22577,10455,10169,0,20,4,11,4,5.53392823104
22578,10455,10456,1,20,21,11,12,0.975141856429
22579,10455,11420,0,20,8,11,7,10.9792127827
22580,10455,10153,0,20,6,11,5,4.93908132491
22581,10455,10307,0,20,6,11,3,27.5966762668
22582,10455,10306,0,20,17,11,8,20.2566403066
22583,10455,10165,0,20,2,11,2,5.7413550364
22584,10455,10303,0,20,11,11,7,18.5386003221
22585,10455,11224,0,20,22,11,13,17.0694872795
22586,10455,10304,0,20,8,11,5,17.230732252
22587,10455,10458,1,20,34,11,31,3.49725340813
22588,10455,11414,0,20,13,11,7,11.3744731705
22589,10455,11204,0,20,9,11,8,14.1566916436
22590,10455,11372,0,20,16,11,11,4.67731414471
22591,10455,11357,0,20,9,11,6,5.59278544818
22592,10455,10044,0,20,9,11,8,4.27760389406
22593,10455,11229,0,20,27,11,14,15.0284984505
22594,10455,11236,0,20,15,11,9,12.0795423673
22595,10455,10302,1,20,5,11,5,17.522490705
22596,10455,11422,1,20,11,11,8,13.9112813444
22597,10455,10312,0,20,4,11,2,23.5042412472
22598,10455,10310,0,20,27,11,6,16.7098855772
22599,10455,11429,0,20,8,11,6,11.5133836428
22600,10455,10152,0,20,2,11,2,5.18578350161
22601,10455,11214,0,20,10,11,6,15.6478042507
22602,10455,11435,1,20,41,11,23,9.47987947441
22603,10455,10039,0,20,8,11,7,1.70610300234
22604,10455,10121,0,20,1,11,1,6.33910144782
22605,10455,11413,0,20,14,11,7,12.9606087816
22606,10455,10473,0,20,14,11,9,2.56533381164
22607,10455,10454,0,20,19,11,10,0.79992237455
22608,10455,11416,0,20,5,11,5,9.61056806292
22609,10455,10280,0,20,5,11,3,9.43371289673
22610,10455,11694,0,20,5,11,4,16.7994638335
22611,10455,11358,0,20,6,11,4,6.97669444061
22612,10455,11421,0,20,4,11,4,8.98634781136
22613,10455,11412,0,20,4,11,4,11.2787069778
22614,10455,10174,0,20,2,11,2,5.65325762392
22615,10455,11417,0,20,3,11,3,10.2112599315
22616,10455,11427,0,20,5,11,4,10.3276793161
22617,10455,11411,0,20,4,11,2,12.34180583
22618,10455,11374,0,20,10,11,9,6.71756695915
22619,10455,10096,0,20,2,11,2,4.3635284813
22620,10455,10006,0,20,19,11,18,9.270591873
22621,10455,10037,0,20,15,11,10,1.4990304982
22622,10455,11370,0,20,8,11,4,3.73610548004
22623,10455,10475,0,20,15,11,11,6.12160515963
22624,10455,11225,0,20,17,11,13,10.8239406109
22625,10455,10282,0,20,10,11,9,8.79616947011
22626,10455,11426,0,20,12,11,5,11.3534713601
22627,10455,11378,1,20,18,11,7,6.31666405079
22628,10455,10107,0,20,1,11,1,5.19338194066
22629,10455,11251,0,20,4,11,3,11.9241957281
22630,10455,11436,0,20,6,11,3,11.3601246379
22631,10455,11360,0,20,10,11,5,7.12068676063
22632,10455,11356,0,20,2,11,2,3.9487935232
22633,10455,10474,1,20,8,11,7,1.06925641384
22634,10455,11697,0,20,1,11,1,17.622659603
22635,10455,10172,0,20,2,11,2,5.42572002911
22636,10455,11691,0,20,4,11,3,16.7828434839
22637,10455,10470,0,20,6,11,4,6.36550428601
22638,10455,11366,0,20,7,11,5,8.54527635493
22639,10455,10041,0,20,2,11,2,9.44115287974
22640,10455,10278,0,20,1,11,1,8.54128229749
22641,10455,10106,0,20,4,11,1,5.15776066327
22642,10455,11428,0,20,2,11,2,10.9426077773
22643,10455,10286,0,20,1,11,1,8.8749241527
22644,10455,10279,0,20,1,11,1,8.83304388994
22645,10455,10103,0,20,1,11,1,5.26776805466
22646,10455,10196,0,20,1,11,1,4.3635284813
22647,10455,10154,0,20,1,11,1,5.23354281453
22648,10455,10119,0,20,2,11,2,6.31772699458
22649,10455,10464,0,20,5,11,4,6.84617219251
22650,10455,10166,0,20,2,11,2,5.53326003202
22651,10455,10203,0,20,1,11,1,4.3635284813
22652,10455,11359,0,20,2,11,2,7.04681214173
22653,10455,10177,0,20,1,11,1,5.48871813697
22654,10455,11040,0,20,1,11,1,13.0045029398
22655,10455,11364,0,20,2,11,2,9.09062824798
22656,10455,11692,0,20,2,11,2,16.4492272783
22657,10455,11423,0,20,1,11,1,10.1192758279
22658,10455,11415,0,20,2,11,2,8.54126305686
22659,10455,10175,0,20,2,11,1,5.67046559952
22660,10466,10012,0,16,445,11,357,13.8765776771
22661,10466,11222,0,16,110,11,71,12.4814673127
22662,10466,11231,0,16,65,11,44,16.7581131012
22663,10466,10019,0,16,637,11,440,11.2889177604
22664,10466,11102,0,16,35,11,30,9.20458444281
22665,10466,10003,0,16,493,11,400,13.2367540792
22666,10466,10020,0,16,143,11,116,11.4927460601
22667,10466,10018,0,16,339,11,256,12.1129980493
22668,10466,10001,0,16,670,11,468,12.4509926699
22669,10466,11365,0,16,21,11,9,10.8744743127
22670,10466,10007,0,16,1780,11,1042,14.7773868526
22671,10466,10022,0,16,228,11,164,11.0745464111
22672,10466,10013,0,16,745,11,406,14.3841817019
22673,10466,10472,0,16,23,11,8,4.3258023393
22674,10466,11226,0,16,195,11,123,17.8838118961
22675,10466,10027,0,16,141,11,83,7.82210118862
22676,10466,11210,0,16,34,11,20,18.8695615251
22677,10466,11693,0,16,6,11,6,20.3364602071
22678,10466,11432,0,16,49,11,36,12.521862037
22679,10466,11103,0,16,35,11,26,9.44484869938
22680,10466,11237,0,16,64,11,53,13.4974914063
22681,10466,10010,0,16,218,11,181,12.6497673497
22682,10466,10014,0,16,397,11,286,13.6050030707
22683,10466,10009,0,16,135,11,91,13.2462188086
22684,10466,10036,0,16,826,11,656,11.7719472526
22685,10466,11216,0,16,60,11,49,15.4682820603
22686,10466,11418,0,16,15,11,11,13.2992024583
22687,10466,11109,0,16,5,11,5,16.5780949075
22688,10466,11371,0,16,71,11,65,8.33390480771
22689,10466,10460,0,16,42,11,22,3.86706901968
22690,10466,10048,0,16,86,11,65,15.0801891733
22691,10466,10128,0,16,51,11,40,9.27244862275
22692,10466,11375,0,16,44,11,27,11.759377148
22693,10466,10023,0,16,210,11,134,10.653019965
22694,10466,11211,0,16,352,11,256,13.5628000205
22695,10466,10011,0,16,437,11,352,13.0944236553
22696,10466,10025,0,16,143,11,65,8.99767074711
22697,10466,10032,0,16,65,11,28,6.04538305745
22698,10466,11232,0,16,125,11,24,18.2214013174
22699,10466,11377,0,16,46,11,33,10.6423942547
22700,10466,11361,0,16,19,11,11,9.61337296864
22701,10466,11206,0,16,90,11,63,13.9512486386
22702,10466,11430,0,16,187,11,143,16.807723361
22703,10466,10021,0,16,62,11,45,10.3360273408
22704,10466,11201,0,16,234,11,176,15.4202085553
22705,10466,11238,0,16,109,11,64,15.7581822923
22706,10466,10016,0,16,162,11,110,12.1096564454
22707,10466,11218,0,16,26,11,19,18.2982241734
22708,10466,10301,0,16,45,11,32,22.0948943306
22709,10466,10452,0,16,54,11,34,5.34280146578
22710,10466,10314,0,16,51,11,30,25.1082783972
22711,10466,10461,0,16,50,11,20,3.34659416771
22712,10466,11101,0,16,193,11,96,11.146225142
22713,10466,10029,0,16,50,11,38,8.58956172722
22714,10466,10467,0,16,33,11,22,1.74142066756
22715,10466,11208,0,16,43,11,13,15.1213502667
22716,10466,10024,0,16,101,11,71,9.92594603295
22717,10466,10005,0,16,65,11,41,15.3170488709
22718,10466,10030,0,16,39,11,26,7.12690052137
22719,10466,10002,0,16,258,11,186,14.066969056
22720,10466,11385,0,16,56,11,31,13.185276104
22721,10466,11220,0,16,38,11,23,19.3593037558
22722,10466,11215,0,16,123,11,95,17.0457599131
22723,10466,10038,0,16,174,11,85,14.9638435132
22724,10466,11217,0,16,92,11,71,15.9616426903
22725,10466,10462,0,16,104,11,58,3.42022609269
22726,10466,10040,0,16,80,11,27,4.81438111691
22727,10466,10457,0,16,28,11,16,4.07523988294
22728,10466,10017,0,16,277,11,161,11.6127010054
22729,10466,11433,0,16,18,11,12,13.7752986544
22730,10466,10308,0,16,8,11,8,28.3504185266
22731,10466,10468,0,16,52,11,30,3.18814252975
22732,10466,10111,0,16,15,11,13,11.3825755437
22733,10466,10309,0,16,23,11,15,31.4729288354
22734,10466,10034,0,16,68,11,33,4.14659153178
22735,10466,10028,0,16,89,11,53,9.67285087983
22736,10466,10035,0,16,65,11,32,7.61036824885
22737,10466,11228,0,16,10,11,8,20.7489741269
22738,10466,11105,0,16,25,11,19,8.63892818035
22739,10466,11355,0,16,26,11,18,9.86980234856
22740,10466,11209,0,16,49,11,28,20.8048661602
22741,10466,11213,0,16,35,11,20,15.8611993298
22742,10466,11369,0,16,12,11,8,8.92442918587
22743,10466,10031,0,16,64,11,45,6.95633914281
22744,10466,11221,0,16,120,11,61,14.3956412586
22745,10466,11212,0,16,12,11,10,16.1631842034
22746,10466,11233,0,16,74,11,34,15.2369929591
22747,10466,11368,0,16,62,11,41,9.94359163855
22748,10466,11205,0,16,37,11,31,14.9251986468
22749,10466,10069,0,16,14,11,8,10.9562202944
22750,10466,11203,0,16,39,11,8,17.2904521772
22751,10466,10459,0,16,16,11,8,5.12940773199
22752,10466,11219,0,16,6,11,4,19.4808971838
22753,10466,11434,0,16,32,11,16,15.4101223634
22754,10466,11230,0,16,11,11,5,19.4863699733
22755,10466,11373,0,16,53,11,27,10.809871158
22756,10466,11362,0,16,8,11,5,10.8454364935
22757,10466,10305,0,16,11,11,8,23.4298877098
22758,10466,11104,0,16,8,11,6,10.84157798
22759,10466,10004,0,16,168,11,99,16.6940820212
22760,10466,10275,0,16,13,11,7,10.2155456986
22761,10466,10118,0,16,4,11,3,12.2221674857
22762,10466,10026,0,16,57,11,43,8.29442740969
22763,10466,11235,0,16,19,11,14,21.8747436992
22764,10466,10469,0,16,44,11,12,1.53937496338
22765,10466,10281,0,16,31,11,24,15.0182372204
22766,10466,11223,0,16,10,11,7,21.2471874188
22767,10466,11379,0,16,33,11,13,12.1879331614
22768,10466,10465,0,16,37,11,16,4.75862397075
22769,10466,10455,0,16,20,11,11,6.0971398606
22770,10466,10466,11,16,16,11,11,0.0
22771,10466,11239,0,16,4,11,2,16.9967505741
22772,10466,11207,0,16,86,11,31,15.3865707841
22773,10466,11367,0,16,35,11,17,11.2816748798
22774,10466,11106,0,16,21,11,19,9.93751183701
22775,10466,10471,0,16,19,11,15,3.03323480993
22776,10466,11234,0,16,50,11,15,19.1986678712
22777,10466,10167,0,16,11,11,4,11.5391594368
22778,10466,10453,0,16,21,11,16,4.29958120128
22779,10466,10451,0,16,20,11,12,6.30151381983
22780,10466,10033,0,16,86,11,31,5.44917053272
22781,10466,11354,0,16,38,11,25,8.56454571779
22782,10466,10463,0,16,36,11,16,3.23908565784
22783,10466,10169,0,16,4,11,4,11.5954331418
22784,10466,10456,0,16,21,11,12,5.31711628411
22785,10466,11420,0,16,8,11,7,15.1265934974
22786,10466,10153,0,16,6,11,5,10.9741566538
22787,10466,10307,0,16,6,11,3,33.6390343273
22788,10466,10306,0,16,17,11,8,26.3517947292
22789,10466,10165,0,16,2,11,2,11.8005950859
22790,10466,10303,0,16,11,11,7,24.4825938335
22791,10466,11224,0,16,22,11,13,22.9829408692
22792,10466,10304,0,16,8,11,5,23.3240217511
22793,10466,10458,0,16,34,11,31,2.86472628565
22794,10466,11414,0,16,13,11,7,16.0625181659
22795,10466,11204,0,16,9,11,8,20.1120797553
22796,10466,11372,0,16,16,11,11,9.91087210864
22797,10466,11357,0,16,9,11,6,7.61101884499
22798,10466,10044,0,16,9,11,8,10.3744674153
22799,10466,11229,0,16,27,11,14,20.7253712534
22800,10466,11236,0,16,15,11,9,17.5331942141
22801,10466,10302,0,16,5,11,5,23.5191853777
22802,10466,11422,0,16,11,11,8,16.818268464
22803,10466,10312,0,16,4,11,2,29.5785933821
22804,10466,10310,0,16,27,11,6,22.7468541202
22805,10466,11429,0,16,8,11,6,13.7835774662
22806,10466,10152,0,16,2,11,2,11.2457218841
22807,10466,11214,0,16,10,11,6,21.6117870531
22808,10466,11435,0,16,41,11,23,13.3148481192
22809,10466,10039,0,16,8,11,7,6.49978306727
22810,10466,10121,0,16,1,11,1,12.3592518282
22811,10466,11413,0,16,14,11,7,16.0407866822
22812,10466,10473,0,16,14,11,9,5.03717142035
22813,10466,10454,0,16,19,11,10,6.89624151265
22814,10466,11416,0,16,5,11,5,14.3294664513
22815,10466,10280,0,16,5,11,3,15.5079308513
22816,10466,11694,0,16,5,11,4,21.6985295177
22817,10466,11358,0,16,6,11,4,9.38713442424
22818,10466,11421,0,16,4,11,4,13.8187812194
22819,10466,11412,0,16,4,11,4,14.1363752786
22820,10466,10174,0,16,2,11,2,11.7262900543
22821,10466,11417,0,16,3,11,3,14.8648438417
22822,10466,11427,0,16,5,11,4,12.3739954183
22823,10466,11411,0,16,4,11,2,14.8195020783
22824,10466,11374,0,16,10,11,9,11.4780018234
22825,10466,10096,0,16,2,11,2,10.2155456986
22826,10466,10006,0,16,19,11,18,15.3516093812
22827,10466,10037,0,16,15,11,10,7.10360094243
22828,10466,11370,0,16,8,11,4,9.11767313034
22829,10466,10475,0,16,15,11,11,1.4199439339
22830,10466,11225,0,16,17,11,13,16.7265892671
22831,10466,10282,0,16,10,11,9,14.8572719851
22832,10466,11426,0,16,12,11,5,12.788036788
22833,10466,11378,0,16,18,11,7,11.8779698131
22834,10466,10107,0,16,1,11,1,11.1545798766
22835,10466,11251,0,16,4,11,3,17.7265669881
22836,10466,11436,0,16,6,11,3,15.1896322892
22837,10466,11360,0,16,10,11,5,8.39794347789
22838,10466,11356,0,16,2,11,2,7.2811978196
22839,10466,10474,0,16,8,11,7,5.76941141762
22840,10466,11697,0,16,1,11,1,23.054892323
22841,10466,10172,0,16,2,11,2,11.4890302486
22842,10466,11691,0,16,4,11,3,20.5922594091
22843,10466,10470,0,16,6,11,4,0.980140725899
22844,10466,11366,0,16,7,11,5,11.6948880771
22845,10466,10041,0,16,2,11,2,15.5321599931
22846,10466,10278,0,16,1,11,1,14.6256550405
22847,10466,10106,0,16,4,11,1,11.1420577443
22848,10466,11428,0,16,2,11,2,13.0354758453
22849,10466,10286,0,16,1,11,1,14.9478324679
22850,10466,10279,0,16,1,11,1,14.9140408057
22851,10466,10103,0,16,1,11,1,11.2933568463
22852,10466,10196,0,16,1,11,1,10.2155456986
22853,10466,10154,0,16,1,11,1,11.2942222338
22854,10466,10119,0,16,2,11,2,12.3273353441
22855,10466,10464,0,16,5,11,4,3.83519621974
22856,10466,10166,0,16,2,11,2,11.593705433
22857,10466,10203,0,16,1,11,1,10.2155456986
22858,10466,11359,0,16,2,11,2,7.7115255589
22859,10466,10177,0,16,1,11,1,11.5469505411
22860,10466,11040,0,16,1,11,1,13.4905574919
22861,10466,11364,0,16,2,11,2,10.9494738479
22862,10466,11692,0,16,2,11,2,20.7393099582
22863,10466,11423,0,16,1,11,1,12.8729024259
22864,10466,11415,0,16,2,11,2,12.7321694936
22865,10466,10175,0,16,2,11,1,11.7190931186
22866,11239,10012,0,4,445,2,357,8.35025705588
22867,11239,11222,1,4,110,2,71,6.55617084477
22868,11239,11231,0,4,65,2,44,6.86868972901
22869,11239,10019,1,4,637,2,440,9.98157930795
22870,11239,11102,0,4,35,2,30,8.9782027682
22871,11239,10003,0,4,493,2,400,8.32081979075
22872,11239,10020,0,4,143,2,116,9.42132612602
22873,11239,10018,0,4,339,2,256,9.63254401849
22874,11239,10001,0,4,670,2,468,9.50586542336
22875,11239,11365,1,4,21,2,9,7.88841239067
22876,11239,10007,0,4,1780,2,1042,8.23604396187
22877,11239,10022,1,4,228,2,164,9.07718920386
22878,11239,10013,0,4,745,2,406,8.39684030392
22879,11239,10472,0,4,23,2,8,12.7476499747
22880,11239,11226,0,4,195,2,123,4.01250364218
22881,11239,10027,0,4,141,2,83,12.179078953
22882,11239,11210,0,4,34,2,20,3.6989886741
22883,11239,11693,0,4,6,2,6,4.59747194588
22884,11239,11432,1,4,49,2,36,6.52639793795
22885,11239,11103,0,4,35,2,26,8.25140306413
22886,11239,11237,0,4,64,2,53,4.50849916326
22887,11239,10010,0,4,218,2,181,8.39761546267
22888,11239,10014,0,4,397,2,286,9.02724386115
22889,11239,10009,0,4,135,2,91,7.66258449074
22890,11239,10036,0,4,826,2,656,9.77187443872
22891,11239,11216,0,4,60,2,49,4.34134573425
22892,11239,11418,0,4,15,2,11,4.34925933279
22893,11239,11109,0,4,5,2,5,0.583958553528
22894,11239,11371,0,4,71,2,65,8.71239474469
22895,11239,10460,1,4,42,2,22,13.4626890692
22896,11239,10048,0,4,86,2,65,8.352447545
22897,11239,10128,1,4,51,2,40,10.1044492957
22898,11239,11375,0,4,44,2,27,5.44349329686
22899,11239,10023,1,4,210,2,134,10.5072281366
22900,11239,11211,0,4,352,2,256,6.03724649783
22901,11239,10011,0,4,437,2,352,9.13555169862
22902,11239,10025,1,4,143,2,65,11.5215336728
22903,11239,10032,0,4,65,2,28,13.8368156355
22904,11239,11232,1,4,125,2,24,6.60543387614
22905,11239,11377,0,4,46,2,33,6.81797700865
22906,11239,11361,0,4,19,2,11,9.80318716892
22907,11239,11206,0,4,90,2,63,5.1375921204
22908,11239,11430,0,4,187,2,143,4.40130845021
22909,11239,10021,0,4,62,2,45,9.47312882978
22910,11239,11201,1,4,234,2,176,6.70551097643
22911,11239,11238,0,4,109,2,64,4.97947368116
22912,11239,10016,0,4,162,2,110,8.63921185887
22913,11239,11218,0,4,26,2,19,5.08634772085
22914,11239,10301,0,4,45,2,32,11.349605608
22915,11239,10452,1,4,54,2,34,13.5016693983
22916,11239,10314,1,4,51,2,30,14.2447191735
22917,11239,10461,0,4,50,2,20,13.7674626951
22918,11239,11101,1,4,193,2,96,7.55124059574
22919,11239,10029,1,4,50,2,38,10.6461053209
22920,11239,10467,1,4,33,2,22,15.6319024423
22921,11239,11208,1,4,43,2,13,1.88377750045
22922,11239,10024,0,4,101,2,71,10.9755002507
22923,11239,10005,0,4,65,2,41,7.96513107636
22924,11239,10030,0,4,39,2,26,12.359403106
22925,11239,10002,0,4,258,2,186,7.49693729384
22926,11239,11385,0,4,56,2,31,4.01303886633
22927,11239,11220,0,4,38,2,23,7.18348503965
22928,11239,11215,1,4,123,2,95,5.78808246387
22929,11239,10038,0,4,174,2,85,7.88332034323
22930,11239,11217,0,4,92,2,71,5.75468838828
22931,11239,10462,0,4,104,2,58,13.5898855321
22932,11239,10040,0,4,80,2,27,14.9140955084
22933,11239,10457,1,4,28,2,16,13.8998385788
22934,11239,10017,0,4,277,2,161,8.81631349968
22935,11239,11433,0,4,18,2,12,5.95991259906
22936,11239,10308,0,4,8,2,8,15.7116123565
22937,11239,10468,0,4,52,2,30,15.3034011942
22938,11239,10111,0,4,15,2,13,9.38095241608
22939,11239,10309,0,4,23,2,15,19.3025087713
22940,11239,10034,0,4,68,2,33,15.4542317055
22941,11239,10028,0,4,89,2,53,9.85346954697
22942,11239,10035,1,4,65,2,32,11.1732437926
22943,11239,11228,0,4,10,2,8,7.23316500302
22944,11239,11105,1,4,25,2,19,9.01930652428
22945,11239,11355,0,4,26,2,18,7.80857584187
22946,11239,11209,0,4,49,2,28,8.05344671128
22947,11239,11213,0,4,35,2,20,3.38701755771
22948,11239,11369,0,4,12,2,8,8.08652183137
22949,11239,10031,0,4,64,2,45,12.9699094716
22950,11239,11221,0,4,120,2,61,3.99403307039
22951,11239,11212,0,4,12,2,10,2.11686187036
22952,11239,11233,0,4,74,2,34,2.98096134286
22953,11239,11368,0,4,62,2,41,7.07196951298
22954,11239,11205,0,4,37,2,31,5.62146530379
22955,11239,10069,0,4,14,2,8,10.6848678161
22956,11239,11203,0,4,39,2,8,2.83884013418
22957,11239,10459,0,4,16,2,8,12.4137671608
22958,11239,11219,0,4,6,2,4,6.22420702404
22959,11239,11434,1,4,32,2,16,5.9436496309
22960,11239,11230,0,4,11,2,5,4.74227042323
22961,11239,11373,1,4,53,2,27,6.22620457513
22962,11239,11362,0,4,8,2,5,10.9754212633
22963,11239,10305,0,4,11,2,8,10.7916228048
22964,11239,11104,0,4,8,2,6,7.08227090886
22965,11239,10004,1,4,168,2,99,9.27329510799
22966,11239,10275,0,4,13,2,7,10.6358831265
22967,11239,10118,0,4,4,2,3,9.07748640841
22968,11239,10026,0,4,57,2,43,11.536330951
22969,11239,11235,1,4,19,2,14,5.68034305515
22970,11239,10469,0,4,44,2,12,15.46398556
22971,11239,10281,0,4,31,2,24,8.56736118793
22972,11239,11223,0,4,10,2,7,5.89878860273
22973,11239,11379,0,4,33,2,13,4.8425522769
22974,11239,10465,1,4,37,2,16,12.8272305474
22975,11239,10455,1,4,20,2,11,11.8057805156
22976,11239,10466,0,4,16,2,11,16.9967505741
22977,11239,11239,2,4,4,2,2,0.0
22978,11239,11207,0,4,86,2,31,1.89931561723
22979,11239,11367,0,4,35,2,17,6.46635203013
22980,11239,11106,0,4,21,2,19,8.47267487983
22981,11239,10471,0,4,19,2,15,17.6398010215
22982,11239,11234,1,4,50,2,15,2.91812892166
22983,11239,10167,0,4,11,2,4,9.04835923046
22984,11239,10453,0,4,21,2,16,14.3994122426
22985,11239,10451,0,4,20,2,12,12.2097394916
22986,11239,10033,1,4,86,2,31,14.3043526384
22987,11239,11354,0,4,38,2,25,8.89476165985
22988,11239,10463,1,4,36,2,16,16.2998605865
22989,11239,10169,0,4,4,2,4,9.05810103202
22990,11239,10456,0,4,21,2,12,12.7779242345
22991,11239,11420,0,4,8,2,7,3.88922218944
22992,11239,10153,0,4,6,2,5,9.50150866921
22993,11239,10307,0,4,6,2,3,21.4063677225
22994,11239,10306,0,4,17,2,8,13.6142736866
22995,11239,10165,0,4,2,2,2,9.02383337328
22996,11239,10303,0,4,11,2,7,14.9291919681
22997,11239,11224,0,4,22,2,13,7.60618131109
22998,11239,10304,0,4,8,2,5,11.3838812289
22999,11239,10458,0,4,34,2,31,15.0729989962
23000,11239,11414,0,4,13,2,7,2.07373537933
23001,11239,11204,0,4,9,2,8,5.85042795882
23002,11239,11372,0,4,16,2,11,7.20183904244
23003,11239,11357,0,4,9,2,6,10.2453474895
23004,11239,10044,0,4,9,2,8,8.82795898627
23005,11239,11229,0,4,27,2,14,4.57799106566
23006,11239,11236,0,4,15,2,9,1.33550382474
23007,11239,10302,1,4,5,2,5,13.5973413001
23008,11239,11422,1,4,11,2,8,7.65713526297
23009,11239,10312,0,4,4,2,2,17.1590157612
23010,11239,10310,0,4,27,2,6,12.4578414287
23011,11239,11429,0,4,8,2,6,8.55003676769
23012,11239,10152,0,4,2,2,2,9.18770851602
23013,11239,11214,0,4,10,2,6,6.94554470295
23014,11239,11435,1,4,41,2,23,5.22149549023
23015,11239,10039,0,4,8,2,7,12.8092848132
23016,11239,10121,0,4,1,2,1,9.29099540124
23017,11239,11413,0,4,14,2,7,6.9206631615
23018,11239,10473,0,4,14,2,9,11.9617494632
23019,11239,10454,0,4,19,2,10,11.2189122851
23020,11239,11416,0,4,5,2,5,2.99715865661
23021,11239,10280,0,4,5,2,3,8.43216053903
23022,11239,11694,0,4,5,2,4,5.07263822538
23023,11239,11358,0,4,6,2,4,9.03553405166
23024,11239,11421,0,4,4,2,4,3.2951324037
23025,11239,11412,0,4,4,2,4,7.21838190591
23026,11239,10174,0,4,2,2,2,8.87163128305
23027,11239,11417,0,4,3,2,3,2.73294165796
23028,11239,11427,0,4,5,2,4,8.94045572819
23029,11239,11411,0,4,4,2,2,8.2238322006
23030,11239,11374,0,4,10,2,9,5.54175539271
23031,11239,10096,0,4,2,2,2,10.6358831265
23032,11239,10006,0,4,19,2,18,8.24986446235
23033,11239,10037,0,4,15,2,10,11.9409922846
23034,11239,11370,0,4,8,2,4,8.10663724581
23035,11239,10475,0,4,15,2,11,16.3012306525
23036,11239,11225,0,4,17,2,13,4.15841454662
23037,11239,10282,0,4,10,2,9,8.63830190884
23038,11239,11426,0,4,12,2,5,10.222592123
23039,11239,11378,1,4,18,2,7,5.53880384054
23040,11239,10107,0,4,1,2,1,9.93919255444
23041,11239,11251,0,4,4,2,3,3.46092933875
23042,11239,11436,0,4,6,2,3,4.74594767633
23043,11239,11360,0,4,10,2,5,10.643203279
23044,11239,11356,0,4,2,2,2,9.81263205212
23045,11239,10474,0,4,8,2,7,11.5567233243
23046,11239,11697,0,4,1,2,1,6.11519413684
23047,11239,10172,0,4,2,2,2,9.07070336163
23048,11239,11691,0,4,4,2,3,7.03701698602
23049,11239,10470,0,4,6,2,4,17.6073259673
23050,11239,11366,0,4,7,2,5,7.08796647087
23051,11239,10041,0,4,2,2,2,7.92884481391
23052,11239,10278,0,4,1,2,1,8.13613903339
23053,11239,10106,0,4,4,2,1,9.8050915805
23054,11239,11428,0,4,2,2,2,8.86867491307
23055,11239,10286,0,4,1,2,1,8.41793623287
23056,11239,10279,0,4,1,2,1,8.22818299321
23057,11239,10103,0,4,1,2,1,9.48068539489
23058,11239,10196,0,4,1,2,1,10.6358831265
23059,11239,10154,0,4,1,2,1,9.16358362707
23060,11239,10119,0,4,2,2,2,9.38743425493
23061,11239,10464,0,4,5,2,4,15.3200720842
23062,11239,10166,0,4,2,2,2,9.0706564141
23063,11239,10203,0,4,1,2,1,10.6358831265
23064,11239,11359,0,4,2,2,2,11.4779867253
23065,11239,10177,0,4,1,2,1,9.10938224793
23066,11239,11040,0,4,1,2,1,12.4678129381
23067,11239,11364,0,4,2,2,2,9.36310838615
23068,11239,11692,0,4,2,2,2,5.71032164444
23069,11239,11423,0,4,1,2,1,7.50024898943
23070,11239,11415,0,4,2,2,2,4.94973873882
23071,11239,10175,0,4,2,2,1,9.16039624878
23072,11207,10012,2,86,445,31,357,6.65852636675
23073,11207,11222,1,86,110,31,71,4.67977213213
23074,11207,11231,2,86,65,31,44,5.71579333004
23075,11207,10019,2,86,637,31,440,8.11373626747
23076,11207,11102,2,86,35,31,30,7.10986269454
23077,11207,10003,0,86,493,31,400,6.56001489004
23078,11207,10020,0,86,143,31,116,7.55556719037
23079,11207,10018,2,86,339,31,256,7.80180004636
23080,11207,10001,3,86,670,31,468,7.69538145748
23081,11207,11365,2,86,21,31,9,7.13162239392
23082,11207,10007,3,86,1780,31,1042,6.66121794591
23083,11207,10022,2,86,228,31,164,7.19112209396
23084,11207,10013,0,86,745,31,406,6.76762343058
23085,11207,10472,2,86,23,31,8,11.0912238392
23086,11207,11226,2,86,195,31,123,3.67390297644
23087,11207,10027,2,86,141,31,83,10.2903361445
23088,11207,11210,2,86,34,31,20,4.00464791947
23089,11207,11693,0,86,6,31,6,6.42907839702
23090,11207,11432,0,86,49,31,36,6.0871926081
23091,11207,11103,2,86,35,31,26,6.41468483812
23092,11207,11237,3,86,64,31,53,2.61611275723
23093,11207,10010,3,86,218,31,181,6.58588694024
23094,11207,10014,2,86,397,31,286,7.30980530582
23095,11207,10009,0,86,135,31,91,5.89019186653
23096,11207,10036,3,86,826,31,656,7.92375745238
23097,11207,11216,2,86,60,31,49,2.91199381107
23098,11207,11418,2,86,15,31,11,3.70931913644
23099,11207,11109,0,86,5,31,5,1.82468215902
23100,11207,11371,2,86,71,31,65,7.05490072077
23101,11207,10460,2,86,42,31,22,11.7582921466
23102,11207,10048,0,86,86,31,65,6.82031433466
23103,11207,10128,2,86,51,31,40,8.20815194657
23104,11207,11375,2,86,44,31,27,4.26720165797
23105,11207,10023,2,86,210,31,134,8.62309375662
23106,11207,11211,4,86,352,31,256,4.24606633654
23107,11207,10011,2,86,437,31,352,7.37118242466
23108,11207,10025,0,86,143,31,65,9.62240226073
23109,11207,10032,2,86,65,31,28,11.9774630966
23110,11207,11232,2,86,125,31,24,5.87666673166
23111,11207,11377,2,86,46,31,33,4.99295281082
23112,11207,11361,2,86,19,31,11,8.9705545113
23113,11207,11206,0,86,90,31,63,3.35319373427
23114,11207,11430,2,86,187,31,143,5.36654977451
23115,11207,10021,2,86,62,31,45,7.57547420085
23116,11207,11201,2,86,234,31,176,5.25840740905
23117,11207,11238,0,86,109,31,64,3.64625394182
23118,11207,10016,2,86,162,31,110,6.79382205527
23119,11207,11218,2,86,26,31,19,4.66209407106
23120,11207,10301,2,86,45,31,32,10.8555350953
23121,11207,10452,2,86,54,31,34,11.6770276129
23122,11207,10314,2,86,51,31,30,13.919260244
23123,11207,10461,1,86,50,31,20,12.2303150797
23124,11207,11101,2,86,193,31,96,5.65192501436
23125,11207,10029,2,86,50,31,38,8.75727840225
23126,11207,10467,2,86,33,31,22,13.9576832252
23127,11207,11208,1,86,43,31,13,1.1498872239
23128,11207,10024,0,86,101,31,71,9.07997267781
23129,11207,10005,2,86,65,31,41,6.47679891792
23130,11207,10030,1,86,39,31,26,10.4862926886
23131,11207,10002,0,86,258,31,186,5.82081858666
23132,11207,11385,2,86,56,31,31,2.22271697537
23133,11207,11220,2,86,38,31,23,6.70014227067
23134,11207,11215,2,86,123,31,95,4.8056417235
23135,11207,10038,2,86,174,31,85,6.33970217597
23136,11207,11217,0,86,92,31,71,4.45899073832
23137,11207,10462,2,86,104,31,58,11.9669607217
23138,11207,10040,2,86,80,31,27,13.0850689943
23139,11207,10457,2,86,28,31,16,12.1377580917
23140,11207,10017,2,86,277,31,161,6.94711603426
23141,11207,11433,3,86,18,31,12,5.88789165005
23142,11207,10308,0,86,8,31,8,15.8203577929
23143,11207,10468,2,86,52,31,30,13.5431110275
23144,11207,10111,0,86,15,31,13,7.50994684115
23145,11207,10309,2,86,23,31,15,19.389459871
23146,11207,10034,2,86,68,31,33,13.6454111535
23147,11207,10028,2,86,89,31,53,7.95458714138
23148,11207,10035,2,86,65,31,32,9.30733221076
23149,11207,11228,1,86,10,31,8,7.18555022711
23150,11207,11105,0,86,25,31,19,7.20045257711
23151,11207,11355,2,86,26,31,18,6.69664391481
23152,11207,11209,2,86,49,31,28,7.83106059304
23153,11207,11213,0,86,35,31,20,2.11992659535
23154,11207,11369,2,86,12,31,8,6.4679582682
23155,11207,10031,1,86,64,31,45,11.093681783
23156,11207,11221,1,86,120,31,61,2.19598603507
23157,11207,11212,0,86,12,31,10,1.16608823845
23158,11207,11233,1,86,74,31,34,1.34544456176
23159,11207,11368,2,86,62,31,41,5.58703524654
23160,11207,11205,0,86,37,31,31,4.06485429749
23161,11207,10069,0,86,14,31,8,8.81102506905
23162,11207,11203,0,86,39,31,8,2.53429058701
23163,11207,10459,1,86,16,31,8,10.6650371266
23164,11207,11219,0,86,6,31,4,5.98267865088
23165,11207,11434,3,86,32,31,16,6.39132558511
23166,11207,11230,0,86,11,31,5,4.94587459803
23167,11207,11373,2,86,53,31,27,4.57879906704
23168,11207,11362,1,86,8,31,5,10.4416081782
23169,11207,10305,0,86,11,31,8,10.7190424962
23170,11207,11104,0,86,8,31,6,5.20352932294
23171,11207,10004,3,86,168,31,99,7.96242594927
23172,11207,10275,0,86,13,31,7,8.74306360187
23173,11207,10118,0,86,4,31,3,7.24644664098
23174,11207,10026,0,86,57,31,43,9.64410485237
23175,11207,11235,1,86,19,31,14,6.68940617979
23176,11207,10469,0,86,44,31,12,13.866572102
23177,11207,10281,0,86,31,31,24,7.02282660077
23178,11207,11223,0,86,10,31,7,6.4822621653
23179,11207,11379,2,86,33,31,13,3.2136444291
23180,11207,10465,2,86,37,31,16,11.4185944945
23181,11207,10455,0,86,20,31,11,10.0086405062
23182,11207,10466,0,86,16,31,11,15.3865707841
23183,11207,11239,0,86,4,31,2,1.89931561723
23184,11207,11207,31,86,86,31,31,0.0
23185,11207,11367,2,86,35,31,17,5.52142207178
23186,11207,11106,0,86,21,31,19,6.58550513492
23187,11207,10471,2,86,19,31,15,15.8743074517
23188,11207,11234,0,86,50,31,15,3.88556415197
23189,11207,10167,0,86,11,31,4,7.17944216095
23190,11207,10453,1,86,21,31,16,12.6034242805
23191,11207,10451,2,86,20,31,12,10.3764118888
23192,11207,10033,3,86,86,31,31,12.459459587
23193,11207,11354,2,86,38,31,25,7.6234118146
23194,11207,10463,2,86,36,31,16,14.521903038
23195,11207,10169,0,86,4,31,4,7.19190470798
23196,11207,10456,2,86,21,31,12,10.9835032701
23197,11207,11420,0,86,8,31,7,4.19592528703
23198,11207,10153,0,86,6,31,5,7.61733490719
23199,11207,10307,0,86,6,31,3,21.5433470902
23200,11207,10306,0,86,17,31,8,13.6842348095
23201,11207,10165,0,86,2,31,2,7.16728586785
23202,11207,10303,2,86,11,31,7,14.3794910491
23203,11207,11224,0,86,22,31,13,8.28198025235
23204,11207,10304,0,86,8,31,5,11.1660689595
23205,11207,10458,2,86,34,31,31,13.34075205
23206,11207,11414,2,86,13,31,7,2.82055778633
23207,11207,11204,0,86,9,31,8,5.95479281092
23208,11207,11372,1,86,16,31,11,5.49463848013
23209,11207,11357,0,86,9,31,6,9.01890549123
23210,11207,10044,0,86,9,31,8,6.92864360465
23211,11207,11229,2,86,27,31,14,5.52351016632
23212,11207,11236,2,86,15,31,9,2.15122481079
23213,11207,10302,2,86,5,31,5,13.0571636123
23214,11207,11422,0,86,11,31,8,8.37913967877
23215,11207,10312,0,86,4,31,2,17.2539807049
23216,11207,10310,0,86,27,31,6,11.9320297786
23217,11207,11429,1,86,8,31,6,8.56260839466
23218,11207,10152,0,86,2,31,2,7.30881469284
23219,11207,11214,0,86,10,31,6,7.2989932285
23220,11207,11435,2,86,41,31,23,4.86852694261
23221,11207,10039,2,86,8,31,7,10.9500823278
23222,11207,10121,0,86,1,31,1,7.47186222444
23223,11207,11413,2,86,14,31,7,7.50426745066
23224,11207,10473,2,86,14,31,9,10.3547121173
23225,11207,10454,2,86,19,31,10,9.39333153766
23226,11207,11416,2,86,5,31,5,2.46244392669
23227,11207,10280,0,86,5,31,3,6.96375764413
23228,11207,11694,0,86,5,31,4,6.96619748372
23229,11207,11358,0,86,6,31,4,8.05013336851
23230,11207,11421,1,86,4,31,4,2.33924194786
23231,11207,11412,0,86,4,31,4,7.30783864419
23232,11207,10174,0,86,2,31,2,7.00882563018
23233,11207,11417,0,86,3,31,3,2.61931952665
23234,11207,11427,2,86,5,31,4,8.64825941722
23235,11207,11411,0,86,4,31,2,8.471517094
23236,11207,11374,2,86,10,31,9,4.12142809456
23237,11207,10096,0,86,2,31,2,8.74306360187
23238,11207,10006,0,86,19,31,18,6.7611924225
23239,11207,10037,2,86,15,31,10,10.0767329504
23240,11207,11370,0,86,8,31,4,6.36094021103
23241,11207,10475,2,86,15,31,11,14.7762493532
23242,11207,11225,1,86,17,31,13,3.24424396611
23243,11207,10282,0,86,10,31,9,7.07029274825
23244,11207,11426,2,86,12,31,5,10.0308921008
23245,11207,11378,2,86,18,31,7,3.69926960301
23246,11207,10107,0,86,1,31,1,8.06578778555
23247,11207,11251,0,86,4,31,3,3.20732080641
23248,11207,11436,2,86,6,31,3,5.12051548119
23249,11207,11360,2,86,10,31,5,9.64548698168
23250,11207,11356,0,86,2,31,2,8.34073875923
23251,11207,10474,1,86,8,31,7,9.82782830983
23252,11207,11697,0,86,1,31,1,7.67775104344
23253,11207,10172,0,86,2,31,2,7.19990450125
23254,11207,11691,0,86,4,31,3,8.60108877994
23255,11207,10470,1,86,6,31,4,15.9509926439
23256,11207,11366,0,86,7,31,5,6.45696516476
23257,11207,10041,0,86,2,31,2,6.47729791534
23258,11207,10278,0,86,1,31,1,6.54044221033
23259,11207,10106,0,86,4,31,1,7.92982855269
23260,11207,11428,0,86,2,31,2,8.7192009625
23261,11207,10286,0,86,1,31,1,6.86551929752
23262,11207,10279,0,86,1,31,1,6.67323638449
23263,11207,10103,0,86,1,31,1,7.60736064136
23264,11207,10196,0,86,1,31,1,8.74306360187
23265,11207,10154,0,86,1,31,1,7.28617418064
23266,11207,10119,0,86,2,31,2,7.56734713387
23267,11207,10464,0,86,5,31,4,13.9802534447
23268,11207,10166,0,86,2,31,2,7.20456875237
23269,11207,10203,0,86,1,31,1,8.74306360187
23270,11207,11359,0,86,2,31,2,10.4318533077
23271,11207,10177,0,86,1,31,1,7.24172319579
23272,11207,11040,0,86,1,31,1,12.3491577038
23273,11207,11364,0,86,2,31,2,8.78167564056
23274,11207,11692,0,86,2,31,2,7.46749661087
23275,11207,11423,0,86,1,31,1,7.26337168515
23276,11207,11415,0,86,2,31,2,4.20254503696
23277,11207,10175,0,86,2,31,1,7.30172459449
23278,11367,10012,2,35,445,17,357,9.28747954242
23279,11367,11222,1,35,110,17,71,6.51854867598
23280,11367,11231,2,35,65,17,44,10.111650661
23281,11367,10019,3,35,637,17,440,8.9866768291
23282,11367,11102,2,35,35,17,30,6.16288084058
23283,11367,10003,1,35,493,17,400,8.81741746313
23284,11367,10020,0,35,143,17,116,8.58763326913
23285,11367,10018,3,35,339,17,256,9.20605656317
23286,11367,10001,5,35,670,17,468,9.31494906463
23287,11367,11365,2,35,21,17,9,1.69906898077
23288,11367,10007,5,35,1780,17,1042,9.79889636955
23289,11367,10022,2,35,228,17,164,7.93762605062
23290,11367,10013,1,35,745,17,406,9.66488769319
23291,11367,10472,2,35,23,17,8,7.44423000164
23292,11367,11226,4,35,195,17,123,9.09301247217
23293,11367,10027,2,35,141,17,83,9.09474447971
23294,11367,11210,3,35,34,17,20,9.52529897091
23295,11367,11693,0,35,6,17,6,9.08483636781
23296,11367,11432,1,35,49,17,36,1.78612921289
23297,11367,11103,2,35,35,17,26,5.25934070065
23298,11367,11237,2,35,64,17,53,5.45635093372
23299,11367,10010,2,35,218,17,181,8.46025924559
23300,11367,10014,2,35,397,17,286,9.66063557957
23301,11367,10009,0,35,135,17,91,8.25213866818
23302,11367,10036,3,35,826,17,656,9.10864216623
23303,11367,11216,2,35,60,17,49,7.44297113307
23304,11367,11418,0,35,15,17,11,2.17541462737
23305,11367,11109,0,35,5,17,5,5.92585725748
23306,11367,11371,2,35,71,17,65,4.11284214039
23307,11367,10460,2,35,42,17,22,8.34463307248
23308,11367,10048,0,35,86,17,65,10.0826638731
23309,11367,10128,2,35,51,17,40,7.70011510489
23310,11367,11375,2,35,44,17,27,1.3955158084
23311,11367,10023,2,35,210,17,134,9.08108653099
23312,11367,11211,3,35,352,17,256,7.06559001729
23313,11367,10011,3,35,437,17,352,9.41699592559
23314,11367,10025,0,35,143,17,65,9.08091634893
23315,11367,10032,2,35,65,17,28,9.97378866519
23316,11367,11232,2,35,125,17,24,10.8459185369
23317,11367,11377,2,35,46,17,33,4.43131304465
23318,11367,11361,2,35,19,17,11,3.45104366354
23319,11367,11206,0,35,90,17,63,6.62809110116
23320,11367,11430,2,35,187,17,143,5.5562276731
23321,11367,10021,2,35,62,17,45,7.79436240979
23322,11367,11201,2,35,234,17,176,9.09656772054
23323,11367,11238,0,35,109,17,64,8.13025023257
23324,11367,10016,2,35,162,17,110,8.28433392603
23325,11367,11218,2,35,26,17,19,9.97510457218
23326,11367,10301,2,35,45,17,32,15.8151054691
23327,11367,10452,2,35,54,17,34,9.26024563803
23328,11367,10314,2,35,51,17,30,18.9844190695
23329,11367,10461,1,35,50,17,20,7.93598077049
23330,11367,11101,4,35,193,17,96,6.28042575309
23331,11367,10029,2,35,50,17,38,7.83677854989
23332,11367,10467,2,35,33,17,22,10.225922623
23333,11367,11208,0,35,43,17,13,4.69949286605
23334,11367,10024,0,35,101,17,71,9.08754820733
23335,11367,10005,2,35,65,17,41,9.9476189604
23336,11367,10030,1,35,39,17,26,8.89775496028
23337,11367,10002,0,35,258,17,186,8.7275885179
23338,11367,11385,1,35,56,17,31,4.14244740137
23339,11367,11220,2,35,38,17,23,11.8464421018
23340,11367,11215,2,35,123,17,95,9.59657609846
23341,11367,10038,2,35,174,17,85,9.65442006997
23342,11367,11217,0,35,92,17,71,8.81691621531
23343,11367,10462,3,35,104,17,58,8.07479420893
23344,11367,10040,2,35,80,17,27,10.5883614215
23345,11367,10457,2,35,28,17,16,9.10065374771
23346,11367,10017,4,35,277,17,161,8.08266806229
23347,11367,11433,3,35,18,17,12,2.84716179401
23348,11367,10308,0,35,8,17,8,21.2041962673
23349,11367,10468,2,35,52,17,30,10.3890198022
23350,11367,10111,0,35,15,17,13,8.47053890087
23351,11367,10309,2,35,23,17,15,24.7403613496
23352,11367,10034,1,35,68,17,33,10.8974198402
23353,11367,10028,2,35,89,17,53,7.71336602962
23354,11367,10035,2,35,65,17,32,7.78027643057
23355,11367,11228,1,35,10,17,8,12.5935689943
23356,11367,11105,0,35,25,17,19,5.55067921767
23357,11367,11355,2,35,26,17,18,1.44261327419
23358,11367,11209,2,35,49,17,28,13.1262036219
23359,11367,11213,0,35,35,17,20,7.15136049663
23360,11367,11369,2,35,12,17,8,3.49441377179
23361,11367,10031,1,35,64,17,45,9.48476381561
23362,11367,11221,0,35,120,17,61,6.08301525256
23363,11367,11212,0,35,12,17,10,6.65330945939
23364,11367,11233,0,35,74,17,34,6.22341610275
23365,11367,11368,2,35,62,17,41,2.32059619046
23366,11367,11205,0,35,37,17,31,7.91676628558
23367,11367,10069,0,35,14,17,8,9.44183663765
23368,11367,11203,0,35,39,17,8,8.03041219919
23369,11367,10459,1,35,16,17,8,7.6697373137
23370,11367,11219,0,35,6,17,4,11.3307259437
23371,11367,11434,2,35,32,17,16,4.50525410134
23372,11367,11230,0,35,11,17,5,10.4598816437
23373,11367,11373,2,35,53,17,27,3.01471044851
23374,11367,11362,1,35,8,17,5,5.10268407384
23375,11367,10305,0,35,11,17,8,16.0465753739
23376,11367,11104,0,35,8,17,6,5.25138399039
23377,11367,10004,2,35,168,17,99,11.7136872795
23378,11367,10275,0,35,13,17,7,8.92852596981
23379,11367,10118,0,35,4,17,3,8.77438780128
23380,11367,10026,0,35,57,17,43,8.667225651
23381,11367,11235,1,35,19,17,14,12.0670048783
23382,11367,10469,0,35,44,17,12,9.7574430194
23383,11367,10281,0,35,31,17,24,10.2045186475
23384,11367,11223,0,35,10,17,7,11.9944959987
23385,11367,11379,2,35,33,17,13,3.15621709707
23386,11367,10465,2,35,37,17,16,6.70426084076
23387,11367,10455,0,35,20,17,11,7.51465701247
23388,11367,10466,0,35,16,17,11,11.2816748798
23389,11367,11239,0,35,4,17,2,6.46635203013
23390,11367,11207,2,35,86,17,31,5.52142207178
23391,11367,11367,17,35,35,17,17,0.0
23392,11367,11106,0,35,21,17,19,6.21676411266
23393,11367,10471,3,35,19,17,15,12.6368068262
23394,11367,11234,0,35,50,17,15,9.23850650705
23395,11367,10167,0,35,11,17,4,8.25718082835
23396,11367,10453,1,35,21,17,16,9.81374283472
23397,11367,10451,2,35,20,17,12,8.21683196608
23398,11367,10033,2,35,86,17,31,10.2066552547
23399,11367,11354,2,35,38,17,25,2.72184013542
23400,11367,10463,2,35,36,17,16,11.4475010747
23401,11367,10169,0,35,4,17,4,8.30809710917
23402,11367,10456,2,35,21,17,12,8.3371777292
23403,11367,11420,0,35,8,17,7,3.84567175614
23404,11367,10153,0,35,6,17,5,8.29833418935
23405,11367,10307,0,35,6,17,3,26.9158306359
23406,11367,10306,0,35,17,17,8,19.0619477255
23407,11367,10165,0,35,2,17,2,8.42435801401
23408,11367,10303,2,35,11,17,7,19.1728459774
23409,11367,11224,0,35,22,17,13,13.7879808087
23410,11367,10304,0,35,8,17,5,16.3818616075
23411,11367,10458,2,35,34,17,31,9.99829566083
23412,11367,11414,2,35,13,17,7,4.99211359799
23413,11367,11204,0,35,9,17,8,11.4389470402
23414,11367,11372,1,35,16,17,11,3.61925479789
23415,11367,11357,0,35,9,17,6,3.90611955675
23416,11367,10044,0,35,9,17,8,7.0914811559
23417,11367,11229,2,35,27,17,14,10.9201427167
23418,11367,11236,1,35,15,17,9,7.45477630731
23419,11367,10302,2,35,5,17,5,17.8964410136
23420,11367,11422,0,35,11,17,8,6.42924785797
23421,11367,10312,0,35,4,17,2,22.6212613109
23422,11367,10310,0,35,27,17,6,16.8210989129
23423,11367,11429,1,35,8,17,6,4.53728708488
23424,11367,10152,0,35,2,17,2,8.17935385189
23425,11367,11214,0,35,10,17,6,12.8147621947
23426,11367,11435,3,35,41,17,23,2.06159467134
23427,11367,10039,2,35,8,17,7,9.06236292146
23428,11367,10121,0,35,1,17,1,9.06234038932
23429,11367,11413,2,35,14,17,7,5.45987647577
23430,11367,10473,2,35,14,17,9,6.50748618459
23431,11367,10454,2,35,19,17,10,7.29667232397
23432,11367,11416,2,35,5,17,5,3.47437161844
23433,11367,10280,0,35,5,17,3,10.4113965381
23434,11367,11694,0,35,5,17,4,10.5837249148
23435,11367,11358,0,35,6,17,4,2.57191784642
23436,11367,11421,1,35,4,17,4,3.24389141351
23437,11367,11412,0,35,4,17,4,3.91013777929
23438,11367,10174,0,35,2,17,2,8.22249666576
23439,11367,11417,0,35,3,17,3,3.8617735469
23440,11367,11427,2,35,5,17,4,3.86516063482
23441,11367,11411,0,35,4,17,2,5.10990985762
23442,11367,11374,2,35,10,17,9,2.08632433204
23443,11367,10096,0,35,2,17,2,8.92852596981
23444,11367,10006,0,35,19,17,18,10.1794520366
23445,11367,10037,2,35,15,17,10,8.39214933692
23446,11367,11370,0,35,8,17,4,4.33285308348
23447,11367,10475,2,35,15,17,11,10.3462366201
23448,11367,11225,1,35,17,17,13,8.35624065236
23449,11367,10282,0,35,10,17,9,10.156415193
23450,11367,11426,2,35,12,17,5,5.27451595127
23451,11367,11378,2,35,18,17,7,4.27710397079
23452,11367,10107,0,35,1,17,1,8.85667418684
23453,11367,11251,0,35,4,17,3,8.68014539605
23454,11367,11436,2,35,6,17,3,3.97388982683
23455,11367,11360,2,35,10,17,5,4.18106469193
23456,11367,11356,0,35,2,17,2,4.09211892587
23457,11367,10474,1,35,8,17,7,6.78963241904
23458,11367,11697,0,35,1,17,1,12.4990727479
23459,11367,10172,0,35,2,17,2,8.24227140784
23460,11367,11691,0,35,4,17,3,9.44924103971
23461,11367,10470,1,35,6,17,4,12.046850036
23462,11367,11366,0,35,7,17,5,1.39790463293
23463,11367,10041,0,35,2,17,2,10.0601328691
23464,11367,10278,0,35,1,17,1,9.62211551639
23465,11367,10106,0,35,4,17,1,8.71789843972
23466,11367,11428,0,35,2,17,2,4.25110621511
23467,11367,10286,0,35,1,17,1,10.0472454932
23468,11367,10279,0,35,1,17,1,9.88207563625
23469,11367,10103,0,35,1,17,1,8.50516190622
23470,11367,10196,0,35,1,17,1,8.92852596981
23471,11367,10154,0,35,1,17,1,8.19095440063
23472,11367,10119,0,35,2,17,2,9.12748687507
23473,11367,10464,0,35,5,17,4,9.0218690446
23474,11367,10166,0,35,2,17,2,8.31911245482
23475,11367,10203,0,35,1,17,1,8.92852596981
23476,11367,11359,0,35,2,17,2,5.01163665504
23477,11367,10177,0,35,1,17,1,8.32285845422
23478,11367,11040,0,35,1,17,1,7.54414518289
23479,11367,11364,0,35,2,17,2,3.4616723605
23480,11367,11692,0,35,2,17,2,9.45922069063
23481,11367,11423,0,35,1,17,1,2.96382486095
23482,11367,11415,0,35,2,17,2,1.55990589577
23483,11367,10175,0,35,2,17,1,8.49671514975
23484,11106,10012,0,21,445,19,357,4.30168058651
23485,11106,11222,0,21,110,19,71,2.573097975
23486,11106,11231,0,21,65,19,44,6.8476207513
23487,11106,10019,0,21,637,19,440,2.85141290349
23488,11106,11102,0,21,35,19,30,0.733936379193
23489,11106,10003,0,21,493,19,400,3.6565711106
23490,11106,10020,0,21,143,19,116,2.5692573494
23491,11106,10018,0,21,339,19,256,3.28268417724
23492,11106,10001,0,21,670,19,468,3.50123198259
23493,11106,11365,0,21,21,19,9,7.48470974502
23494,11106,10007,1,21,1780,19,1042,5.14160952932
23495,11106,10022,0,21,228,19,164,1.89231006458
23496,11106,10013,0,21,745,19,406,4.8101431214
23497,11106,10472,0,21,23,19,8,5.76161507432
23498,11106,11226,1,21,195,19,123,8.15488342578
23499,11106,10027,0,21,141,19,83,3.70650543833
23500,11106,11210,0,21,34,19,20,9.28021006304
23501,11106,11693,0,21,6,19,6,12.8114432803
23502,11106,11432,0,21,49,19,36,7.97158116652
23503,11106,11103,0,21,35,19,26,1.0807242347
23504,11106,11237,0,21,64,19,53,4.09255408206
23505,11106,10010,0,21,218,19,181,3.09216653748
23506,11106,10014,0,21,397,19,286,4.30885787266
23507,11106,10009,0,21,135,19,91,3.45453743616
23508,11106,10036,0,21,826,19,656,3.08573606147
23509,11106,11216,0,21,60,19,49,5.69996137208
23510,11106,11418,0,21,15,19,11,6.7513558241
23511,11106,11109,0,21,5,19,5,8.27248901485
23512,11106,11371,0,21,71,19,65,3.03821788833
23513,11106,10460,0,21,42,19,22,6.07058262439
23514,11106,10048,0,21,86,19,65,5.46382680988
23515,11106,10128,0,21,51,19,40,1.69329813735
23516,11106,11375,0,21,44,19,27,5.32895475553
23517,11106,10023,0,21,210,19,134,2.86537326389
23518,11106,11211,0,21,352,19,256,3.64668807337
23519,11106,10011,0,21,437,19,352,3.88292762147
23520,11106,10025,0,21,143,19,65,3.1675641307
23521,11106,10032,0,21,65,19,28,5.45438564567
23522,11106,11232,0,21,125,19,24,8.28467125201
23523,11106,11377,0,21,46,19,33,1.96407744812
23524,11106,11361,0,21,19,19,11,8.2664573694
23525,11106,11206,0,21,90,19,63,4.16029948316
23526,11106,11430,0,21,187,19,143,10.4898254991
23527,11106,10021,0,21,62,19,45,1.58340563612
23528,11106,11201,0,21,234,19,176,5.50829508358
23529,11106,11238,0,21,109,19,64,5.88023300026
23530,11106,10016,0,21,162,19,110,2.65520505127
23531,11106,11218,0,21,26,19,19,8.43485147429
23532,11106,10301,0,21,45,19,32,12.4058574558
23533,11106,10452,0,21,54,19,34,5.31642991092
23534,11106,10314,0,21,51,19,30,15.5353102337
23535,11106,10461,0,21,50,19,20,7.42225408342
23536,11106,11101,0,21,193,19,96,1.21751066986
23537,11106,10029,0,21,50,19,38,2.1738278037
23538,11106,10467,0,21,33,19,22,8.27511352929
23539,11106,11208,0,21,43,19,13,6.89928603627
23540,11106,10024,0,21,101,19,71,2.92504026922
23541,11106,10005,0,21,65,19,41,5.5954774942
23542,11106,10030,0,21,39,19,26,3.92489476211
23543,11106,10002,0,21,258,19,186,4.25720948469
23544,11106,11385,0,21,56,19,31,4.54440419223
23545,11106,11220,0,21,38,19,23,9.42370643843
23546,11106,11215,0,21,123,19,95,7.11340214872
23547,11106,10038,0,21,174,19,85,5.2339383394
23548,11106,11217,0,21,92,19,71,6.02798060228
23549,11106,10462,0,21,104,19,58,6.72218694228
23550,11106,10040,0,21,80,19,27,6.67385919391
23551,11106,10457,0,21,28,19,16,6.09543944647
23552,11106,10017,0,21,277,19,161,2.24816989496
23553,11106,11433,0,21,18,19,12,8.812013161
23554,11106,10308,0,21,8,19,8,18.55663056
23555,11106,10468,0,21,52,19,30,7.4471149844
23556,11106,10111,0,21,15,19,13,2.43576172479
23557,11106,10309,0,21,23,19,15,21.8139873774
23558,11106,10034,0,21,68,19,33,7.3143554244
23559,11106,10028,0,21,89,19,53,1.56442801486
23560,11106,10035,0,21,65,19,32,2.78876929449
23561,11106,11228,0,21,10,19,8,10.8210440361
23562,11106,11105,0,21,25,19,19,1.50341987772
23563,11106,11355,0,21,26,19,18,5.94339635866
23564,11106,11209,0,21,49,19,28,10.8701484781
23565,11106,11213,0,21,35,19,20,6.28651867527
23566,11106,11369,0,21,12,19,8,3.19888176269
23567,11106,10031,0,21,64,19,45,4.52141844611
23568,11106,11221,0,21,120,19,61,4.89118562202
23569,11106,11212,0,21,12,19,10,6.95377445427
23570,11106,11233,0,21,74,19,34,5.90918217692
23571,11106,11368,0,21,62,19,41,3.97075205231
23572,11106,11205,0,21,37,19,31,5.00375811688
23573,11106,10069,0,21,14,19,8,3.23317918703
23574,11106,11203,0,21,39,19,8,7.79443757606
23575,11106,10459,0,21,16,19,8,4.81291081995
23576,11106,11219,0,21,6,19,4,9.56630450943
23577,11106,11434,0,21,32,19,16,10.27731269
23578,11106,11230,0,21,11,19,5,9.74598175219
23579,11106,11373,0,21,53,19,27,3.32631967213
23580,11106,11362,0,21,8,19,5,10.4029546256
23581,11106,10305,0,21,11,19,8,13.5410219051
23582,11106,11104,0,21,8,19,6,1.40538897709
23583,11106,10004,0,21,168,19,99,7.20650948837
23584,11106,10275,0,21,13,19,7,2.72442446974
23585,11106,10118,0,21,4,19,3,3.0222885038
23586,11106,10026,0,21,57,19,43,3.07048009344
23587,11106,11235,0,21,19,19,14,12.3360038594
23588,11106,10469,0,21,44,19,12,8.57826992705
23589,11106,10281,0,21,31,19,24,5.46668770043
23590,11106,11223,0,21,10,19,7,11.5088628349
23591,11106,11379,0,21,33,19,13,4.19282415477
23592,11106,10465,0,21,37,19,16,7.41882318524
23593,11106,10455,0,21,20,19,11,3.89938043051
23594,11106,10466,0,21,16,19,11,9.93751183701
23595,11106,11239,0,21,4,19,2,8.47267487983
23596,11106,11207,0,21,86,19,31,6.58550513491
23597,11106,11367,0,21,35,19,17,6.21676411266
23598,11106,11106,19,21,21,19,19,0.0
23599,11106,10471,0,21,19,19,15,9.68996674156
23600,11106,11234,0,21,50,19,15,9.91196906629
23601,11106,10167,0,21,11,19,4,2.33411583239
23602,11106,10453,0,21,21,19,16,6.36091260017
23603,11106,10451,0,21,20,19,12,4.01158740881
23604,11106,10033,0,21,86,19,31,5.98897596863
23605,11106,11354,0,21,38,19,25,5.60308390997
23606,11106,10463,0,21,36,19,16,8.31212846428
23607,11106,10169,0,21,4,19,4,2.39691197016
23608,11106,10456,0,21,21,19,12,4.82112708527
23609,11106,11420,0,21,8,19,7,8.68137169518
23610,11106,10153,0,21,6,19,5,2.16542050893
23611,11106,10307,0,21,6,19,3,24.0043964834
23612,11106,10306,0,21,17,19,8,16.5090743916
23613,11106,10165,0,21,2,19,2,2.57636381953
23614,11106,10303,0,21,11,19,7,15.19048167
23615,11106,11224,0,21,22,19,13,13.1802831867
23616,11106,10304,0,21,8,19,5,13.5051534425
23617,11106,10458,0,21,34,19,31,7.39527644635
23618,11106,11414,0,21,13,19,7,8.53235126546
23619,11106,11204,0,21,9,19,8,10.2606625512
23620,11106,11372,0,21,16,19,11,2.60550017689
23621,11106,11357,0,21,9,19,6,6.59728693265
23622,11106,10044,0,21,9,19,8,0.928727986167
23623,11106,11229,0,21,27,19,14,11.2420452397
23624,11106,11236,0,21,15,19,9,8.5093485928
23625,11106,10302,0,21,5,19,5,14.0800122378
23626,11106,11422,0,21,11,19,8,12.3845898707
23627,11106,10312,0,21,4,19,2,19.8406704956
23628,11106,10310,0,21,27,19,6,13.1814802206
23629,11106,11429,0,21,8,19,6,10.7466162246
23630,11106,10152,0,21,2,19,2,2.1514377087
23631,11106,11214,0,21,10,19,6,11.7498852925
23632,11106,11435,0,21,41,19,23,7.68231052293
23633,11106,10039,0,21,8,19,7,4.4377005286
23634,11106,10121,0,21,1,19,1,3.28321574682
23635,11106,11413,0,21,14,19,7,11.3824958157
23636,11106,10473,0,21,14,19,9,5.44735568767
23637,11106,10454,0,21,19,19,10,3.13599136887
23638,11106,11416,0,21,5,19,5,6.90337405322
23639,11106,10280,0,21,5,19,3,5.89054271012
23640,11106,11694,0,21,5,19,4,13.5452008456
23641,11106,11358,0,21,6,19,4,7.10220025941
23642,11106,11421,0,21,4,19,4,6.23374917527
23643,11106,11412,0,21,4,19,4,10.0754729764
23644,11106,10174,0,21,2,19,2,2.40124440279
23645,11106,11417,0,21,3,19,3,7.50540223
23646,11106,11427,0,21,5,19,4,9.91576626372
23647,11106,11411,0,21,4,19,2,11.3089127001
23648,11106,11374,0,21,10,19,9,4.50096034199
23649,11106,10096,0,21,2,19,2,2.72442446974
23650,11106,10006,0,21,19,19,18,5.69575913574
23651,11106,10037,0,21,15,19,10,3.55342247812
23652,11106,11370,0,21,8,19,4,2.14961253065
23653,11106,10475,0,21,15,19,11,9.77477125503
23654,11106,11225,0,21,17,19,13,6.9510327953
23655,11106,10282,0,21,10,19,9,5.33693406857
23656,11106,11426,0,21,12,19,5,11.2304521167
23657,11106,11378,0,21,18,19,7,3.02047159665
23658,11106,10107,0,21,1,19,1,2.7064689578
23659,11106,11251,0,21,4,19,3,8.09862185916
23660,11106,11436,0,21,6,19,3,9.31113899002
23661,11106,11360,0,21,10,19,5,8.04396947636
23662,11106,11356,0,21,2,19,2,4.88224189453
23663,11106,10474,0,21,8,19,7,4.21743400851
23664,11106,11697,0,21,1,19,1,13.9779920834
23665,11106,10172,0,21,2,19,2,2.30057348287
23666,11106,11691,0,21,4,19,3,14.3678452524
23667,11106,10470,0,21,6,19,4,10.2587166802
23668,11106,11366,0,21,7,19,5,7.57681133818
23669,11106,10041,0,21,2,19,2,5.79547459242
23670,11106,10278,0,21,1,19,1,4.96730825843
23671,11106,10106,0,21,4,19,1,2.57878612176
23672,11106,11428,0,21,2,19,2,10.3951017952
23673,11106,10286,0,21,1,19,1,5.35615436317
23674,11106,10279,0,21,1,19,1,5.27107507661
23675,11106,10103,0,21,1,19,1,2.43460583991
23676,11106,10196,0,21,1,19,1,2.72442446974
23677,11106,10154,0,21,1,19,1,2.17947379157
23678,11106,10119,0,21,2,19,2,3.31395442969
23679,11106,10464,0,21,5,19,4,9.93722410051
23680,11106,10166,0,21,2,19,2,2.40413029243
23681,11106,10203,0,21,1,19,1,2.72442446974
23682,11106,11359,0,21,2,19,2,8.39137600293
23683,11106,10177,0,21,1,19,1,2.38595514215
23684,11106,11040,0,21,1,19,1,13.3162583785
23685,11106,11364,0,21,2,19,2,9.06231253217
23686,11106,11692,0,21,2,19,2,13.6744309589
23687,11106,11423,0,21,1,19,1,9.17898524954
23688,11106,11415,0,21,2,19,2,6.55573463346
23689,11106,10175,0,21,2,19,1,2.59010431937
23690,10471,10012,3,19,445,15,357,13.0507802714
23691,10471,11222,1,19,110,15,71,12.2430607247
23692,10471,11231,2,19,65,15,44,16.177090499
23693,10471,10019,2,19,637,15,440,10.2685041831
23694,10471,11102,2,19,35,15,30,9.00672715324
23695,10471,10003,1,19,493,15,400,12.4560764857
23696,10471,10020,0,19,143,15,116,10.602236902
23697,10471,10018,2,19,339,15,256,11.1044264369
23698,10471,10001,3,19,670,15,468,11.4471598815
23699,10471,11365,2,19,21,15,9,12.601494954
23700,10471,10007,5,19,1780,15,1042,13.9437209051
23701,10471,10022,2,19,228,15,164,10.341459089
23702,10471,10013,0,19,745,15,406,13.5282771005
23703,10471,10472,2,19,23,15,8,5.19338784023
23704,10471,11226,3,19,195,15,123,17.8448178408
23705,10471,10027,2,19,141,15,83,6.65496311462
23706,10471,11210,3,19,34,15,20,18.9578236173
23707,10471,11693,0,19,6,15,6,21.4221720484
23708,10471,11432,0,19,49,15,36,14.1183451485
23709,10471,11103,2,19,35,15,26,9.52021572171
23710,10471,11237,2,19,64,15,53,13.6529797491
23711,10471,10010,2,19,218,15,181,11.900242537
23712,10471,10014,3,19,397,15,286,12.6441664467
23713,10471,10009,0,19,135,15,91,12.6188413801
23714,10471,10036,2,19,826,15,656,10.7581096764
23715,10471,11216,2,19,60,15,49,15.3899085754
23716,10471,11418,0,19,15,15,11,14.4337618994
23717,10471,11109,0,19,5,15,5,17.2973920519
23718,10471,11371,2,19,71,15,65,9.00766742743
23719,10471,10460,2,19,42,15,22,4.30491170927
23720,10471,10048,0,19,86,15,65,14.2178145392
23721,10471,10128,2,19,51,15,40,8.56672137332
23722,10471,11375,2,19,44,15,27,12.8021252984
23723,10471,10023,2,19,210,15,134,9.55885359316
23724,10471,11211,3,19,352,15,256,13.2925286989
23725,10471,10011,2,19,437,15,352,12.1354416981
23726,10471,10025,0,19,143,15,65,7.83065414156
23727,10471,10032,2,19,65,15,28,4.60373510233
23728,10471,11232,2,19,125,15,24,17.7350731857
23729,10471,11377,2,19,46,15,33,10.8991237097
23730,10471,11361,2,19,19,15,11,11.6752491629
23731,10471,11206,0,19,90,15,63,13.8501876335
23732,10471,11430,2,19,187,15,143,18.1735856538
23733,10471,10021,2,19,62,15,45,9.61170593739
23734,10471,11201,2,19,234,15,176,14.8758363189
23735,10471,11238,0,19,109,15,64,15.5394502438
23736,10471,10016,2,19,162,15,110,11.3559589183
23737,10471,11218,2,19,26,15,19,18.0873305039
23738,10471,10301,2,19,45,15,32,21.0927634524
23739,10471,10452,3,19,54,15,34,4.39593261226
23740,10471,10314,2,19,51,15,30,23.9521299668
23741,10471,10461,1,19,50,15,20,5.25890144637
23742,10471,11101,3,19,193,15,96,10.8896221789
23743,10471,10029,2,19,50,15,38,7.85635290169
23744,10471,10467,2,19,33,15,22,2.65918507407
23745,10471,11208,0,19,43,15,13,15.8269510365
23746,10471,10024,0,19,101,15,71,8.78828104154
23747,10471,10005,2,19,65,15,41,14.5278463421
23748,10471,10030,1,19,39,15,26,6.07789287837
23749,10471,10002,0,19,258,15,186,13.4162956479
23750,10471,11385,1,19,56,15,31,13.6567647813
23751,10471,11220,2,19,38,15,23,18.84231833
23752,10471,11215,2,19,123,15,95,16.6655220731
23753,10471,10038,2,19,174,15,85,14.1969100809
23754,10471,11217,0,19,92,15,71,15.5886594553
23755,10471,10462,2,19,104,15,58,4.67929459843
23756,10471,10040,2,19,80,15,27,3.18875219564
23757,10471,10457,2,19,28,15,16,3.74000553647
23758,10471,10017,3,19,277,15,161,10.874194423
23759,10471,11433,2,19,18,15,12,15.3552008326
23760,10471,10308,0,19,8,15,8,27.3916434727
23761,10471,10468,2,19,52,15,30,2.33719819537
23762,10471,10111,0,19,15,15,13,10.5169712511
23763,10471,10309,2,19,23,15,15,30.3277552035
23764,10471,10034,1,19,68,15,33,2.44685234848
23765,10471,10028,2,19,89,15,53,8.96118825927
23766,10471,10035,2,19,65,15,32,6.97259136118
23767,10471,11228,1,19,10,15,8,20.3533954083
23768,10471,11105,0,19,25,15,19,8.70711999175
23769,10471,11355,2,19,26,15,18,11.3355108402
23770,10471,11209,2,19,49,15,28,20.2610415499
23771,10471,11213,0,19,35,15,20,15.9463275983
23772,10471,11369,2,19,12,15,8,9.67555663036
23773,10471,10031,1,19,64,15,45,5.66994977082
23774,10471,11221,0,19,120,15,61,14.5118186917
23775,10471,11212,0,19,12,15,10,16.4741037114
23776,10471,11233,0,19,74,15,34,15.4688091739
23777,10471,11368,2,19,62,15,41,10.8668930486
23778,10471,11205,0,19,37,15,31,14.6203471281
23779,10471,10069,0,19,14,15,8,9.77797514786
23780,10471,11203,0,19,39,15,8,17.4413066427
23781,10471,10459,1,19,16,15,8,5.22938084477
23782,10471,11219,0,19,6,15,4,19.1478682964
23783,10471,11434,2,19,32,15,16,17.0318619971
23784,10471,11230,0,19,11,15,5,19.4343054674
23785,10471,11373,2,19,53,15,27,11.4457457397
23786,10471,11362,1,19,8,15,5,13.2086238732
23787,10471,10305,0,19,11,15,8,22.687569027
23788,10471,11104,0,19,8,15,6,10.8676400677
23789,10471,10004,2,19,168,15,99,15.6731657086
23790,10471,10275,0,19,13,15,7,9.14140768028
23791,10471,10118,0,19,4,15,3,11.3436007683
23792,10471,10026,0,19,57,15,43,7.27365964793
23793,10471,11235,1,19,19,15,14,22.011921497
23794,10471,10469,0,19,44,15,12,3.68340223245
23795,10471,10281,0,19,31,15,24,14.1141170394
23796,10471,11223,0,19,10,15,7,21.1954638102
23797,10471,11379,2,19,33,15,13,12.8142821311
23798,10471,10465,2,19,37,15,16,6.86465835063
23799,10471,10455,0,19,20,15,11,5.88747293966
23800,10471,10466,0,19,16,15,11,3.03323480993
23801,10471,11239,0,19,4,15,2,17.6398010215
23802,10471,11207,2,19,86,15,31,15.8743074517
23803,10471,11367,3,19,35,15,17,12.6368068262
23804,10471,11106,0,19,21,15,19,9.68996674156
23805,10471,10471,15,19,19,15,15,0.0
23806,10471,11234,0,19,50,15,15,19.4998126481
23807,10471,10167,0,19,11,15,4,10.7458614196
23808,10471,10453,1,19,21,15,16,3.32965071232
23809,10471,10451,2,19,20,15,12,5.6818299907
23810,10471,10033,2,19,86,15,31,3.95259703857
23811,10471,11354,2,19,38,15,25,10.0482433772
23812,10471,10463,2,19,36,15,16,1.3778394547
23813,10471,10169,0,19,4,15,4,10.7920484905
23814,10471,10456,2,19,21,15,12,4.91639338757
23815,10471,11420,0,19,8,15,7,16.3900590942
23816,10471,10153,0,19,6,15,5,10.1305103266
23817,10471,10307,0,19,6,15,3,32.4528763718
23818,10471,10306,0,19,17,15,8,25.4875048995
23819,10471,10165,0,19,2,15,2,10.9810873302
23820,10471,10303,2,19,11,15,7,23.1336407854
23821,10471,11224,0,19,22,15,13,22.8471273115
23822,10471,10304,0,19,8,15,5,22.4571666494
23823,10471,10458,2,19,34,15,31,2.64317963576
23824,10471,11414,2,19,13,15,7,17.0380354744
23825,10471,11204,0,19,9,15,8,19.9119843986
23826,10471,11372,1,19,16,15,11,10.4452725564
23827,10471,11357,0,19,9,15,6,9.42708120758
23828,10471,10044,0,19,9,15,8,9.8622969204
23829,10471,11229,2,19,27,15,14,20.902542796
23830,10471,11236,1,19,15,15,9,17.9609166947
23831,10471,10302,2,19,5,15,5,22.2848366854
23832,10471,11422,0,19,11,15,8,18.6627036286
23833,10471,10312,0,19,4,15,2,28.536534427
23834,10471,10310,0,19,27,15,6,21.6221765878
23835,10471,11429,1,19,8,15,6,15.8063688997
23836,10471,10152,0,19,2,15,2,10.4537505253
23837,10471,11214,0,19,10,15,6,21.3865875984
23838,10471,11435,2,19,41,15,23,14.6964411541
23839,10471,10039,2,19,8,15,7,5.44331548887
23840,10471,10121,0,19,1,15,1,11.4150989818
23841,10471,11413,2,19,14,15,7,17.803888576
23842,10471,10473,2,19,14,15,9,6.14005486717
23843,10471,10454,2,19,19,15,10,6.57941615212
23844,10471,11416,2,19,5,15,5,15.2662504769
23845,10471,10280,0,19,5,15,3,14.6268243702
23846,10471,11694,0,19,5,15,4,22.57349089
23847,10471,11358,0,19,6,15,4,11.1972962242
23848,10471,11421,1,19,4,15,4,14.6797031706
23849,10471,11412,0,19,4,15,4,15.951373052
23850,10471,10174,0,19,2,15,2,10.9572749644
23851,10471,11417,0,19,3,15,3,15.8473856929
23852,10471,11427,2,19,5,15,4,14.4363280198
23853,10471,11411,0,19,4,15,2,16.7910742831
23854,10471,11374,2,19,10,15,9,12.3394221655
23855,10471,10096,0,19,2,15,2,9.14140768028
23856,10471,10006,0,19,19,15,18,14.5065267058
23857,10471,10037,2,19,15,15,10,6.27167858072
23858,10471,11370,0,19,8,15,4,9.53317576124
23859,10471,10475,2,19,15,15,11,4.36768052619
23860,10471,11225,1,19,17,15,13,16.6394537394
23861,10471,10282,0,19,10,15,9,13.9412221689
23862,10471,11426,2,19,12,15,5,15.0579342415
23863,10471,11378,2,19,18,15,7,12.194561397
23864,10471,10107,0,19,1,15,1,10.1612655855
23865,10471,11251,0,19,4,15,3,17.7796261353
23866,10471,11436,2,19,6,15,3,16.610320578
23867,10471,11360,2,19,10,15,5,10.5306322375
23868,10471,11356,0,19,2,15,2,8.5548864503
23869,10471,10474,1,19,8,15,7,6.1026377176
23870,10471,11697,0,19,1,15,1,23.5075620338
23871,10471,10172,0,19,2,15,2,10.6962133945
23872,10471,11691,0,19,4,15,3,22.085990939
23873,10471,10470,1,19,6,15,4,2.23832334602
23874,10471,11366,0,19,7,15,5,13.3273058788
23875,10471,10041,0,19,2,15,2,14.747994455
23876,10471,10278,0,19,1,15,1,13.8162175303
23877,10471,10106,0,19,4,15,1,10.1879057402
23878,10471,11428,0,19,2,15,2,15.1006025474
23879,10471,10286,0,19,1,15,1,14.0743757313
23880,10471,10279,0,19,1,15,1,14.0790803974
23881,10471,10103,0,19,1,15,1,10.4113136856
23882,10471,10196,0,19,1,15,1,9.14140768028
23883,10471,10154,0,19,1,15,1,10.5021920378
23884,10471,10119,0,19,2,15,2,11.3620122663
23885,10471,10464,0,19,5,15,4,6.71273826716
23886,10471,10166,0,19,2,15,2,10.7870777834
23887,10471,10203,0,19,1,15,1,9.14140768028
23888,10471,11359,0,19,2,15,2,9.98519212409
23889,10471,10177,0,19,1,15,1,10.7356658199
23890,10471,11040,0,19,1,15,1,16.0392583655
23891,10471,11364,0,19,2,15,2,13.0259712043
23892,10471,11692,0,19,2,15,2,21.9847260357
23893,10471,11423,0,19,1,15,1,14.6965609829
23894,10471,11415,0,19,2,15,2,13.9282725028
23895,10471,10175,0,19,2,15,1,10.8725015266
23896,11234,10012,1,50,445,15,357,8.43643628551
23897,11234,11222,1,50,110,15,71,7.54039971429
23898,11234,11231,0,50,65,15,44,5.94748031047
23899,11234,10019,2,50,637,15,440,10.6957755005
23900,11234,11102,1,50,35,15,30,10.53952976
23901,11234,10003,2,50,493,15,400,8.63069159022
23902,11234,10020,1,50,143,15,116,10.1463720191
23903,11234,10018,1,50,339,15,256,10.1477263431
23904,11234,10001,2,50,670,15,468,9.93373746016
23905,11234,11365,1,50,21,15,9,10.7392682264
23906,11234,10007,2,50,1780,15,1042,8.01804031651
23907,11234,10022,1,50,228,15,164,9.98468397185
23908,11234,10013,0,50,745,15,406,8.30408760203
23909,11234,10472,0,50,23,15,8,14.8819196291
23910,11234,11226,2,50,195,15,123,2.56405570848
23911,11234,10027,0,50,141,15,83,13.5078621791
23912,11234,11210,2,50,34,15,20,1.41454623477
23913,11234,11693,0,50,6,15,6,5.55809347014
23914,11234,11432,2,50,49,15,36,9.43315609095
23915,11234,11103,0,50,35,15,26,9.98017621966
23916,11234,11237,0,50,64,15,53,5.85158228539
23917,11234,10010,0,50,218,15,181,8.89798216302
23918,11234,10014,1,50,397,15,286,9.1424552789
23919,11234,10009,0,50,135,15,91,8.0662158413
23920,11234,10036,1,50,826,15,656,10.3716261434
23921,11234,11216,0,50,60,15,49,4.49067507425
23922,11234,11418,0,50,15,15,11,7.19535526543
23923,11234,11109,0,50,5,15,5,3.50205756417
23924,11234,11371,0,50,71,15,65,10.8705659588
23925,11234,10460,1,50,42,15,22,15.4973268377
23926,11234,10048,0,50,86,15,65,8.02136444764
23927,11234,10128,2,50,51,15,40,11.3712797896
23928,11234,11375,2,50,44,15,27,8.08470804185
23929,11234,10023,2,50,210,15,134,11.3363921555
23930,11234,11211,0,50,352,15,256,6.67804761174
23931,11234,10011,1,50,437,15,352,9.40239884624
23932,11234,10025,3,50,143,15,65,12.6542236735
23933,11234,10032,1,50,65,15,28,15.3628679057
23934,11234,11232,1,50,125,15,24,5.03586557618
23935,11234,11377,0,50,46,15,33,8.62846990398
23936,11234,11361,0,50,19,15,11,12.6388372251
23937,11234,11206,0,50,90,15,63,5.88858111591
23938,11234,11430,0,50,187,15,143,6.97737011428
23939,11234,10021,0,50,62,15,45,10.5399619049
23940,11234,11201,2,50,234,15,176,6.37170042331
23941,11234,11238,0,50,109,15,64,4.76377137306
23942,11234,10016,2,50,162,15,110,9.28412362099
23943,11234,11218,1,50,26,15,19,3.37335996358
23944,11234,10301,0,50,45,15,32,9.12627961754
23945,11234,10452,1,50,54,15,34,15.1932834593
23946,11234,10314,3,50,51,15,30,11.7843667544
23947,11234,10461,0,50,50,15,20,16.0883332332
23948,11234,11101,2,50,193,15,96,8.79606106013
23949,11234,10029,1,50,50,15,38,12.0062602707
23950,11234,10467,2,50,33,15,22,17.7195324256
23951,11234,11208,0,50,43,15,13,4.53901533343
23952,11234,10024,0,50,101,15,71,11.9413474338
23953,11234,10005,0,50,65,15,41,7.57010279364
23954,11234,10030,0,50,39,15,26,13.820127634
23955,11234,10002,0,50,258,15,186,7.61460729723
23956,11234,11385,0,50,56,15,31,6.02370328041
23957,11234,11220,0,50,38,15,23,5.19459019665
23958,11234,11215,2,50,123,15,95,4.76680416949
23959,11234,10038,1,50,174,15,85,7.62330849709
23960,11234,11217,1,50,92,15,71,5.28665889244
23961,11234,10462,2,50,104,15,58,15.7799607175
23962,11234,10040,0,50,80,15,27,16.5744736512
23963,11234,10457,1,50,28,15,16,15.7914396669
23964,11234,10017,0,50,277,15,161,9.5956281925
23965,11234,11433,0,50,18,15,12,8.87277097134
23966,11234,10308,0,50,8,15,8,12.9271311401
23967,11234,10468,0,50,52,15,30,17.1907109887
23968,11234,10111,0,50,15,15,13,10.1449297228
23969,11234,10309,1,50,23,15,15,16.5130552864
23970,11234,10034,0,50,68,15,33,17.188204715
23971,11234,10028,0,50,89,15,53,11.0498485248
23972,11234,10035,1,50,65,15,32,12.7005680689
23973,11234,11228,0,50,10,15,8,4.73688842065
23974,11234,11105,1,50,25,15,19,10.796045015
23975,11234,11355,0,50,26,15,18,10.5071174524
23976,11234,11209,1,50,49,15,28,5.68241567884
23977,11234,11213,0,50,35,15,20,3.67794349655
23978,11234,11369,0,50,12,15,8,10.3117668443
23979,11234,10031,0,50,64,15,45,14.3985803106
23980,11234,11221,0,50,120,15,61,5.02081151664
23981,11234,11212,1,50,12,15,10,3.04212761862
23982,11234,11233,0,50,74,15,34,4.03122479979
23983,11234,11368,0,50,62,15,41,9.47113785405
23984,11234,11205,0,50,37,15,31,5.70275238197
23985,11234,10069,0,50,14,15,8,11.416160583
23986,11234,11203,1,50,39,15,8,2.18864221164
23987,11234,10459,0,50,16,15,8,14.3518582086
23988,11234,11219,0,50,6,15,4,4.04198892195
23989,11234,11434,1,50,32,15,16,8.73778494964
23990,11234,11230,0,50,11,15,5,2.26424531348
23991,11234,11373,1,50,53,15,27,8.4254593666
23992,11234,11362,0,50,8,15,5,13.8826247839
23993,11234,10305,0,50,11,15,8,8.18030896025
23994,11234,11104,1,50,8,15,6,8.64216038352
23995,11234,10004,1,50,168,15,99,8.39433760248
23996,11234,10275,0,50,13,15,7,11.5658415366
23997,11234,10118,0,50,4,15,3,9.62378496793
23998,11234,10026,0,50,57,15,43,12.8348458158
23999,11234,11235,1,50,19,15,14,2.83071048437
24000,11234,10469,0,50,44,15,12,17.6908113468
24001,11234,10281,0,50,31,15,24,8.24714481339
24002,11234,11223,1,50,10,15,7,3.01509664195
24003,11234,11379,1,50,33,15,13,7.08392629935
24004,11234,10465,2,50,37,15,16,15.3036152492
24005,11234,10455,1,50,20,15,11,13.6128631723
24006,11234,10466,0,50,16,15,11,19.1986678712
24007,11234,11239,1,50,4,15,2,2.91812892166
24008,11234,11207,0,50,86,15,31,3.88556415197
24009,11234,11367,0,50,35,15,17,9.23850650705
24010,11234,11106,0,50,21,15,19,9.91196906629
24011,11234,10471,0,50,19,15,15,19.4998126481
24012,11234,11234,15,50,50,15,15,0.0
24013,11234,10167,0,50,11,15,4,9.81362796713
24014,11234,10453,0,50,21,15,16,16.1856745674
24015,11234,10451,1,50,20,15,12,13.8811090601
24016,11234,10033,2,50,86,15,31,15.9000545669
24017,11234,11354,0,50,38,15,25,11.4911527245
24018,11234,10463,2,50,36,15,16,18.1300591305
24019,11234,10169,0,50,4,15,4,9.80410034402
24020,11234,10456,0,50,21,15,12,14.583514592
24021,11234,11420,0,50,8,15,7,6.77558705826
24022,11234,10153,0,50,6,15,5,10.3708020977
24023,11234,10307,0,50,6,15,3,18.5878033818
24024,11234,10306,0,50,17,15,8,10.8656900005
24025,11234,10165,0,50,2,15,2,9.71021061875
24026,11234,10303,0,50,11,15,7,12.6818321392
24027,11234,11224,0,50,22,15,13,4.68923450071
24028,11234,10304,0,50,8,15,5,8.88103424104
24029,11234,10458,0,50,34,15,31,17.0345329043
24030,11234,11414,0,50,13,15,7,4.94518491253
24031,11234,11204,1,50,9,15,8,3.31943346865
24032,11234,11372,1,50,16,15,11,9.28827545449
24033,11234,11357,0,50,9,15,6,12.8786574323
24034,11234,10044,0,50,9,15,8,10.0148234579
24035,11234,11229,1,50,27,15,14,1.68362131374
24036,11234,11236,0,50,15,15,9,1.78626335051
24037,11234,10302,1,50,5,15,5,11.3655482658
24038,11234,11422,1,50,11,15,8,10.2597513973
24039,11234,10312,0,50,4,15,2,14.3741950304
24040,11234,10310,0,50,27,15,6,10.2374801061
24041,11234,11429,0,50,8,15,6,11.4378396418
24042,11234,10152,0,50,2,15,2,10.0229493581
24043,11234,11214,0,50,10,15,6,4.14435375775
24044,11234,11435,1,50,41,15,23,8.13061641443
24045,11234,10039,0,50,8,15,7,14.3493619606
24046,11234,10121,0,50,1,15,1,9.7692626753
24047,11234,11413,0,50,14,15,7,9.6270192236
24048,11234,10473,0,50,14,15,9,14.1841078074
24049,11234,10454,0,50,19,15,10,12.934520436
24050,11234,11416,0,50,5,15,5,5.83063138565
24051,11234,10280,0,50,5,15,3,7.94889266296
24052,11234,11694,1,50,5,15,4,4.8719131162
24053,11234,11358,0,50,6,15,4,11.8063751222
24054,11234,11421,0,50,4,15,4,5.99724212875
24055,11234,11412,0,50,4,15,4,10.1000549284
24056,11234,10174,0,50,2,15,2,9.60506845089
24057,11234,11417,1,50,3,15,3,5.63594251417
24058,11234,11427,0,50,5,15,4,11.8584465668
24059,11234,11411,0,50,4,15,2,11.0525347683
24060,11234,11374,1,50,10,15,9,8.00347288006
24061,11234,10096,0,50,2,15,2,11.5658415366
24062,11234,10006,0,50,19,15,18,7.82827704995
24063,11234,10037,0,50,15,15,10,13.4650193504
24064,11234,11370,1,50,8,15,4,10.1003990115
24065,11234,10475,1,50,15,15,11,18.6347034759
24066,11234,11225,0,50,17,15,13,3.52924008215
24067,11234,10282,0,50,10,15,9,8.36915795569
24068,11234,11426,0,50,12,15,5,13.1338893881
24069,11234,11378,1,50,18,15,7,7.34941669927
24070,11234,10107,0,50,1,15,1,10.6963796062
24071,11234,11251,0,50,4,15,3,2.20691087454
24072,11234,11436,0,50,6,15,3,7.59508696297
24073,11234,11360,0,50,10,15,5,13.4143257466
24074,11234,11356,0,50,2,15,2,12.2222087836
24075,11234,10474,0,50,8,15,7,13.5496793286
24076,11234,11697,0,50,1,15,1,4.08415110251
24077,11234,10172,0,50,2,15,2,9.84828701917
24078,11234,11691,0,50,4,15,3,8.61352707746
24079,11234,10470,0,50,6,15,4,19.72386151
24080,11234,11366,1,50,7,15,5,9.96616934208
24081,11234,10041,0,50,2,15,2,7.45666531467
24082,11234,10278,0,50,1,15,1,7.97918211663
24083,11234,10106,0,50,4,15,1,10.5826074023
24084,11234,11428,0,50,2,15,2,11.7787805664
24085,11234,10286,0,50,1,15,1,8.12935742556
24086,11234,10279,0,50,1,15,1,7.96248684912
24087,11234,10103,0,50,1,15,1,10.2574041194
24088,11234,10196,0,50,1,15,1,11.5658415366
24089,11234,10154,0,50,1,15,1,9.98756038589
24090,11234,10119,0,50,2,15,2,9.8647778709
24091,11234,10464,0,50,5,15,4,17.8647879741
24092,11234,10166,0,50,2,15,2,9.81527760941
24093,11234,10203,0,50,1,15,1,11.5658415366
24094,11234,11359,0,50,2,15,2,14.2270812824
24095,11234,10177,0,50,1,15,1,9.86278027171
24096,11234,11040,0,50,1,15,1,15.3650754436
24097,11234,11364,0,50,2,15,2,12.2601608472
24098,11234,11692,0,50,2,15,2,6.85400131022
24099,11234,11423,0,50,1,15,1,10.4179717144
24100,11234,11415,0,50,2,15,2,7.77565279782
24101,11234,10175,0,50,2,15,1,9.85255113851
24102,10167,10012,0,11,445,4,357,2.34185232136
24103,10167,11222,0,11,110,4,71,2.50162832736
24104,10167,11231,0,11,65,4,44,5.4446781291
24105,10167,10019,1,11,637,4,440,0.934328962207
24106,10167,11102,0,11,35,4,30,2.87353425045
24107,10167,10003,0,11,493,4,400,1.71760653557
24108,10167,10020,0,11,143,4,116,0.382074749723
24109,10167,10018,1,11,339,4,256,0.96668042033
24110,10167,10001,2,11,670,4,468,1.16753019677
24111,10167,11365,0,11,21,4,9,9.65859150556
24112,10167,10007,4,11,1780,4,1042,3.24445757604
24113,10167,10022,2,11,228,4,164,0.492344570723
24114,10167,10013,1,11,745,4,406,2.84579596989
24115,10167,10472,0,11,23,4,8,7.63996417728
24116,10167,11226,0,11,195,4,123,7.63149589582
24117,10167,10027,0,11,141,4,83,4.12368897751
24118,10167,11210,0,11,34,4,20,8.89282496319
24119,10167,11693,0,11,6,4,6,13.6075371092
24120,10167,11432,0,11,49,4,36,9.94289380137
24121,10167,11103,0,11,35,4,26,3.40636415707
24122,10167,11237,0,11,64,4,53,4.57963638999
24123,10167,10010,0,11,218,4,181,1.15476540307
24124,10167,10014,0,11,397,4,286,2.11479411891
24125,10167,10009,0,11,135,4,91,1.92589483247
24126,10167,10036,2,11,826,4,656,0.861598007402
24127,10167,11216,0,11,60,4,49,5.32611249675
24128,10167,11418,0,11,15,4,11,8.37569346574
24129,10167,11109,0,11,5,4,5,8.99516370748
24130,10167,11371,0,11,71,4,65,5.37211743298
24131,10167,10460,0,11,42,4,22,7.7389265473
24132,10167,10048,0,11,86,4,65,3.54253024618
24133,10167,10128,0,11,51,4,40,2.26703037067
24134,10167,11375,1,11,44,4,27,7.17948673905
24135,10167,10023,0,11,210,4,134,1.52289885832
24136,10167,11211,0,11,352,4,256,3.1446579373
24137,10167,10011,0,11,437,4,352,1.63034587627
24138,10167,10025,0,11,143,4,65,3.03259143822
24139,10167,10032,0,11,65,4,28,6.17584960441
24140,10167,11232,0,11,125,4,24,7.0278719707
24141,10167,11377,0,11,46,4,33,3.8258927858
24142,10167,11361,0,11,19,4,11,10.5634591128
24143,10167,11206,0,11,90,4,63,3.99555294942
24144,10167,11430,0,11,187,4,143,11.8521304696
24145,10167,10021,0,11,62,4,45,1.20582362966
24146,10167,11201,0,11,234,4,176,4.17717957859
24147,10167,11238,0,11,109,4,64,5.19645489868
24148,10167,10016,1,11,162,4,110,0.614890949628
24149,10167,11218,0,11,26,4,19,7.61180229213
24150,10167,10301,0,11,45,4,32,10.5565460396
24151,10167,10452,0,11,54,4,34,6.41205438709
24152,10167,10314,0,11,51,4,30,13.5996144645
24153,10167,10461,0,11,50,4,20,9.39933868422
24154,10167,11101,0,11,193,4,96,1.99417054676
24155,10167,10029,0,11,50,4,38,2.96104930408
24156,10167,10467,0,11,33,4,22,9.81160592091
24157,10167,11208,0,11,43,4,13,7.8175668264
24158,10167,10024,0,11,101,4,71,2.17821282591
24159,10167,10005,0,11,65,4,41,3.8046146105
24160,10167,10030,0,11,39,4,26,4.66807681019
24161,10167,10002,0,11,258,4,186,2.68535799651
24162,10167,11385,0,11,56,4,31,5.59870304948
24163,10167,11220,0,11,38,4,23,8.11449337758
24164,10167,11215,0,11,123,4,95,6.05350445034
24165,10167,10038,0,11,174,4,85,3.46274492071
24166,10167,11217,0,11,92,4,71,5.02371280907
24167,10167,10462,0,11,104,4,58,8.57373778517
24168,10167,10040,0,11,80,4,27,7.56752197204
24169,10167,10457,0,11,28,4,16,7.49815945329
24170,10167,10017,4,11,277,4,161,0.23233201085
24171,10167,11433,0,11,18,4,12,10.6391884329
24172,10167,10308,0,11,8,4,8,16.8156657956
24173,10167,10468,0,11,52,4,30,8.70508428963
24174,10167,10111,0,11,15,4,13,0.335614997417
24175,10167,10309,0,11,23,4,15,19.9469799772
24176,10167,10034,0,11,68,4,33,8.29905148362
24177,10167,10028,0,11,89,4,53,1.86635865706
24178,10167,10035,1,11,65,4,32,3.9324992541
24179,10167,11228,0,11,10,4,8,9.66834402231
24180,10167,11105,0,11,25,4,19,3.76164534671
24181,10167,11355,0,11,26,4,18,8.17038291907
24182,10167,11209,0,11,49,4,28,9.52143044972
24183,10167,11213,0,11,35,4,20,6.16656286537
24184,10167,11369,0,11,12,4,8,5.50756703351
24185,10167,10031,0,11,64,4,45,5.11022495379
24186,10167,11221,0,11,120,4,61,5.07744915424
24187,10167,11212,0,11,12,4,10,7.16768555219
24188,10167,11233,0,11,74,4,34,6.13763964575
24189,10167,11368,0,11,62,4,41,6.14042894125
24190,10167,11205,0,11,37,4,31,4.21547070816
24191,10167,10069,0,11,14,4,8,1.63983290978
24192,10167,11203,0,11,39,4,8,7.62515585272
24193,10167,10459,0,11,16,4,8,6.48555711742
24194,10167,11219,0,11,6,4,4,8.52077793947
24195,10167,11434,0,11,32,4,16,11.967183332
24196,10167,11230,0,11,11,4,5,9.11642624685
24197,10167,11373,0,11,53,4,27,5.24841538668
24198,10167,11362,0,11,8,4,5,12.6880562111
24199,10167,10305,0,11,11,4,8,11.9697808804
24200,10167,11104,0,11,8,4,6,3.00886288661
24201,10167,10004,0,11,168,4,99,5.1793307903
24202,10167,10275,0,11,13,4,7,1.79024995686
24203,10167,10118,0,11,4,4,3,0.727301355813
24204,10167,10026,0,11,57,4,43,3.47754493861
24205,10167,11235,0,11,19,4,14,11.8748372656
24206,10167,10469,0,11,44,4,12,10.3148206835
24207,10167,10281,0,11,31,4,24,3.48016997571
24208,10167,11223,0,11,10,4,7,10.8148676093
24209,10167,11379,0,11,33,4,13,5.69312787531
24210,10167,10465,0,11,37,4,16,9.59574669981
24211,10167,10455,0,11,20,4,11,5.47529784398
24212,10167,10466,0,11,16,4,11,11.5391594368
24213,10167,11239,0,11,4,4,2,9.04835923046
24214,10167,11207,0,11,86,4,31,7.17944216095
24215,10167,11367,0,11,35,4,17,8.25718082835
24216,10167,11106,0,11,21,4,19,2.33411583239
24217,10167,10471,0,11,19,4,15,10.7458614196
24218,10167,11234,0,11,50,4,15,9.81362796713
24219,10167,10167,4,11,11,4,4,0.0
24220,10167,10453,0,11,21,4,16,7.53127463391
24221,10167,10451,0,11,20,4,12,5.25925377178
24222,10167,10033,0,11,86,4,31,6.81039841783
24223,10167,11354,0,11,38,4,25,7.92136069862
24224,10167,10463,0,11,36,4,16,9.40046421768
24225,10167,10169,0,11,4,4,4,0.0644239218698
24226,10167,10456,0,11,21,4,12,6.22676360569
24227,10167,11420,0,11,8,4,7,10.1405833636
24228,10167,10153,0,11,6,4,5,0.624213294144
24229,10167,10307,0,11,6,4,3,22.121426044
24230,10167,10306,0,11,17,4,8,14.8377592936
24231,10167,10165,0,11,2,4,2,0.270018819565
24232,10167,10303,0,11,11,4,7,13.107468566
24233,10167,11224,0,11,22,4,13,12.3326555432
24234,10167,10304,0,11,8,4,5,11.8043489037
24235,10167,10458,0,11,34,4,31,8.79111417616
24236,10167,11414,0,11,13,4,7,9.61005838827
24237,10167,11204,0,11,9,4,8,9.39266408207
24238,10167,11372,0,11,16,4,11,4.76633774102
24239,10167,11357,0,11,9,4,6,8.93086865252
24240,10167,10044,0,11,9,4,8,1.44369993609
24241,10167,11229,0,11,27,4,14,10.8826715455
24242,10167,11236,0,11,15,4,9,8.73354570631
24243,10167,10302,0,11,5,4,5,12.0610320498
24244,10167,11422,0,11,11,4,8,14.1118708062
24245,10167,10312,0,11,4,4,2,18.0396892619
24246,10167,10310,0,11,27,4,6,11.2352014658
24247,10167,11429,0,11,8,4,6,12.7843660711
24248,10167,10152,0,11,2,4,2,0.295449666249
24249,10167,11214,0,11,10,4,6,10.8124691208
24250,10167,11435,0,11,41,4,23,9.45508952566
24251,10167,10039,0,11,8,4,7,5.30649426285
24252,10167,10121,0,11,1,4,1,0.959124411608
24253,10167,11413,0,11,14,4,7,13.1124853935
24254,10167,10473,0,11,14,4,9,7.5045204498
24255,10167,10454,0,11,19,4,10,4.68040990334
24256,10167,11416,0,11,5,4,5,8.19810952688
24257,10167,10280,0,11,5,4,3,3.96918310709
24258,10167,11694,0,11,5,4,4,14.0190535556
24259,10167,11358,0,11,6,4,4,9.39136293543
24260,10167,11421,0,11,4,4,4,7.55061303122
24261,10167,11412,0,11,4,4,4,11.9907751568
24262,10167,10174,0,11,2,4,2,0.221497055216
24263,10167,11417,0,11,3,4,3,8.75704417495
24264,10167,11427,0,11,5,4,4,12.0611936851
24265,10167,11411,0,11,4,4,2,13.2514505491
24266,10167,11374,0,11,10,4,9,6.33178842163
24267,10167,10096,0,11,2,4,2,1.79024995686
24268,10167,10006,0,11,19,4,18,3.81794163595
24269,10167,10037,0,11,15,4,10,4.52181944374
24270,10167,11370,0,11,8,4,4,4.4655525765
24271,10167,10475,0,11,15,4,11,11.5874272058
24272,10167,11225,0,11,17,4,13,6.43124196727
24273,10167,10282,0,11,10,4,9,3.32165949012
24274,10167,11426,0,11,12,4,5,13.4145576377
24275,10167,11378,0,11,18,4,7,4.3453604641
24276,10167,10107,0,11,1,4,1,0.896434018413
24277,10167,11251,0,11,4,4,3,7.73512487897
24278,10167,11436,0,11,6,4,3,10.8830810544
24279,10167,11360,0,11,10,4,5,10.3754874751
24280,10167,11356,0,11,2,4,2,7.20391016221
24281,10167,10474,0,11,8,4,7,6.10114996932
24282,10167,11697,0,11,1,4,1,13.8752509041
24283,10167,10172,0,11,2,4,2,0.0503604618087
24284,10167,11691,0,11,4,4,3,15.5600934319
24285,10167,10470,0,11,6,4,4,11.7055972095
24286,10167,11366,0,11,7,4,5,9.64915943464
24287,10167,10041,0,11,2,4,2,4.0234575376
24288,10167,10278,0,11,1,4,1,3.10022530664
24289,10167,10106,0,11,4,4,1,0.772026428819
24290,10167,11428,0,11,2,4,2,12.4988805111
24291,10167,10286,0,11,1,4,1,3.40893410192
24292,10167,10279,0,11,1,4,1,3.38131458017
24293,10167,10103,0,11,1,4,1,0.444527931395
24294,10167,10196,0,11,1,4,1,1.79024995686
24295,10167,10154,0,11,1,4,1,0.246536979096
24296,10167,10119,0,11,2,4,2,0.981752863704
24297,10167,10464,0,11,5,4,4,12.029804072
24298,10167,10166,0,11,2,4,2,0.0701238603486
24299,10167,10203,0,11,1,4,1,1.79024995686
24300,10167,11359,0,11,2,4,2,10.7237292548
24301,10167,10177,0,11,1,4,1,0.0684763323309
24302,10167,11040,0,11,1,4,1,15.5551238654
24303,10167,11364,0,11,2,4,2,11.2967606104
24304,10167,11692,0,11,2,4,2,14.6128813362
24305,10167,11423,0,11,1,4,1,11.2057280016
24306,10167,11415,0,11,2,4,2,8.31012137379
24307,10167,10175,0,11,2,4,1,0.256444201063
24308,10453,10012,1,21,445,16,357,9.86425560782
24309,10453,11222,1,21,110,16,71,8.91798497894
24310,10453,11231,1,21,65,16,44,12.9232047316
24311,10453,10019,1,21,637,16,440,7.1501658674
24312,10453,11102,1,21,35,16,30,5.67754755649
24313,10453,10003,1,21,493,16,400,9.24887288485
24314,10453,10020,0,21,143,16,116,7.42533795525
24315,10453,10018,2,21,339,16,256,7.98695160506
24316,10453,10001,1,21,670,16,468,8.3298565761
24317,10453,11365,1,21,21,16,9,10.0771546355
24318,10453,10007,2,21,1780,16,1042,10.7650612548
24319,10453,10022,1,21,228,16,164,7.10244550492
24320,10453,10013,0,21,745,16,406,10.3565116057
24321,10453,10472,1,21,23,16,8,2.77050151973
24322,10453,11226,1,21,195,16,123,14.5157644031
24323,10453,10027,1,21,141,16,83,3.57725649612
24324,10453,11210,1,21,34,16,20,15.628979205
24325,10453,11693,0,21,6,16,6,18.3217904168
24326,10453,11432,0,21,49,16,36,11.4332264327
24327,10453,11103,1,21,35,16,26,6.21402128781
24328,10453,11237,1,21,64,16,53,10.3352132274
24329,10453,10010,1,21,218,16,181,8.67839262932
24330,10453,10014,1,21,397,16,286,9.51382205002
24331,10453,10009,0,21,135,16,91,9.36293700374
24332,10453,10036,2,21,826,16,656,7.64056857902
24333,10453,11216,1,21,60,16,49,12.0608403688
24334,10453,11418,0,21,15,16,11,11.4304470755
24335,10453,11109,0,21,5,16,5,14.0819032398
24336,10453,11371,1,21,71,16,65,5.91359705958
24337,10453,10460,1,21,42,16,22,1.86184278549
24338,10453,10048,0,21,86,16,65,11.0522164758
24339,10453,10128,1,21,51,16,40,5.30156998433
24340,10453,11375,1,21,44,16,27,9.78104219754
24341,10453,10023,1,21,210,16,134,6.47399198668
24342,10453,11211,1,21,352,16,256,9.97230589876
24343,10453,10011,1,21,437,16,352,9.00101571695
24344,10453,10025,0,21,143,16,65,4.77048814657
24345,10453,10032,1,21,65,16,28,1.75992419716
24346,10453,11232,1,21,125,16,24,14.4619045182
24347,10453,11377,1,21,46,16,33,7.61323489607
24348,10453,11361,1,21,19,16,11,9.53672199947
24349,10453,11206,0,21,90,16,63,10.5209147327
24350,10453,11430,1,21,187,16,143,15.2510839124
24351,10453,10021,1,21,62,16,45,6.36328314524
24352,10453,11201,1,21,234,16,176,11.607971667
24353,10453,11238,0,21,109,16,64,12.2185493334
24354,10453,10016,1,21,162,16,110,8.13182915636
24355,10453,11218,1,21,26,16,19,14.7692540927
24356,10453,10301,1,21,45,16,32,18.0132008493
24357,10453,10452,1,21,54,16,34,1.12051479966
24358,10453,10314,1,21,51,16,30,20.9596800888
24359,10453,10461,1,21,50,16,20,3.93709159553
24360,10453,11101,1,21,193,16,96,7.56300316408
24361,10453,10029,1,21,50,16,38,4.59050675873
24362,10453,10467,1,21,33,16,22,2.60469738586
24363,10453,11208,0,21,43,16,13,12.6174931687
24364,10453,10024,0,21,101,16,71,5.72113108788
24365,10453,10005,1,21,65,16,41,11.3347170519
24366,10453,10030,1,21,39,16,26,2.91397175043
24367,10453,10002,0,21,258,16,186,10.1712091631
24368,10453,11385,1,21,56,16,31,10.3962242245
24369,10453,11220,1,21,38,16,23,15.5790927821
24370,10453,11215,1,21,123,16,95,13.368326777
24371,10453,10038,1,21,174,16,85,10.9940149672
24372,10453,11217,0,21,92,16,71,12.2876337406
24373,10453,10462,1,21,104,16,58,2.90252867666
24374,10453,10040,1,21,80,16,27,0.94413841534
24375,10453,10457,2,21,28,16,16,0.830605100174
24376,10453,10017,1,21,277,16,161,7.6412835357
24377,10453,11433,1,21,18,16,12,12.627126071
24378,10453,10308,0,21,8,16,8,24.3021315485
24379,10453,10468,2,21,52,16,30,1.18647604769
24380,10453,10111,0,21,15,16,13,7.32880945341
24381,10453,10309,1,21,23,16,15,27.3372681263
24382,10453,10034,1,21,68,16,33,1.09066392258
24383,10453,10028,1,21,89,16,53,5.7022119883
24384,10453,10035,1,21,65,16,32,3.66958009719
24385,10453,11228,1,21,10,16,8,17.0663139343
24386,10453,11105,0,21,25,16,19,5.40913627221
24387,10453,11355,1,21,26,16,18,8.64302579565
24388,10453,11209,1,21,49,16,28,17.0077483549
24389,10453,11213,0,21,35,16,20,12.6191297229
24390,10453,11369,1,21,12,16,8,6.59331808927
24391,10453,10031,1,21,64,16,45,2.66701498445
24392,10453,11221,0,21,120,16,61,11.1884369825
24393,10453,11212,0,21,12,16,10,13.1676622136
24394,10453,11233,0,21,74,16,34,12.1546546901
24395,10453,11368,1,21,62,16,41,7.83305105228
24396,10453,11205,0,21,37,16,31,11.3070227552
24397,10453,10069,0,21,14,16,8,6.74569778178
24398,10453,11203,0,21,39,16,8,14.1163234712
24399,10453,10459,1,21,16,16,8,2.14502213805
24400,10453,11219,0,21,6,16,4,15.847568985
24401,10453,11434,1,21,32,16,16,14.3038071508
24402,10453,11230,0,21,11,16,5,16.1062723811
24403,10453,11373,1,21,53,16,27,8.26507894818
24404,10453,11362,1,21,8,16,5,11.3789623364
24405,10453,10305,0,21,11,16,8,19.5010334455
24406,10453,11104,0,21,8,16,6,7.54645586011
24407,10453,10004,1,21,168,16,99,12.5870203826
24408,10453,10275,0,21,13,16,7,6.04090568462
24409,10453,10118,0,21,4,16,3,8.16753243149
24410,10453,10026,0,21,57,16,43,4.11833446745
24411,10453,11235,1,21,19,16,14,18.6834933644
24412,10453,10469,0,21,44,16,12,3.56143111563
24413,10453,10281,0,21,31,16,24,10.9658860916
24414,10453,11223,0,21,10,16,7,17.8681988132
24415,10453,11379,1,21,33,16,13,9.6087831126
24416,10453,10465,1,21,37,16,16,5.30417534518
24417,10453,10455,0,21,20,16,11,2.59514766935
24418,10453,10466,0,21,16,16,11,4.29958120128
24419,10453,11239,0,21,4,16,2,14.3994122426
24420,10453,11207,1,21,86,16,31,12.6034242805
24421,10453,11367,1,21,35,16,17,9.81374283472
24422,10453,11106,0,21,21,16,19,6.36091260017
24423,10453,10471,1,21,19,16,15,3.32965071232
24424,10453,11234,0,21,50,16,15,16.1856745674
24425,10453,10167,0,21,11,16,4,7.53127463391
24426,10453,10453,16,21,21,16,16,0.0
24427,10453,10451,1,21,20,16,12,2.3579045976
24428,10453,10033,1,21,86,16,31,1.23118410569
24429,10453,11354,1,21,38,16,25,7.43855118854
24430,10453,10463,1,21,36,16,16,1.95213304062
24431,10453,10169,0,21,4,16,4,7.58159737374
24432,10453,10456,1,21,21,16,12,1.62150717564
24433,10453,11420,0,21,8,16,7,13.4291552209
24434,10453,10153,0,21,6,16,5,6.92994403017
24435,10453,10307,0,21,6,16,3,29.4877458797
24436,10453,10306,0,21,17,16,8,22.3533728385
24437,10453,10165,0,21,2,16,2,7.77829461152
24438,10453,10303,1,21,11,16,7,20.2604505674
24439,10453,11224,0,21,22,16,13,19.5264272438
24440,10453,10304,0,21,8,16,5,19.318840844
24441,10453,10458,1,21,34,16,31,1.44423721152
24442,10453,11414,1,21,13,16,7,13.921779126
24443,10453,11204,0,21,9,16,8,16.5949248697
24444,10453,11372,1,21,16,16,11,7.24667524442
24445,10453,11357,0,21,9,16,6,7.17585937196
24446,10453,10044,0,21,9,16,8,6.56226041279
24447,10453,11229,1,21,27,16,14,17.5763560153
24448,10453,11236,1,21,15,16,9,14.6691908671
24449,10453,10302,1,21,5,16,5,19.3359759698
24450,10453,11422,0,21,11,16,8,16.0936543613
24451,10453,10312,0,21,4,16,2,25.4890353112
24452,10453,10310,0,21,27,16,6,18.6078259182
24453,10453,11429,1,21,8,16,6,13.4696192192
24454,10453,10152,0,21,2,16,2,7.23623913958
24455,10453,11214,0,21,10,16,6,18.0739656335
24456,10453,11435,1,21,41,16,23,11.8393534152
24457,10453,10039,1,21,8,16,7,2.26717764535
24458,10453,10121,0,21,1,16,1,8.26870067303
24459,10453,11413,1,21,14,16,7,15.1775946926
24460,10453,10473,1,21,14,16,9,3.66674924977
24461,10453,10454,1,21,19,16,10,3.25379640547
24462,10453,11416,1,21,5,16,5,12.1519653538
24463,10453,10280,0,21,5,16,3,11.4710451619
24464,10453,11694,0,21,5,16,4,19.3831374098
24465,10453,11358,0,21,6,16,4,8.81703376797
24466,10453,11421,1,21,4,16,4,11.5398605405
24467,10453,11412,0,21,4,16,4,13.4070089357
24468,10453,10174,0,21,2,16,2,7.73556102458
24469,10453,11417,1,21,3,16,3,12.7468363145
24470,10453,11427,1,21,5,16,4,12.1820298411
24471,10453,11411,0,21,4,16,2,14.3780403213
24472,10453,11374,1,21,10,16,9,9.23692575431
24473,10453,10096,0,21,2,16,2,6.04090568462
24474,10453,10006,0,21,19,16,18,11.3351743716
24475,10453,10037,1,21,15,16,10,3.01060242552
24476,10453,11370,0,21,8,16,4,6.31304532635
24477,10453,10475,1,21,15,16,11,4.87232325777
24478,10453,11225,1,21,17,16,13,13.3113067976
24479,10453,10282,0,21,10,16,9,10.7974223017
24480,10453,11426,1,21,12,16,5,13.0326877265
24481,10453,11378,1,21,18,16,7,8.90969339087
24482,10453,10107,0,21,1,16,1,7.02819391744
24483,10453,11251,0,21,4,16,3,14.4503589707
24484,10453,11436,1,21,6,16,3,13.7446224112
24485,10453,11360,1,21,10,16,5,8.54803186097
24486,10453,11356,0,21,2,16,2,5.88360834749
24487,10453,10474,1,21,8,16,7,3.0341448036
24488,10453,11697,0,21,1,16,1,20.2079996214
24489,10453,10172,0,21,2,16,2,7.48104376643
24490,10453,11691,0,21,4,16,3,19.2058442896
24491,10453,10470,1,21,6,16,4,4.24821542466
24492,10453,11366,0,21,7,16,5,10.6948965557
24493,10453,10041,0,21,2,16,2,11.5539620795
24494,10453,10278,0,21,1,16,1,10.6273941807
24495,10453,10106,0,21,4,16,1,7.03605788711
24496,10453,11428,0,21,2,16,2,12.8289759396
24497,10453,10286,0,21,1,16,1,10.9127269997
24498,10453,10279,0,21,1,16,1,10.9016072462
24499,10453,10103,0,21,1,16,1,7.22913047582
24500,10453,10196,0,21,1,16,1,6.04090568462
24501,10453,10154,0,21,1,16,1,7.28511495759
24502,10453,10119,0,21,2,16,2,8.22520056977
24503,10453,10464,0,21,5,16,4,6.45607469809
24504,10453,10166,0,21,2,16,2,7.57780934657
24505,10453,10203,0,21,1,16,1,6.04090568462
24506,10453,11359,0,21,2,16,2,8.22683210109
24507,10453,10177,0,21,1,16,1,7.52774542667
24508,10453,11040,0,21,1,16,1,14.3966013613
24509,10453,11364,0,21,2,16,2,10.839594378
24510,10453,11692,0,21,2,16,2,18.9588472594
24511,10453,11423,0,21,1,16,1,12.1917112555
24512,10453,11415,0,21,2,16,2,10.969870993
24513,10453,10175,0,21,2,16,1,7.67953908698
24514,10451,10012,3,20,445,12,357,7.60110584127
24515,10451,11222,1,20,110,12,71,6.56148909324
24516,10451,11231,2,20,65,12,44,10.5969710645
24517,10451,10019,3,20,637,12,440,4.99118625891
24518,10451,11102,2,20,35,12,30,3.34493743319
24519,10451,10003,1,20,493,12,400,6.97079693344
24520,10451,10020,1,20,143,12,116,5.19489652326
24521,10451,10018,3,20,339,12,256,5.8121348851
24522,10451,10001,4,20,670,12,468,6.14963729362
24523,10451,11365,2,20,21,12,9,8.8142991734
24524,10451,10007,4,20,1780,12,1042,8.50370103378
24525,10451,10022,3,20,228,12,164,4.80897951964
24526,10451,10013,0,20,745,12,406,8.10350479034
24527,10451,10472,2,20,23,12,8,2.91728270589
24528,10451,11226,3,20,195,12,123,12.1647690878
24529,10451,10027,3,20,141,12,83,1.78171847909
24530,10451,11210,3,20,34,12,20,13.2895072886
24531,10451,11693,0,20,6,12,6,16.2869765649
24532,10451,11432,0,20,49,12,36,9.94613115052
24533,10451,11103,2,20,35,12,26,3.96197810507
24534,10451,11237,2,20,64,12,53,8.03109884349
24535,10451,10010,2,20,218,12,181,6.39034413815
24536,10451,10014,2,20,397,12,286,7.30577852143
24537,10451,10009,0,20,135,12,91,7.04233784421
24538,10451,10036,3,20,826,12,656,5.47202715438
24539,10451,11216,2,20,60,12,49,9.71010198418
24540,10451,11418,0,20,15,12,11,9.57226367988
24541,10451,11109,0,20,5,12,5,11.9272447161
24542,10451,11371,2,20,71,12,65,4.1162155511
24543,10451,10460,2,20,42,12,22,2.64127659405
24544,10451,10048,0,20,86,12,65,8.80058440073
24545,10451,10128,3,20,51,12,40,2.99758222294
24546,10451,11375,3,20,44,12,27,7.93392134122
24547,10451,10023,3,20,210,12,134,4.37554383334
24548,10451,11211,2,20,352,12,256,7.61442805043
24549,10451,10011,3,20,437,12,352,6.794477912
24550,10451,10025,1,20,143,12,65,2.8132041267
24551,10451,10032,3,20,65,12,28,1.76299766078
24552,10451,11232,2,20,125,12,24,12.1220828881
24553,10451,11377,2,20,46,12,33,5.39189809388
24554,10451,11361,2,20,19,12,11,8.70521171949
24555,10451,11206,0,20,90,12,63,8.17127851897
24556,10451,11430,2,20,187,12,143,13.4351575013
24557,10451,10021,2,20,62,12,45,4.06664792625
24558,10451,11201,3,20,234,12,176,9.27411382271
24559,10451,11238,0,20,109,12,64,9.86077097722
24560,10451,10016,3,20,162,12,110,5.84521937994
24561,10451,11218,3,20,26,12,19,12.4113516273
24562,10451,10301,2,20,45,12,32,15.8033888801
24563,10451,10452,2,20,54,12,34,1.3121750651
24564,10451,10314,3,20,51,12,30,18.8067883046
24565,10451,10461,2,20,50,12,20,4.68978757396
24566,10451,11101,2,20,193,12,96,5.20782082289
24567,10451,10029,4,20,50,12,38,2.29847457843
24568,10451,10467,4,20,33,12,22,4.56449901428
24569,10451,11208,0,20,43,12,13,10.4791335449
24570,10451,10024,1,20,101,12,71,3.68058845312
24571,10451,10005,2,20,65,12,41,9.05849401205
24572,10451,10030,1,20,39,12,26,1.11718926395
24573,10451,10002,0,20,258,12,186,7.85685923229
24574,10451,11385,1,20,56,12,31,8.19682485379
24575,10451,11220,2,20,38,12,23,13.244334367
24576,10451,11215,3,20,123,12,95,11.0164739241
24577,10451,10038,3,20,174,12,85,8.71109554021
24578,10451,11217,1,20,92,12,71,9.93443488411
24579,10451,10462,3,20,104,12,58,3.67944267412
24580,10451,10040,2,20,80,12,27,2.70916693084
24581,10451,10457,2,20,28,12,16,2.23983291861
24582,10451,10017,3,20,277,12,161,5.34967375106
24583,10451,11433,2,20,18,12,12,11.0636349526
24584,10451,10308,0,20,8,12,8,22.0729877574
24585,10451,10468,2,20,52,12,30,3.48690053224
24586,10451,10111,0,20,15,12,13,5.08739104622
24587,10451,10309,3,20,23,12,15,25.1726586262
24588,10451,10034,2,20,68,12,33,3.30913481923
24589,10451,10028,2,20,89,12,53,3.40072923467
24590,10451,10035,3,20,65,12,32,1.33455261432
24591,10451,11228,1,20,10,12,8,14.7180194166
24592,10451,11105,0,20,25,12,19,3.19533696504
24593,10451,11355,2,20,26,12,18,7.25469659518
24594,10451,11209,3,20,49,12,28,14.677921385
24595,10451,11213,0,20,35,12,20,10.2872800196
24596,10451,11369,2,20,12,12,8,4.77274886771
24597,10451,10031,2,20,64,12,45,1.45862341463
24598,10451,11221,0,20,120,12,61,8.86908174428
24599,10451,11212,0,20,12,12,10,10.8808331413
24600,10451,11233,0,20,74,12,34,9.85489517776
24601,10451,11368,2,20,62,12,41,6.02927582154
24602,10451,11205,0,20,37,12,31,8.94981378661
24603,10451,10069,0,20,14,12,8,4.70256901651
24604,10451,11203,0,20,39,12,8,11.790143107
24605,10451,10459,1,20,16,12,8,1.57178767245
24606,10451,11219,0,20,6,12,4,13.4938600716
24607,10451,11434,2,20,32,12,16,12.7091549579
24608,10451,11230,0,20,11,12,5,13.7528286627
24609,10451,11373,2,20,53,12,27,6.22169718822
24610,10451,11362,1,20,8,12,5,10.7470301424
24611,10451,10305,0,20,11,12,8,17.2117981875
24612,10451,11104,1,20,8,12,6,5.24168340034
24613,10451,10004,2,20,168,12,99,10.3945262109
24614,10451,10275,0,20,13,12,7,3.93902463345
24615,10451,10118,0,20,4,12,3,5.92852985607
24616,10451,10026,0,20,57,12,43,2.05993120068
24617,10451,11235,1,20,19,12,14,16.3451452438
24618,10451,10469,0,20,44,12,12,5.17859836478
24619,10451,10281,0,20,31,12,24,8.7298701989
24620,10451,11223,0,20,10,12,7,15.5136687328
24621,10451,11379,3,20,33,12,13,7.50362762047
24622,10451,10465,3,20,37,12,16,5.50803432568
24623,10451,10455,1,20,20,12,11,0.817187196858
24624,10451,10466,0,20,16,12,11,6.30151381983
24625,10451,11239,0,20,4,12,2,12.2097394916
24626,10451,11207,2,20,86,12,31,10.3764118888
24627,10451,11367,2,20,35,12,17,8.21683196608
24628,10451,11106,0,20,21,12,19,4.01158740881
24629,10451,10471,2,20,19,12,15,5.6818299907
24630,10451,11234,1,20,50,12,15,13.8811090601
24631,10451,10167,0,20,11,12,4,5.25925377178
24632,10451,10453,1,20,21,12,16,2.3579045976
24633,10451,10451,12,20,20,12,12,0.0
24634,10451,10033,4,20,86,12,31,2.1105327002
24635,10451,11354,2,20,38,12,25,6.23009657893
24636,10451,10463,3,20,36,12,16,4.30439960344
24637,10451,10169,0,20,4,12,4,5.31337188989
24638,10451,10456,2,20,21,12,12,0.994900202541
24639,10451,11420,0,20,8,12,7,11.5914835612
24640,10451,10153,0,20,6,12,5,4.68034493516
24641,10451,10307,0,20,6,12,3,27.3376745187
24642,10451,10306,0,20,17,12,8,20.0961530292
24643,10451,10165,0,20,2,12,2,5.5160024048
24644,10451,10303,2,20,11,12,7,18.2002269095
24645,10451,11224,0,20,22,12,13,17.1687076041
24646,10451,10304,0,20,8,12,5,17.0632048715
24647,10451,10458,3,20,34,12,31,3.53304027646
24648,10451,11414,2,20,13,12,7,11.8945746168
24649,10451,11204,1,20,9,12,8,14.2370448133
24650,10451,11372,2,20,16,12,11,5.19806207145
24651,10451,11357,0,20,9,12,6,6.4095746443
24652,10451,10044,0,20,9,12,8,4.21407202691
24653,10451,11229,3,20,27,12,14,15.2453908539
24654,10451,11236,1,20,15,12,9,12.4041954695
24655,10451,10302,2,20,5,12,5,17.2212600844
24656,10451,11422,1,20,11,12,8,14.6333413668
24657,10451,10312,0,20,4,12,2,23.2873515913
24658,10451,10310,0,20,27,12,6,16.4455761405
24659,10451,11429,1,20,8,12,6,12.2885451783
24660,10451,10152,0,20,2,12,2,4.96416960886
24661,10451,11214,0,20,10,12,6,15.7165507329
24662,10451,11435,2,20,41,12,23,10.1479953905
24663,10451,10039,2,20,8,12,7,0.894469810259
24664,10451,10121,0,20,1,12,1,6.05903541234
24665,10451,11413,2,20,14,12,7,13.6739984975
24666,10451,10473,2,20,14,12,9,3.32302956927
24667,10451,10454,2,20,19,12,10,1.00063316034
24668,10451,11416,2,20,5,12,5,10.1437837221
24669,10451,10280,0,20,5,12,3,9.22558168285
24670,10451,11694,0,20,5,12,4,17.2410452824
24671,10451,11358,0,20,6,12,4,7.77701256051
24672,10451,11421,1,20,4,12,4,9.50503259526
24673,10451,11412,0,20,4,12,4,12.02009754
24674,10451,10174,0,20,2,12,2,5.45439312376
24675,10451,11417,1,20,3,12,3,10.749756702
24676,10451,11427,2,20,5,12,4,11.1189671259
24677,10451,11411,0,20,4,12,2,13.1013445931
24678,10451,11374,3,20,10,12,9,7.29048120528
24679,10451,10096,0,20,2,12,2,3.93902463345
24680,10451,10006,0,20,19,12,18,9.0771670737
24681,10451,10037,2,20,15,12,10,0.848275905127
24682,10451,11370,1,20,8,12,4,4.25356601635
24683,10451,10475,3,20,15,12,11,6.4987176597
24684,10451,11225,1,20,17,12,13,10.9581339994
24685,10451,10282,0,20,10,12,9,8.56640866476
24686,10451,11426,2,20,12,12,5,12.1596621067
24687,10451,11378,2,20,18,12,7,6.67850159961
24688,10451,10107,0,20,1,12,1,4.85481238278
24689,10451,11251,0,20,4,12,3,12.1088367418
24690,10451,11436,2,20,6,12,3,12.0100871769
24691,10451,11360,2,20,10,12,5,7.93781366337
24692,10451,11356,0,20,2,12,2,4.75332401537
24693,10451,10474,1,20,8,12,7,1.87644762703
24694,10451,11697,0,20,1,12,1,17.9240942318
24695,10451,10172,0,20,2,12,2,5.20891428102
24696,10451,11691,0,20,4,12,3,17.4012283979
24697,10451,10470,1,20,6,12,4,6.44759494358
24698,10451,11366,0,20,7,12,5,9.28913602665
24699,10451,10041,0,20,2,12,2,9.27612844445
24700,10451,10278,0,20,1,12,1,8.35798928222
24701,10451,10106,0,20,4,12,1,4.84059066419
24702,10451,11428,0,20,2,12,2,11.7288618807
24703,10451,10286,0,20,1,12,1,8.66529882572
24704,10451,10279,0,20,1,12,1,8.64055778099
24705,10451,10103,0,20,1,12,1,4.99574807109
24706,10451,10196,0,20,1,12,1,3.93902463345
24707,10451,10154,0,20,1,12,1,5.01298824103
24708,10451,10119,0,20,2,12,2,6.02611739646
24709,10451,10464,0,20,5,12,4,7.44311489046
24710,10451,10166,0,20,2,12,2,5.31085312086
24711,10451,10203,0,20,1,12,1,3.93902463345
24712,10451,11359,0,20,2,12,2,7.85726323728
24713,10451,10177,0,20,1,12,1,5.26271960143
24714,10451,11040,0,20,1,12,1,13.8212309238
24715,10451,11364,0,20,2,12,2,9.89444431652
24716,10451,11692,0,20,2,12,2,17.0029042512
24717,10451,11423,0,20,1,12,1,10.876073956
24718,10451,11415,0,20,2,12,2,9.17601143499
24719,10451,10175,0,20,2,12,1,5.42855085071
24720,10033,10012,3,86,445,31,357,9.10251830027
24721,10033,11222,2,86,110,31,71,8.46863448634
24722,10033,11231,2,86,65,31,44,12.2522393995
24723,10033,10019,6,86,637,31,440,6.31592538603
24724,10033,11102,2,86,35,31,30,5.37366215309
24725,10033,10003,3,86,493,31,400,8.5140090866
24726,10033,10020,1,86,143,31,116,6.65491437467
24727,10033,10018,3,86,339,31,256,7.15203112126
24728,10033,10001,6,86,670,31,468,7.49487018922
24729,10033,11365,3,86,21,31,9,10.6545531225
24730,10033,10007,4,86,1780,31,1042,9.99349637432
24731,10033,10022,4,86,228,31,164,6.42121516042
24732,10033,10013,0,86,745,31,406,9.57736328506
24733,10033,10472,2,86,23,31,8,3.70849387474
24734,10033,11226,3,86,195,31,123,14.0840237368
24735,10033,10027,3,86,141,31,83,2.70315264539
24736,10033,11210,3,86,34,31,20,15.2470840011
24737,10033,11693,0,86,6,31,6,18.3972162721
24738,10033,11432,1,86,49,31,36,11.897261065
24739,10033,11103,3,86,35,31,26,6.05301845455
24740,10033,11237,2,86,64,31,53,10.0645863369
24741,10033,10010,2,86,218,31,181,7.96504015038
24742,10033,10014,2,86,397,31,286,8.69166909527
24743,10033,10009,0,86,135,31,91,8.70261525589
24744,10033,10036,4,86,826,31,656,6.80562701871
24745,10033,11216,2,86,60,31,49,11.6386109717
24746,10033,11418,0,86,15,31,11,11.6522245777
24747,10033,11109,0,86,5,31,5,14.0304007496
24748,10033,11371,2,86,71,31,65,6.15289352336
24749,10033,10460,3,86,42,31,22,2.91148983861
24750,10033,10048,0,86,86,31,65,10.2660239019
24751,10033,10128,4,86,51,31,40,4.68463071546
24752,10033,11375,4,86,44,31,27,10.0074500044
24753,10033,10023,5,86,210,31,134,5.60761421868
24754,10033,11211,3,86,352,31,256,9.48515743609
24755,10033,10011,5,86,437,31,352,8.1828456699
24756,10033,10025,2,86,143,31,65,3.8792134284
24757,10033,10032,3,86,65,31,28,0.65543753072
24758,10033,11232,4,86,125,31,24,13.8236519696
24759,10033,11377,3,86,46,31,33,7.48791760973
24760,10033,11361,3,86,19,31,11,10.3040787171
24761,10033,11206,0,86,90,31,63,10.111682294
24762,10033,11430,2,86,187,31,143,15.5098339387
24763,10033,10021,2,86,62,31,45,5.70281686821
24764,10033,11201,5,86,234,31,176,10.9642466614
24765,10033,11238,0,86,109,31,64,11.725019139
24766,10033,10016,3,86,162,31,110,7.42322968357
24767,10033,11218,3,86,26,31,19,14.2544149473
24768,10033,10301,2,86,45,31,32,17.1504552496
24769,10033,10452,4,86,54,31,34,0.956716474622
24770,10033,10314,5,86,51,31,30,20.0386152126
24771,10033,10461,1,86,50,31,20,5.0868507018
24772,10033,11101,3,86,193,31,96,7.13977817522
24773,10033,10029,4,86,50,31,38,3.98582191014
24774,10033,10467,4,86,33,31,22,3.79964885651
24775,10033,11208,0,86,43,31,13,12.5856903391
24776,10033,10024,1,86,101,31,71,4.83779398684
24777,10033,10005,2,86,65,31,41,10.5797964915
24778,10033,10030,2,86,39,31,26,2.15941655061
24779,10033,10002,0,86,258,31,186,9.49035157646
24780,10033,11385,1,86,56,31,31,10.2932025009
24781,10033,11220,2,86,38,31,23,14.9210825163
24782,10033,11215,5,86,123,31,95,12.786294689
24783,10033,10038,4,86,174,31,85,10.2514529008
24784,10033,11217,2,86,92,31,71,11.7188434209
24785,10033,10462,3,86,104,31,58,4.02607004635
24786,10033,10040,3,86,80,31,27,0.764171047692
24787,10033,10457,4,86,28,31,16,1.90980255939
24788,10033,10017,2,86,277,31,161,6.94781599697
24789,10033,11433,2,86,18,31,12,13.0500189099
24790,10033,10308,0,86,8,31,8,23.4487945509
24791,10033,10468,2,86,52,31,30,2.26274203832
24792,10033,10111,0,86,15,31,13,6.57260496352
24793,10033,10309,3,86,23,31,15,26.4175406031
24794,10033,10034,6,86,68,31,33,1.52091755931
24795,10033,10028,2,86,89,31,53,5.06769092651
24796,10033,10035,4,86,65,31,32,3.20043391166
24797,10033,11228,1,86,10,31,8,16.4538453404
24798,10033,11105,1,86,25,31,19,5.30122877921
24799,10033,11355,2,86,26,31,18,9.14683738386
24800,10033,11209,4,86,49,31,28,16.3317374834
24801,10033,11213,0,86,35,31,20,12.2705792345
24802,10033,11369,2,86,12,31,8,6.82360126543
24803,10033,10031,2,86,64,31,45,1.71737075839
24804,10033,11221,0,86,120,31,61,10.8793697841
24805,10033,11212,0,86,12,31,10,12.9242153783
24806,10033,11233,0,86,74,31,34,11.8875890907
24807,10033,11368,2,86,62,31,41,8.082862588
24808,10033,11205,0,86,37,31,31,10.7824459285
24809,10033,10069,0,86,14,31,8,5.83544954058
24810,10033,11203,0,86,39,31,8,13.7805496416
24811,10033,10459,1,86,16,31,8,2.71399505952
24812,10033,11219,0,86,6,31,4,15.2694145157
24813,10033,11434,3,86,32,31,16,14.7114337408
24814,10033,11230,0,86,11,31,5,15.6544753889
24815,10033,11373,3,86,53,31,27,8.32911054293
24816,10033,11362,1,86,8,31,5,12.2341538712
24817,10033,10305,0,86,11,31,8,18.736090259
24818,10033,11104,1,86,8,31,6,7.28842228625
24819,10033,10004,3,86,168,31,99,11.7269005656
24820,10033,10275,0,86,13,31,7,5.18893828617
24821,10033,10118,0,86,4,31,3,7.3950576813
24822,10033,10026,1,86,57,31,43,3.3328779668
24823,10033,11235,2,86,19,31,14,18.3003943182
24824,10033,10469,1,86,44,31,12,4.79053732479
24825,10033,10281,0,86,31,31,24,10.1615445887
24826,10033,11223,0,86,10,31,7,17.4041980989
24827,10033,11379,3,86,33,31,13,9.61400441765
24828,10033,10465,4,86,37,31,16,6.35671520117
24829,10033,10455,2,86,20,31,11,2.69994531873
24830,10033,10466,0,86,16,31,11,5.44917053272
24831,10033,11239,1,86,4,31,2,14.3043526384
24832,10033,11207,3,86,86,31,31,12.459459587
24833,10033,11367,2,86,35,31,17,10.2066552547
24834,10033,11106,0,86,21,31,19,5.98897596863
24835,10033,10471,2,86,19,31,15,3.95259703857
24836,10033,11234,2,86,50,31,15,15.9000545669
24837,10033,10167,0,86,11,31,4,6.81039841783
24838,10033,10453,1,86,21,31,16,1.23118410569
24839,10033,10451,4,86,20,31,12,2.1105327002
24840,10033,10033,31,86,86,31,31,0.0
24841,10033,11354,2,86,38,31,25,8.02148256856
24842,10033,10463,4,86,36,31,16,2.65429598005
24843,10033,10169,0,86,4,31,4,6.85467604159
24844,10033,10456,2,86,21,31,12,1.91023352573
24845,10033,11420,0,86,8,31,7,13.6694745278
24846,10033,10153,0,86,6,31,5,6.19118947866
24847,10033,10307,0,86,6,31,3,28.5539216891
24848,10033,10306,0,86,17,31,8,21.5367196197
24849,10033,10165,0,86,2,31,2,7.04030386611
24850,10033,10303,2,86,11,31,7,19.2743584496
24851,10033,11224,0,86,22,31,13,19.0156739201
24852,10033,10304,0,86,8,31,5,18.5056433411
24853,10033,10458,4,86,34,31,31,2.64118030481
24854,10033,11414,2,86,13,31,7,14.0038666914
24855,10033,11204,1,86,9,31,8,16.071887367
24856,10033,11372,2,86,16,31,11,7.30452367314
24857,10033,11357,0,86,9,31,6,7.94634864893
24858,10033,10044,0,86,9,31,8,6.02127600946
24859,10033,11229,3,86,27,31,14,17.2197437061
24860,10033,11236,1,86,15,31,9,14.4627272845
24861,10033,10302,3,86,5,31,5,18.3884413377
24862,10033,11422,1,86,11,31,8,16.584880874
24863,10033,10312,0,86,4,31,2,24.6053573708
24864,10033,10310,0,86,27,31,6,17.6993074009
24865,10033,11429,1,86,8,31,6,14.1015269484
24866,10033,10152,0,86,2,31,2,6.52058515478
24867,10033,11214,0,86,10,31,6,17.5311422529
24868,10033,11435,3,86,41,31,23,12.1795677334
24869,10033,10039,2,86,8,31,7,1.56234221276
24870,10033,10121,0,86,1,31,1,7.46294102513
24871,10033,11413,2,86,14,31,7,15.6419897453
24872,10033,10473,2,86,14,31,9,4.49837926753
24873,10033,10454,2,86,19,31,10,3.11116537909
24874,10033,11416,2,86,5,31,5,12.2509220782
24875,10033,10280,0,86,5,31,3,10.6743881116
24876,10033,11694,0,86,5,31,4,19.3442120904
24877,10033,11358,0,86,6,31,4,9.49061279131
24878,10033,11421,1,86,4,31,4,11.6140525151
24879,10033,11412,0,86,4,31,4,13.9331671022
24880,10033,10174,0,86,2,31,2,7.02451625115
24881,10033,11417,1,86,3,31,3,12.8561002255
24882,10033,11427,2,86,5,31,4,12.8646551356
24883,10033,11411,0,86,4,31,2,14.9649504994
24884,10033,11374,3,86,10,31,9,9.38538973259
24885,10033,10096,0,86,2,31,2,5.18893828617
24886,10033,10006,0,86,19,31,18,10.5551643598
24887,10033,10037,2,86,15,31,10,2.4420909285
24888,10033,11370,1,86,8,31,4,6.35923308524
24889,10033,10475,3,86,15,31,11,6.09527083155
24890,10033,11225,1,86,17,31,13,12.8691026371
24891,10033,10282,0,86,10,31,9,9.9886251184
24892,10033,11426,2,86,12,31,5,13.8009995734
24893,10033,11378,3,86,18,31,7,8.76719208921
24894,10033,10107,0,86,1,31,1,6.20893338174
24895,10033,11251,0,86,4,31,3,14.0633635012
24896,10033,11436,2,86,6,31,3,14.0596743506
24897,10033,11360,2,86,10,31,5,9.39237629603
24898,10033,11356,0,86,2,31,2,6.47983054498
24899,10033,10474,1,86,8,31,7,3.4919289824
24900,10033,11697,0,86,1,31,1,19.9607423902
24901,10033,10172,0,86,2,31,2,6.76116297275
24902,10033,11691,0,86,4,31,3,19.4763118363
24903,10033,10470,1,86,6,31,4,5.28482160348
24904,10033,11366,0,86,7,31,5,11.2011703743
24905,10033,10041,0,86,2,31,2,10.7999859815
24906,10033,10278,0,86,1,31,1,9.86779948484
24907,10033,10106,0,86,4,31,1,6.23703060017
24908,10033,11428,0,86,2,31,2,13.4970851214
24909,10033,10286,0,86,1,31,1,10.1223353435
24910,10033,10279,0,86,1,31,1,10.1286203931
24911,10033,10103,0,86,1,31,1,6.46557679554
24912,10033,10196,0,86,1,31,1,5.18893828617
24913,10033,10154,0,86,1,31,1,6.56865294433
24914,10033,10119,0,86,2,31,2,7.4094882765
24915,10033,10464,0,86,5,31,4,7.66721603626
24916,10033,10166,0,86,2,31,2,6.84923525345
24917,10033,10203,0,86,1,31,1,5.18893828617
24918,10033,11359,0,86,2,31,2,9.15136300518
24919,10033,10177,0,86,1,31,1,6.79742313077
24920,10033,11040,0,86,1,31,1,15.2838911587
24921,10033,11364,0,86,2,31,2,11.5678444936
24922,10033,11692,0,86,2,31,2,19.1070106585
24923,10033,11423,0,86,1,31,1,12.7518194284
24924,10033,11415,0,86,2,31,2,11.2378453212
24925,10033,10175,0,86,2,31,1,6.92877289313
24926,11354,10012,2,38,445,25,357,9.54932882494
24927,11354,11222,1,38,110,25,71,6.95279285684
24928,11354,11231,2,38,65,25,44,11.1698551961
24929,11354,10019,3,38,637,25,440,8.42908716322
24930,11354,11102,2,38,35,25,30,5.2332489033
24931,11354,10003,0,38,493,25,400,8.9668314846
24932,11354,10020,0,38,143,25,116,8.17212566633
24933,11354,10018,2,38,339,25,256,8.88049253639
24934,11354,10001,4,38,670,25,468,9.08022533999
24935,11354,11365,3,38,21,25,9,2.64109827295
24936,11354,10007,8,38,1780,25,1042,10.2456375275
24937,11354,10022,2,38,228,25,164,7.49451441325
24938,11354,10013,1,38,745,25,406,10.0094130507
24939,11354,10472,2,38,23,25,8,4.87487951312
24940,11354,11226,4,38,195,25,123,10.8952437502
24941,11354,10027,2,38,141,25,83,7.48436547549
24942,11354,11210,2,38,34,25,20,11.5515894938
24943,11354,11693,0,38,6,25,6,11.8031497951
24944,11354,11432,2,38,49,25,36,4.07010177301
24945,11354,11103,2,38,35,25,26,4.52247003746
24946,11354,11237,2,38,64,25,53,6.68775520298
24947,11354,10010,2,38,218,25,181,8.48160721723
24948,11354,10014,3,38,397,25,286,9.73855810103
24949,11354,10009,0,38,135,25,91,8.5438391366
24950,11354,10036,3,38,826,25,656,8.68848268937
24951,11354,11216,2,38,60,25,49,8.85420105551
24952,11354,11418,1,38,15,25,11,4.81621780913
24953,11354,11109,0,38,5,25,5,8.39706960843
24954,11354,11371,2,38,71,25,65,2.6450393249
24955,11354,10460,2,38,42,25,22,5.8136511493
24956,11354,10048,0,38,86,25,65,10.5600008997
24957,11354,10128,2,38,51,25,40,6.64942275203
24958,11354,11375,3,38,44,25,27,3.45129905174
24959,11354,10023,2,38,210,25,134,8.30170941375
24960,11354,11211,2,38,352,25,256,7.80554974146
24961,11354,10011,2,38,437,25,352,9.37745004825
24962,11354,10025,1,38,143,25,65,7.79822993778
24963,11354,10032,2,38,65,25,28,7.90838185198
24964,11354,11232,2,38,125,25,24,12.2007412479
24965,11354,11377,4,38,46,25,33,4.48336299739
24966,11354,11361,3,38,19,25,11,2.69809956266
24967,11354,11206,1,38,90,25,63,7.66884653772
24968,11354,11430,2,38,187,25,143,8.24894967571
24969,11354,10021,2,38,62,25,45,7.10813149066
24970,11354,11201,3,38,234,25,176,9.96786879958
24971,11354,11238,0,38,109,25,64,9.42928217299
24972,11354,10016,2,38,162,25,110,8.14850325295
24973,11354,11218,2,38,26,25,19,11.6355119639
24974,11354,10301,2,38,45,25,32,16.9827514163
24975,11354,10452,2,38,54,25,34,7.06562181793
24976,11354,10314,4,38,51,25,30,20.1792521724
24977,11354,10461,1,38,50,25,20,5.2179790964
24978,11354,11101,3,38,193,25,96,6.1877032129
24979,11354,10029,2,38,50,25,38,6.54199984969
24980,11354,10467,2,38,33,25,22,7.56396056605
24981,11354,11208,0,38,43,25,13,7.03344884393
24982,11354,10024,0,38,101,25,71,8.08052293232
24983,11354,10005,2,38,65,25,41,10.5430365589
24984,11354,10030,1,38,39,25,26,7.11631955466
24985,11354,10002,0,38,258,25,186,9.20169724715
24986,11354,11385,4,38,56,25,31,5.72298351462
24987,11354,11220,2,38,38,25,23,13.2889219322
24988,11354,11215,2,38,123,25,95,10.9170955923
24989,11354,10038,2,38,174,25,85,10.2047010965
24990,11354,11217,0,38,92,25,71,9.97581971039
24991,11354,10462,4,38,104,25,58,5.41595519438
24992,11354,10040,2,38,80,25,27,8.28753289202
24993,11354,10457,2,38,28,25,16,6.66780335447
24994,11354,10017,2,38,277,25,161,7.80779382553
24995,11354,11433,2,38,18,25,12,5.30976247361
24996,11354,10308,0,38,8,25,8,22.7352764967
24997,11354,10468,2,38,52,25,30,7.86943298349
24998,11354,10111,0,38,15,25,13,8.03882881819
24999,11354,10309,2,38,23,25,15,26.1950059371
25000,11354,10034,1,38,68,25,33,8.49337290064
25001,11354,10028,2,38,89,25,53,6.80171484944
25002,11354,10035,2,38,65,25,32,6.17287154283
25003,11354,11228,1,38,10,25,8,14.2787145486
25004,11354,11105,0,38,25,25,19,4.38916653277
25005,11354,11355,3,38,26,25,18,1.30974889339
25006,11354,11209,2,38,49,25,28,14.6658077008
25007,11354,11213,0,38,35,25,20,8.82925442887
25008,11354,11369,2,38,12,25,8,2.415663243
25009,11354,10031,1,38,64,25,45,7.63623005257
25010,11354,11221,0,38,120,25,61,7.50818592157
25011,11354,11212,0,38,12,25,10,8.64737920592
25012,11354,11233,0,38,74,25,34,7.97565969463
25013,11354,11368,3,38,62,25,41,2.26879379249
25014,11354,11205,0,38,37,25,31,8.95319699581
25015,11354,10069,0,38,14,25,8,8.69952364443
25016,11354,11203,0,38,39,25,8,9.97648187058
25017,11354,10459,1,38,16,25,8,5.343596254
25018,11354,11219,0,38,6,25,4,12.9768367527
25019,11354,11434,2,38,32,25,16,6.98424615126
25020,11354,11230,0,38,11,25,5,12.393605988
25021,11354,11373,2,38,53,25,27,3.54982933111
25022,11354,11362,3,38,8,25,5,4.84698660919
25023,11354,10305,0,38,11,25,8,17.5627806523
25024,11354,11104,1,38,8,25,6,5.23308865419
25025,11354,10004,2,38,168,25,99,12.3005821694
25026,11354,10275,0,38,13,25,7,8.03368033291
25027,11354,10118,0,38,4,25,3,8.57470941307
25028,11354,10026,0,38,57,25,43,7.2183486222
25029,11354,11235,1,38,19,25,14,14.3097689636
25030,11354,10469,0,38,44,25,12,7.0453196473
25031,11354,10281,0,38,31,25,24,10.6289191385
25032,11354,11223,0,38,10,25,7,14.0432752655
25033,11354,11379,2,38,33,25,13,4.57863330466
25034,11354,10465,2,38,37,25,16,4.00454106945
25035,11354,10455,0,38,20,25,11,5.44211771329
25036,11354,10466,0,38,16,25,11,8.56454571779
25037,11354,11239,0,38,4,25,2,8.89476165985
25038,11354,11207,2,38,86,25,31,7.6234118146
25039,11354,11367,2,38,35,25,17,2.72184013542
25040,11354,11106,0,38,21,25,19,5.60308390997
25041,11354,10471,2,38,19,25,15,10.0482433772
25042,11354,11234,0,38,50,25,15,11.4911527245
25043,11354,10167,0,38,11,25,4,7.92136069862
25044,11354,10453,1,38,21,25,16,7.43855118854
25045,11354,10451,2,38,20,25,12,6.23009657893
25046,11354,10033,2,38,86,25,31,8.02148256856
25047,11354,11354,25,38,38,25,25,0.0
25048,11354,10463,3,38,36,25,16,8.92412250928
25049,11354,10169,0,38,4,25,4,7.98241232915
25050,11354,10456,2,38,21,25,12,6.11131315268
25051,11354,11420,0,38,8,25,7,6.56687167618
25052,11354,10153,0,38,6,25,5,7.75543078792
25053,11354,10307,0,38,6,25,3,28.3894583968
25054,11354,10306,0,38,17,25,8,20.6045917864
25055,11354,10165,0,38,2,25,2,8.14850937747
25056,11354,10303,2,38,11,25,7,20.1340605019
25057,11354,11224,0,38,22,25,13,15.8475120234
25058,11354,10304,0,38,8,25,5,17.7681648343
25059,11354,10458,2,38,34,25,31,7.43413922152
25060,11354,11414,3,38,13,25,7,7.63550131793
25061,11354,11204,0,38,9,25,8,13.2722679445
25062,11354,11372,1,38,16,25,11,3.34907222725
25063,11354,11357,0,38,9,25,6,1.40551859924
25064,11354,10044,0,38,9,25,8,6.52885517705
25065,11354,11229,2,38,27,25,14,13.14511338
25066,11354,11236,2,38,15,25,9,9.71557075354
25067,11354,10302,2,38,5,25,5,18.9196063876
25068,11354,11422,1,38,11,25,8,8.66975777567
25069,11354,10312,0,38,4,25,2,24.1156253933
25070,11354,10310,0,38,27,25,6,17.9077252817
25071,11354,11429,1,38,8,25,6,6.0820591991
25072,11354,10152,0,38,2,25,2,7.75356783832
25073,11354,11214,0,38,10,25,6,14.7231290128
25074,11354,11435,2,38,41,25,23,4.75190353022
25075,11354,10039,2,38,8,25,7,7.12147838032
25076,11354,10121,0,38,1,25,1,8.84948946729
25077,11354,11413,2,38,14,25,7,7.7769311954
25078,11354,10473,2,38,14,25,9,3.91639223512
25079,11354,10454,2,38,19,25,10,5.46023764123
25080,11354,11416,3,38,5,25,5,5.99182250267
25081,11354,10280,0,38,5,25,3,10.9485639043
25082,11354,11694,0,38,5,25,4,13.2639993309
25083,11354,11358,1,38,6,25,4,1.59796776111
25084,11354,11421,1,38,4,25,4,5.60015847185
25085,11354,11412,0,38,4,25,4,5.97221280868
25086,11354,10174,0,38,2,25,2,7.96075196306
25087,11354,11417,1,38,3,25,3,6.46237973984
25088,11354,11427,2,38,5,25,4,4.88922913506
25089,11354,11411,1,38,4,25,2,6.95059556051
25090,11354,11374,2,38,10,25,9,3.51723636369
25091,11354,10096,0,38,2,25,2,8.03368033291
25092,11354,10006,0,38,19,25,18,10.7246833996
25093,11354,10037,2,38,15,25,10,6.62048807072
25094,11354,11370,0,38,8,25,4,3.45648721592
25095,11354,10475,2,38,15,25,11,7.62858893674
25096,11354,11225,1,38,17,25,13,9.96244517207
25097,11354,10282,0,38,10,25,9,10.5383473485
25098,11354,11426,3,38,12,25,5,5.98283593215
25099,11354,11378,2,38,18,25,7,5.08069412422
25100,11354,10107,0,38,1,25,1,8.27761499911
25101,11354,11251,0,38,4,25,3,10.5657378127
25102,11354,11436,2,38,6,25,3,6.63984191302
25103,11354,11360,3,38,10,25,5,2.50682403233
25104,11354,11356,1,38,2,25,2,1.55537988233
25105,11354,10474,1,38,8,25,7,4.52992211736
25106,11354,11697,0,38,1,25,1,15.0018372129
25107,11354,10172,0,38,2,25,2,7.89142872746
25108,11354,11691,0,38,4,25,3,12.0863631521
25109,11354,10470,1,38,6,25,4,9.34392000037
25110,11354,11366,0,38,7,25,5,3.28643972109
25111,11354,10041,0,38,2,25,2,10.7001008752
25112,11354,10278,0,38,1,25,1,10.0619314386
25113,11354,10106,0,38,4,25,1,8.15903444827
25114,11354,11428,0,38,2,25,2,5.50050021317
25115,11354,10286,0,38,1,25,1,10.4882973275
25116,11354,10279,0,38,1,25,1,10.3545655313
25117,11354,10103,0,38,1,25,1,8.0361060664
25118,11354,10196,0,38,1,25,1,8.03368033291
25119,11354,10154,0,38,1,25,1,7.78030869974
25120,11354,10119,0,38,2,25,2,8.89015747407
25121,11354,10464,0,38,5,25,4,6.42687187254
25122,11354,10166,0,38,2,25,2,7.99065499583
25123,11354,10203,0,38,1,25,1,8.03368033291
25124,11354,11359,1,38,2,25,2,3.0559004448
25125,11354,10177,0,38,1,25,1,7.97704839929
25126,11354,11040,0,38,1,25,1,7.85426896384
25127,11354,11364,0,38,2,25,2,3.71341761454
25128,11354,11692,0,38,2,25,2,12.1749438591
25129,11354,11423,0,38,1,25,1,4.75352361038
25130,11354,11415,0,38,2,25,2,4.22114058707
25131,11354,10175,0,38,2,25,1,8.17765159111
25132,10463,10012,3,36,445,16,357,11.7163293161
25133,10463,11222,2,36,110,16,71,10.8658381243
25134,10463,11231,2,36,65,16,44,14.8220102428
25135,10463,10019,5,36,637,16,440,8.95225980528
25136,10463,11102,2,36,35,16,30,7.62961492251
25137,10463,10003,2,36,493,16,400,11.1144765212
25138,10463,10020,2,36,143,16,116,9.26830582715
25139,10463,10018,4,36,339,16,256,9.78998617431
25140,10463,10001,4,36,670,16,468,10.1333312425
25141,10463,11365,3,36,21,16,9,11.5219695175
25142,10463,10007,4,36,1780,16,1042,12.6125360619
25143,10463,10022,4,36,228,16,164,8.98828203203
25144,10463,10013,1,36,745,16,406,12.1990545688
25145,10463,10472,2,36,23,16,8,4.05119240656
25146,10463,11226,3,36,195,16,123,16.4669786001
25147,10463,10027,3,36,141,16,83,5.33721951688
25148,10463,11210,4,36,34,16,20,17.5809753819
25149,10463,11693,0,36,6,16,6,20.1386916165
25150,10463,11432,2,36,49,16,36,12.9843532322
25151,10463,11103,2,36,35,16,26,8.15253417294
25152,10463,11237,2,36,64,16,53,12.2813484803
25153,10463,10010,3,36,218,16,181,10.5535753531
25154,10463,10014,3,36,397,16,286,11.3277244812
25155,10463,10009,0,36,135,16,91,11.2618972345
25156,10463,10036,6,36,826,16,656,9.44304552382
25157,10463,11216,3,36,60,16,49,14.0120691208
25158,10463,11418,0,36,15,16,11,13.1817185642
25159,10463,11109,0,36,5,16,5,15.9670999814
25160,10463,11371,2,36,71,16,65,7.71168255258
25161,10463,10460,3,36,42,16,22,3.11295734805
25162,10463,10048,0,36,86,16,65,12.8911799119
25163,10463,10128,5,36,51,16,40,7.20446917493
25164,10463,11375,4,36,44,16,27,11.5408555659
25165,10463,10023,5,36,210,16,134,8.25134166267
25166,10463,11211,3,36,352,16,256,11.9165062758
25167,10463,10011,5,36,437,16,352,10.8170408368
25168,10463,10025,3,36,143,16,65,6.52428864399
25169,10463,10032,3,36,65,16,28,3.30964026043
25170,10463,11232,3,36,125,16,24,16.3739577402
25171,10463,11377,2,36,46,16,33,9.53944260448
25172,10463,11361,2,36,19,16,11,10.7340620585
25173,10463,11206,0,36,90,16,63,12.4723571173
25174,10463,11430,2,36,187,16,143,16.9569178319
25175,10463,10021,3,36,62,16,45,8.2551177674
25176,10463,11201,5,36,234,16,176,13.5158642397
25177,10463,11238,1,36,109,16,64,14.1633329815
25178,10463,10016,4,36,162,16,110,10.0081603395
25179,10463,11218,3,36,26,16,19,16.7120684515
25180,10463,10301,2,36,45,16,32,19.8002613291
25181,10463,10452,3,36,54,16,34,3.02350616986
25182,10463,10314,5,36,51,16,30,22.6927588735
25183,10463,10461,1,36,50,16,20,4.48524914187
25184,10463,11101,4,36,193,16,96,9.51206784543
25185,10463,10029,4,36,50,16,38,6.49318994308
25186,10463,10467,4,36,33,16,22,2.08731393306
25187,10463,11208,0,36,43,16,13,14.4983875158
25188,10463,10024,1,36,101,16,71,7.4837753049
25189,10463,10005,3,36,65,16,41,13.1922415449
25190,10463,10030,1,36,39,16,26,4.73515864179
25191,10463,10002,1,36,258,16,186,12.0631281356
25192,10463,11385,2,36,56,16,31,12.3077135559
25193,10463,11220,2,36,38,16,23,17.4846904995
25194,10463,11215,4,36,123,16,95,15.2965139618
25195,10463,10038,4,36,174,16,85,12.8578718974
25196,10463,11217,2,36,92,16,71,14.2183489046
25197,10463,10462,4,36,104,16,58,3.71009077061
25198,10463,10040,2,36,80,16,27,1.89736209773
25199,10463,10457,4,36,28,16,16,2.4148982289
25200,10463,10017,4,36,277,16,161,9.52330422964
25201,10463,11433,2,36,18,16,12,14.2081572392
25202,10463,10308,0,36,8,16,8,26.0977996129
25203,10463,10468,2,36,52,16,30,1.05869767
25204,10463,10111,0,36,15,16,13,9.17944481983
25205,10463,10309,3,36,23,16,15,29.0715808071
25206,10463,10034,2,36,68,16,33,1.1351482393
25207,10463,10028,3,36,89,16,53,7.60100345678
25208,10463,10035,3,36,65,16,32,5.59958804624
25209,10463,11228,1,36,10,16,8,18.9880064871
25210,10463,11105,1,36,25,16,19,7.34207052364
25211,10463,11355,2,36,26,16,18,10.1888588778
25212,10463,11209,4,36,49,16,28,18.907009456
25213,10463,11213,0,36,35,16,20,14.5704254352
25214,10463,11369,2,36,12,16,8,8.38556218084
25215,10463,10031,1,36,64,16,45,4.36187551716
25216,10463,11221,0,36,120,16,61,13.1377527394
25217,10463,11212,0,36,12,16,10,15.1074561792
25218,10463,11233,0,36,74,16,34,14.0988394525
25219,10463,11368,3,36,62,16,41,9.59689022601
25220,10463,11205,1,36,37,16,31,13.2462897675
25221,10463,10069,0,36,14,16,8,8.48745649354
25222,10463,11203,0,36,39,16,8,16.0665473224
25223,10463,10459,1,36,16,16,8,3.91195083871
25224,10463,11219,0,36,6,16,4,17.7780898516
25225,10463,11434,3,36,32,16,16,15.8881453946
25226,10463,11230,0,36,11,16,5,18.056569774
25227,10463,11373,3,36,53,16,27,10.1246156822
25228,10463,11362,2,36,8,16,5,12.3947439056
25229,10463,10305,0,36,11,16,8,21.3573416159
25230,10463,11104,2,36,8,16,6,9.49435010726
25231,10463,10004,4,36,168,16,99,14.3747647254
25232,10463,10275,0,36,13,16,7,7.82796800334
25233,10463,10118,1,36,4,16,3,10.0108615077
25234,10463,10026,0,36,57,16,43,5.93848812139
25235,10463,11235,2,36,19,16,14,20.6353484158
25236,10463,10469,0,36,44,16,12,3.26493201771
25237,10463,10281,1,36,31,16,24,12.7932097476
25238,10463,11223,0,36,10,16,7,19.8178686779
25239,10463,11379,3,36,33,16,13,11.4854087221
25240,10463,10465,4,36,37,16,16,6.06743449854
25241,10463,10455,1,36,20,16,11,4.52163181436
25242,10463,10466,0,36,16,16,11,3.23908565784
25243,10463,11239,1,36,4,16,2,16.2998605865
25244,10463,11207,2,36,86,16,31,14.521903038
25245,10463,11367,2,36,35,16,17,11.4475010747
25246,10463,11106,0,36,21,16,19,8.31212846428
25247,10463,10471,2,36,19,16,15,1.3778394547
25248,10463,11234,2,36,50,16,15,18.1300591305
25249,10463,10167,0,36,11,16,4,9.40046421768
25250,10463,10453,1,36,21,16,16,1.95213304062
25251,10463,10451,3,36,20,16,12,4.30439960344
25252,10463,10033,4,36,86,16,31,2.65429598005
25253,10463,11354,3,36,38,16,25,8.92412250928
25254,10463,10463,16,36,36,16,16,0.0
25255,10463,10169,1,36,4,16,4,9.44796894481
25256,10463,10456,2,36,21,16,12,3.54793666227
25257,10463,11420,0,36,8,16,7,15.1566310186
25258,10463,10153,0,36,6,16,5,8.7886988274
25259,10463,10307,0,36,6,16,3,31.2068648528
25260,10463,10306,1,36,17,16,8,24.1768280095
25261,10463,10165,0,36,2,16,2,9.6395700019
25262,10463,10303,2,36,11,16,7,21.9178411535
25263,10463,11224,0,36,22,16,13,21.4712124606
25264,10463,10304,0,36,8,16,5,21.1440953386
25265,10463,10458,3,36,34,16,31,1.52333315638
25266,10463,11414,2,36,13,16,7,15.7459483722
25267,10463,11204,1,36,9,16,8,18.5370674168
25268,10463,11372,2,36,16,16,11,9.11652947578
25269,10463,11357,0,36,9,16,6,8.42553632504
25270,10463,10044,0,36,9,16,8,8.49125392095
25271,10463,11229,3,36,27,16,14,19.5272158613
25272,10463,11236,1,36,15,16,9,16.6004931991
25273,10463,10302,3,36,5,16,5,21.0405460675
25274,10463,11422,1,36,11,16,8,17.5830986184
25275,10463,10312,0,36,4,16,2,27.2585490457
25276,10463,10310,0,36,27,16,6,20.3535492369
25277,10463,11429,1,36,8,16,6,14.8094557882
25278,10463,10152,0,36,2,16,2,9.10716539294
25279,10463,11214,1,36,10,16,6,20.0130479878
25280,10463,11435,3,36,41,16,23,13.4994919041
25281,10463,10039,2,36,8,16,7,4.09399741972
25282,10463,10121,0,36,1,16,1,10.0918860466
25283,10463,11413,2,36,14,16,7,16.7006233425
25284,10463,10473,2,36,14,16,9,5.01166271531
25285,10463,10454,2,36,19,16,10,5.20385490763
25286,10463,11416,2,36,5,16,5,13.9735370406
25287,10463,10280,0,36,5,16,3,13.3037907996
25288,10463,11694,0,36,5,16,4,21.2547249437
25289,10463,11358,0,36,6,16,4,10.1633914854
25290,10463,11421,1,36,4,16,4,13.376848664
25291,10463,11412,0,36,4,16,4,14.8754823117
25292,10463,10174,0,36,2,16,2,9.60988621921
25293,10463,11417,1,36,3,16,3,14.5603789149
25294,10463,11427,2,36,5,16,4,13.4660511283
25295,10463,11411,0,36,4,16,2,15.7676628057
25296,10463,11374,3,36,10,16,9,11.0477292367
25297,10463,10096,0,36,2,16,2,7.82796800334
25298,10463,10006,1,36,19,16,18,13.1781771771
25299,10463,10037,2,36,15,16,10,4.90724317644
25300,10463,11370,1,36,8,16,4,8.1957387033
25301,10463,10475,3,36,15,16,11,4.30250008337
25302,10463,11225,1,36,17,16,13,15.2616944873
25303,10463,10282,0,36,10,16,9,12.6216483568
25304,10463,11426,2,36,12,16,5,14.1781152294
25305,10463,11378,3,36,18,16,7,10.8357317907
25306,10463,10107,0,36,1,16,1,8.84022306856
25307,10463,11251,0,36,4,16,3,16.4024691404
25308,10463,11436,2,36,6,16,3,15.4133976032
25309,10463,11360,2,36,10,16,5,9.63842974002
25310,10463,11356,0,36,2,16,2,7.39800860869
25311,10463,10474,1,36,8,16,7,4.79883510928
25312,10463,11697,0,36,1,16,1,22.144289489
25313,10463,10172,0,36,2,16,2,9.35058814796
25314,10463,11691,0,36,4,16,3,20.8894004468
25315,10463,10470,1,36,6,16,4,2.79585641228
25316,10463,11366,0,36,7,16,5,12.2105039504
25317,10463,10041,0,36,2,16,2,13.4122184538
25318,10463,10278,0,36,1,16,1,12.481580672
25319,10463,10106,0,36,4,16,1,8.86109736859
25320,10463,11428,0,36,2,16,2,14.1262533273
25321,10463,10286,0,36,1,16,1,12.7489490004
25322,10463,10279,0,36,1,16,1,12.7483870115
25323,10463,10103,0,36,1,16,1,9.07549004448
25324,10463,10196,0,36,1,16,1,7.82796800334
25325,10463,10154,0,36,1,16,1,9.15578861367
25326,10463,10119,1,36,2,16,2,10.0417904858
25327,10463,10464,0,36,5,16,4,6.42365600782
25328,10463,10166,0,36,2,16,2,9.44335735892
25329,10463,10203,0,36,1,16,1,7.82796800334
25330,10463,11359,0,36,2,16,2,9.17127865795
25331,10463,10177,0,36,1,16,1,9.39230702922
25332,10463,11040,0,36,1,16,1,15.3128475763
25333,10463,11364,0,36,2,16,2,12.0749493981
25334,10463,11692,0,36,2,16,2,20.7308437499
25335,10463,11423,0,36,1,16,1,13.632107835
25336,10463,11415,0,36,2,16,2,12.6921157357
25337,10463,10175,0,36,2,16,1,9.53391918404
25338,10169,10012,0,4,445,4,357,2.28814012425
25339,10169,11222,0,4,110,4,71,2.51661155635
25340,10169,11231,0,4,65,4,44,5.40285568565
25341,10169,10019,1,4,637,4,440,0.923725153652
25342,10169,11102,0,4,35,4,30,2.93791764375
25343,10169,10003,1,4,493,4,400,1.66773683976
25344,10169,10020,1,4,143,4,116,0.363670277792
25345,10169,10018,1,4,339,4,256,0.909364454213
25346,10169,10001,1,4,670,4,468,1.10440725862
25347,10169,11365,0,4,21,4,9,9.71343147056
25348,10169,10007,1,4,1780,4,1042,3.1907639361
25349,10169,10022,2,4,228,4,164,0.555850102806
25350,10169,10013,1,4,745,4,406,2.79059631639
25351,10169,10472,0,4,23,4,8,7.70134249132
25352,10169,11226,0,4,195,4,123,7.61224920696
25353,10169,10027,1,4,141,4,83,4.16539223852
25354,10169,11210,1,4,34,4,20,8.8760642534
25355,10169,11693,0,4,6,4,6,13.6205865767
25356,10169,11432,1,4,49,4,36,9.99112093518
25357,10169,11103,0,4,35,4,26,3.46839000618
25358,10169,11237,0,4,64,4,53,4.59544733103
25359,10169,10010,1,4,218,4,181,1.11087399528
25360,10169,10014,1,4,397,4,286,2.05287364654
25361,10169,10009,0,4,135,4,91,1.89344876716
25362,10169,10036,1,4,826,4,656,0.819159167871
25363,10169,11216,1,4,60,4,49,5.31527576394
25364,10169,11418,0,4,15,4,11,8.41468580735
25365,10169,11109,0,4,5,4,5,9.00898671497
25366,10169,11371,0,4,71,4,65,5.43503310002
25367,10169,10460,0,4,42,4,22,7.79742336364
25368,10169,10048,0,4,86,4,65,3.48753522846
25369,10169,10128,1,4,51,4,40,2.32300621239
25370,10169,11375,1,4,44,4,27,7.22556147238
25371,10169,10023,1,4,210,4,134,1.53485829135
25372,10169,11211,1,4,352,4,256,3.13958677747
25373,10169,10011,1,4,437,4,352,1.56706161994
25374,10169,10025,1,4,143,4,65,3.067304385
25375,10169,10032,1,4,65,4,28,6.21894971868
25376,10169,11232,0,4,125,4,24,6.98843689461
25377,10169,11377,0,4,46,4,33,3.87702025247
25378,10169,11361,0,4,19,4,11,10.6231687566
25379,10169,11206,0,4,90,4,63,3.99565569781
25380,10169,11430,0,4,187,4,143,11.8818677868
25381,10169,10021,1,4,62,4,45,1.26423555854
25382,10169,11201,1,4,234,4,176,4.14007706355
25383,10169,11238,1,4,109,4,64,5.17679108527
25384,10169,10016,1,4,162,4,110,0.577161065589
25385,10169,11218,0,4,26,4,19,7.58409123161
25386,10169,10301,0,4,45,4,32,10.4998281362
25387,10169,10452,0,4,54,4,34,6.46208393782
25388,10169,10314,1,4,51,4,30,13.5405793782
25389,10169,10461,0,4,50,4,20,9.46157674963
25390,10169,11101,1,4,193,4,96,2.04060272663
25391,10169,10029,1,4,50,4,38,3.01494576688
25392,10169,10467,0,4,33,4,22,9.86723084058
25393,10169,11208,0,4,43,4,13,7.83795170427
25394,10169,10024,1,4,101,4,71,2.20351256865
25395,10169,10005,1,4,65,4,41,3.75339429036
25396,10169,10030,0,4,39,4,26,4.71461256207
25397,10169,10002,1,4,258,4,186,2.64535402893
25398,10169,11385,0,4,56,4,31,5.62629298384
25399,10169,11220,0,4,38,4,23,8.07269892559
25400,10169,11215,0,4,123,4,95,6.02096202586
25401,10169,10038,1,4,174,4,85,3.41284901929
25402,10169,11217,1,4,92,4,71,4.99476927885
25403,10169,10462,1,4,104,4,58,8.63453702033
25404,10169,10040,0,4,80,4,27,7.6124522015
25405,10169,10457,0,4,28,4,16,7.55259824373
25406,10169,10017,4,4,277,4,161,0.252974674645
25407,10169,11433,0,4,18,4,12,10.6828470339
25408,10169,10308,0,4,8,4,8,16.7606323667
25409,10169,10468,0,4,52,4,30,8.75623805014
25410,10169,10111,0,4,15,4,13,0.341012513413
25411,10169,10309,0,4,23,4,15,19.8889810995
25412,10169,10034,1,4,68,4,33,8.34519773582
25413,10169,10028,1,4,89,4,53,1.92305028898
25414,10169,10035,0,4,65,4,32,3.9877267674
25415,10169,11228,0,4,10,4,8,9.62987074328
25416,10169,11105,0,4,25,4,19,3.82591854028
25417,10169,11355,0,4,26,4,18,8.22739346943
25418,10169,11209,1,4,49,4,28,9.47775092915
25419,10169,11213,0,4,35,4,20,6.16107224439
25420,10169,11369,0,4,12,4,8,5.5683301872
25421,10169,10031,0,4,64,4,45,5.15260599986
25422,10169,11221,0,4,120,4,61,5.08332087866
25423,10169,11212,0,4,12,4,10,7.16974932313
25424,10169,11233,0,4,74,4,34,6.14196328664
25425,10169,11368,0,4,62,4,41,6.19615902952
25426,10169,11205,1,4,37,4,31,4.19559444178
25427,10169,10069,0,4,14,4,8,1.63600555909
25428,10169,11203,0,4,39,4,8,7.61588884259
25429,10169,10459,0,4,16,4,8,6.5447371835
25430,10169,11219,0,4,6,4,4,8.48599011987
25431,10169,11434,0,4,32,4,16,12.0063386458
25432,10169,11230,0,4,11,4,5,9.09273111874
25433,10169,11373,0,4,53,4,27,5.29823726288
25434,10169,11362,0,4,8,4,5,12.7470652398
25435,10169,10305,0,4,11,4,8,11.9195088675
25436,10169,11104,0,4,8,4,6,3.05850708437
25437,10169,10004,1,4,168,4,99,5.11987633949
25438,10169,10275,0,4,13,4,7,1.8149032877
25439,10169,10118,1,4,4,4,3,0.663653417261
25440,10169,10026,0,4,57,4,43,3.52185286158
25441,10169,11235,0,4,19,4,14,11.8540169888
25442,10169,10469,0,4,44,4,12,10.37356659
25443,10169,10281,1,4,31,4,24,3.42319320717
25444,10169,11223,0,4,10,4,7,10.7882507829
25445,10169,11379,0,4,33,4,13,5.73181996197
25446,10169,10465,0,4,37,4,16,9.65988783207
25447,10169,10455,0,4,20,4,11,5.53392823104
25448,10169,10466,0,4,16,4,11,11.5954331418
25449,10169,11239,0,4,4,4,2,9.05810103202
25450,10169,11207,0,4,86,4,31,7.19190470798
25451,10169,11367,0,4,35,4,17,8.30809710917
25452,10169,11106,0,4,21,4,19,2.39691197016
25453,10169,10471,0,4,19,4,15,10.7920484905
25454,10169,11234,0,4,50,4,15,9.80410034402
25455,10169,10167,0,4,11,4,4,0.0644239218698
25456,10169,10453,0,4,21,4,16,7.58159737374
25457,10169,10451,0,4,20,4,12,5.31337188989
25458,10169,10033,0,4,86,4,31,6.85467604159
25459,10169,11354,0,4,38,4,25,7.98241232915
25460,10169,10463,1,4,36,4,16,9.44796894481
25461,10169,10169,4,4,4,4,4,0.0
25462,10169,10456,0,4,21,4,12,6.2822305053
25463,10169,11420,0,4,8,4,7,10.1738817745
25464,10169,10153,0,4,6,4,5,0.664384000161
25465,10169,10307,0,4,6,4,3,22.0630031233
25466,10169,10306,1,4,17,4,8,14.7845531205
25467,10169,10165,0,4,2,4,2,0.208294132748
25468,10169,10303,0,4,11,4,7,13.0455386744
25469,10169,11224,0,4,22,4,13,12.3011554277
25470,10169,10304,0,4,8,4,5,11.7509272597
25471,10169,10458,1,4,34,4,31,8.84471223805
25472,10169,11414,0,4,13,4,7,9.63310796258
25473,10169,11204,0,4,9,4,8,9.36215629024
25474,10169,11372,0,4,16,4,11,4.82268538229
25475,10169,11357,0,4,9,4,6,8.9938879615
25476,10169,10044,0,4,9,4,8,1.50790433542
25477,10169,11229,0,4,27,4,14,10.8651915101
25478,10169,11236,0,4,15,4,9,8.73392175328
25479,10169,10302,0,4,5,4,5,12.0004028373
25480,10169,11422,0,4,11,4,8,14.1515747649
25481,10169,10312,0,4,4,4,2,17.9832190621
25482,10169,10310,0,4,27,4,6,11.1761855137
25483,10169,11429,0,4,8,4,6,12.8340657306
25484,10169,10152,0,4,2,4,2,0.349729209062
25485,10169,11214,1,4,10,4,6,10.7792294395
25486,10169,11435,0,4,41,4,23,9.49763461452
25487,10169,10039,0,4,8,4,7,5.35398409667
25488,10169,10121,0,4,1,4,1,0.894810761235
25489,10169,11413,0,4,14,4,7,13.152507482
25490,10169,10473,0,4,14,4,9,7.56786237851
25491,10169,10454,0,4,19,4,10,4.73951136319
25492,10169,11416,0,4,5,4,5,8.22825900848
25493,10169,10280,0,4,5,4,3,3.91361873406
25494,10169,11694,0,4,5,4,4,14.0229616895
25495,10169,11358,0,4,6,4,4,9.45076086546
25496,10169,11421,0,4,4,4,4,7.58200630551
25497,10169,11412,0,4,4,4,4,12.0367214319
25498,10169,10174,0,4,2,4,2,0.199365027243
25499,10169,11417,0,4,3,4,3,8.78553207142
25500,10169,11427,0,4,5,4,4,12.1146647657
25501,10169,11411,0,4,4,4,2,13.2979900832
25502,10169,11374,0,4,10,4,9,6.3780623468
25503,10169,10096,0,4,2,4,2,1.8149032877
25504,10169,10006,1,4,19,4,18,3.7639238973
25505,10169,10037,0,4,15,4,10,4.57277622
25506,10169,11370,0,4,8,4,4,4.52685526257
25507,10169,10475,0,4,15,4,11,11.6471115255
25508,10169,11225,0,4,17,4,13,6.41382499965
25509,10169,10282,0,4,10,4,9,3.26398150347
25510,10169,11426,0,4,12,4,5,13.4692950836
25511,10169,11378,0,4,18,4,7,4.38306590657
25512,10169,10107,0,4,1,4,1,0.896749680253
25513,10169,11251,0,4,4,4,3,7.72026241882
25514,10169,11436,0,4,6,4,3,10.9192156449
25515,10169,11360,0,4,10,4,5,10.4375936236
25516,10169,11356,0,4,2,4,2,7.26767917466
25517,10169,10474,0,4,8,4,7,6.16309714786
25518,10169,11697,0,4,1,4,1,13.863329935
25519,10169,10172,1,4,2,4,2,0.109644364706
25520,10169,11691,0,4,4,4,3,15.5837207431
25521,10169,10470,0,4,6,4,4,11.7590784439
25522,10169,11366,0,4,7,4,5,9.70062424145
25523,10169,10041,0,4,2,4,2,3.97247169409
25524,10169,10278,0,4,1,4,1,3.04786458572
25525,10169,10106,0,4,4,4,1,0.778510530802
25526,10169,11428,0,4,2,4,2,12.5508422443
25527,10169,10286,0,4,1,4,1,3.35330635529
25528,10169,10279,0,4,1,4,1,3.32761286332
25529,10169,10103,0,4,1,4,1,0.455005115039
25530,10169,10196,0,4,1,4,1,1.8149032877
25531,10169,10154,0,4,1,4,1,0.30122507116
25532,10169,10119,1,4,2,4,2,0.918143473777
25533,10169,10464,0,4,5,4,4,12.0931277936
25534,10169,10166,0,4,2,4,2,0.0128549028522
25535,10169,10203,0,4,1,4,1,1.8149032877
25536,10169,11359,0,4,2,4,2,10.78695232
25537,10169,10177,0,4,1,4,1,0.0608807864933
25538,10169,11040,0,4,1,4,1,15.6119069744
25539,10169,11364,0,4,2,4,2,11.3536413239
25540,10169,11692,0,4,2,4,2,14.6295658544
25541,10169,11423,0,4,1,4,1,11.2553634965
25542,10169,11415,0,4,2,4,2,8.35276513001
25543,10169,10175,0,4,2,4,1,0.195607709809
25544,10456,10012,3,21,445,12,357,8.56718049213
25545,10456,11222,1,21,110,12,71,7.39284990457
25546,10456,11231,2,21,65,12,44,11.5197506409
25547,10456,10019,2,21,637,12,440,5.98333989521
25548,10456,11102,2,21,35,12,30,4.1161697804
25549,10456,10003,0,21,493,12,400,7.93168854061
25550,10456,10020,1,21,143,12,116,6.17564923155
25551,10456,10018,3,21,339,12,256,6.80163828355
25552,10456,10001,3,21,670,12,468,7.13802124492
25553,10456,11365,2,21,21,12,9,8.74532602835
25554,10456,10007,3,21,1780,12,1042,9.46918223427
25555,10456,10022,2,21,228,12,164,5.76794047202
25556,10456,10013,0,21,745,12,406,9.07255944677
25557,10456,10472,2,21,23,12,8,2.10290337209
25558,10456,11226,3,21,195,12,123,12.9620452811
25559,10456,10027,2,21,141,12,83,2.7021435813
25560,10456,11210,2,21,34,12,20,14.0544194334
25561,10456,11693,0,21,6,12,6,16.7208806285
25562,10456,11432,0,21,49,12,36,10.0075391408
25563,10456,11103,2,21,35,12,26,4.60471838445
25564,10456,11237,2,21,64,12,53,8.73690173809
25565,10456,10010,3,21,218,12,181,7.34759999775
25566,10456,10014,2,21,397,12,286,8.28800285704
25567,10456,10009,0,21,135,12,91,7.97611721073
25568,10456,10036,3,21,826,12,656,6.46267689446
25569,10456,11216,2,21,60,12,49,10.5089182143
25570,10456,11418,0,21,15,12,11,9.86888651001
25571,10456,11109,0,21,5,12,5,12.4617894123
25572,10456,11371,2,21,71,12,65,4.34508085598
25573,10456,10460,4,21,42,12,22,1.67017924581
25574,10456,10048,0,21,86,12,65,9.7692409181
25575,10456,10128,2,21,51,12,40,3.95996388097
25576,10456,11375,2,21,44,12,27,8.21877511141
25577,10456,10023,2,21,210,12,134,5.37044047056
25578,10456,11211,2,21,352,12,256,8.46070530833
25579,10456,10011,2,21,437,12,352,7.77765711613
25580,10456,10025,0,21,143,12,65,3.79129293025
25581,10456,10032,2,21,65,12,28,1.88805412372
25582,10456,11232,2,21,125,12,24,13.0266437166
25583,10456,11377,2,21,46,12,33,5.99522099265
25584,10456,11361,2,21,19,12,11,8.42057321986
25585,10456,11206,0,21,90,12,63,8.96859958661
25586,10456,11430,2,21,187,12,143,13.7087893641
25587,10456,10021,2,21,62,12,45,5.02694431711
25588,10456,11201,2,21,234,12,176,10.1900293765
25589,10456,11238,0,21,109,12,64,10.7001824496
25590,10456,10016,2,21,162,12,110,6.80454525535
25591,10456,11218,2,21,26,12,19,13.2546778365
25592,10456,10301,2,21,45,12,32,16.7795904431
25593,10456,10452,2,21,54,12,34,0.955617633106
25594,10456,10314,2,21,51,12,30,19.7928744615
25595,10456,10461,1,21,50,12,20,3.79946743687
25596,10456,11101,3,21,193,12,96,6.03536792345
25597,10456,10029,2,21,50,12,38,3.27260727552
25598,10456,10467,2,21,33,12,22,3.58513028017
25599,10456,11208,0,21,43,12,13,10.9983033878
25600,10456,10024,0,21,101,12,71,4.67256038679
25601,10456,10005,2,21,65,12,41,10.0170170519
25602,10456,10030,1,21,39,12,26,1.99717653178
25603,10456,10002,0,21,258,12,186,8.79425400296
25604,10456,11385,1,21,56,12,31,8.77504180753
25605,10456,11220,2,21,38,12,23,14.1549467245
25606,10456,11215,2,21,123,12,95,11.8979546248
25607,10456,10038,2,21,174,12,85,9.66685628842
25608,10456,11217,0,21,92,12,71,10.813034835
25609,10456,10462,4,21,104,12,58,2.7556876699
25610,10456,10040,2,21,80,12,27,2.25992941042
25611,10456,10457,2,21,28,12,16,1.28809151448
25612,10456,10017,3,21,277,12,161,6.30782408146
25613,10456,11433,3,21,18,12,12,11.1735248953
25614,10456,10308,0,21,8,12,8,23.0422260422
25615,10456,10468,2,21,52,12,30,2.62942861661
25616,10456,10111,0,21,15,12,13,6.0655863022
25617,10456,10309,2,21,23,12,15,26.1559756718
25618,10456,10034,1,21,68,12,33,2.68824568613
25619,10456,10028,2,21,89,12,53,4.36186772645
25620,10456,10035,2,21,65,12,32,2.29468114038
25621,10456,11228,1,21,10,12,8,15.6053534443
25622,10456,11105,0,21,25,12,19,3.79455077572
25623,10456,11355,2,21,26,12,18,7.24539790035
25624,10456,11209,2,21,49,12,28,15.593432523
25625,10456,11213,0,21,35,12,20,11.0382617641
25626,10456,11369,2,21,12,12,8,5.02415039426
25627,10456,10031,1,21,64,12,45,2.1222413066
25628,10456,11221,0,21,120,12,61,9.59848383343
25629,10456,11212,0,21,12,12,10,11.5595630224
25630,10456,11233,0,21,74,12,34,10.5524472154
25631,10456,11368,2,21,62,12,41,6.27603378692
25632,10456,11205,0,21,37,12,31,9.80971575566
25633,10456,10069,0,21,14,12,8,5.69622254901
25634,10456,11203,0,21,39,12,8,12.5290887248
25635,10456,10459,2,21,16,12,8,0.853258108502
25636,10456,11219,0,21,6,12,4,14.3671617839
25637,10456,11434,2,21,32,12,16,12.8415101533
25638,10456,11230,0,21,11,12,5,14.5583171718
25639,10456,11373,2,21,53,12,27,6.65411006108
25640,10456,11362,1,21,8,12,5,10.3861789582
25641,10456,10305,0,21,11,12,8,18.1577526914
25642,10456,11104,0,21,8,12,6,5.95365157678
25643,10456,10004,2,21,168,12,99,11.3770727844
25644,10456,10275,0,21,13,12,7,4.93388404614
25645,10456,10118,0,21,4,12,3,6.90551263911
25646,10456,10026,0,21,57,12,43,3.04616444779
25647,10456,11235,1,21,19,12,14,17.1060230217
25648,10456,10469,0,21,44,12,12,4.18530422593
25649,10456,10281,0,21,31,12,24,9.70355606554
25650,10456,11223,0,21,10,12,7,16.3230163967
25651,10456,11379,2,21,33,12,13,7.99135824486
25652,10456,10465,2,21,37,12,16,4.77964295219
25653,10456,10455,1,21,20,12,11,0.975141856429
25654,10456,10466,0,21,16,12,11,5.31711628411
25655,10456,11239,0,21,4,12,2,12.7779242345
25656,10456,11207,2,21,86,12,31,10.9835032701
25657,10456,11367,2,21,35,12,17,8.3371777292
25658,10456,11106,0,21,21,12,19,4.82112708527
25659,10456,10471,2,21,19,12,15,4.91639338757
25660,10456,11234,0,21,50,12,15,14.583514592
25661,10456,10167,0,21,11,12,4,6.22676360569
25662,10456,10453,1,21,21,12,16,1.62150717564
25663,10456,10451,2,21,20,12,12,0.99490020254
25664,10456,10033,2,21,86,12,31,1.91023352573
25665,10456,11354,2,21,38,12,25,6.11131315268
25666,10456,10463,2,21,36,12,16,3.54793666227
25667,10456,10169,0,21,4,12,4,6.2822305053
25668,10456,10456,12,21,21,12,12,0.0
25669,10456,11420,0,21,8,12,7,11.8773671318
25670,10456,10153,0,21,6,12,5,5.65732030546
25671,10456,10307,0,21,6,12,3,28.3230110945
25672,10456,10306,0,21,17,12,8,21.0562119997
25673,10456,10165,0,21,2,12,2,6.48654132124
25674,10456,10303,2,21,11,12,7,19.1942533462
25675,10456,11224,0,21,22,12,13,18.0012725076
25676,10456,10304,0,21,8,12,5,18.0248789761
25677,10456,10458,2,21,34,12,31,2.59521583432
25678,10456,11414,2,21,13,12,7,12.3201108763
25679,10456,11204,0,21,9,12,8,15.0807882577
25680,10456,11372,1,21,16,12,11,5.63302515435
25681,10456,11357,0,21,9,12,6,6.0717813058
25682,10456,10044,0,21,9,12,8,5.12160095243
25683,10456,11229,3,21,27,12,14,15.9914818572
25684,10456,11236,1,21,15,12,9,13.0543329312
25685,10456,10302,2,21,5,12,5,18.2120019987
25686,10456,11422,0,21,11,12,8,14.6913739685
25687,10456,10312,0,21,4,12,2,24.2636266689
25688,10456,10310,0,21,27,12,6,17.4308066808
25689,10456,11429,1,21,8,12,6,12.1913566752
25690,10456,10152,0,21,2,12,2,5.93253717808
25691,10456,11214,0,21,10,12,6,16.5680232776
25692,10456,11435,2,21,41,12,23,10.3342767259
25693,10456,10039,2,21,8,12,7,1.51523679036
25694,10456,10121,0,21,1,12,1,7.04266983599
25695,10456,11413,2,21,14,12,7,13.7548274814
25696,10456,10473,2,21,14,12,9,2.71312467317
25697,10456,10454,2,21,19,12,10,1.68525069359
25698,10456,11416,2,21,5,12,5,10.5527586401
25699,10456,10280,0,21,5,12,3,10.1958320099
25700,10456,11694,0,21,5,12,4,17.7649414819
25701,10456,11358,0,21,6,12,4,7.5854141436
25702,10456,11421,1,21,4,12,4,9.93467373929
25703,10456,11412,0,21,4,12,4,12.0313798382
25704,10456,10174,0,21,2,12,2,6.41739849029
25705,10456,11417,0,21,3,12,3,11.1506609331
25706,10456,11427,2,21,5,12,4,10.9582935815
25707,10456,11411,0,21,4,12,2,13.056125862
25708,10456,11374,2,21,10,12,9,7.64695754363
25709,10456,10096,0,21,2,12,2,4.93388404614
25710,10456,10006,0,21,19,12,18,10.043217867
25711,10456,10037,2,21,15,12,10,1.83218071841
25712,10456,11370,0,21,8,12,4,4.69609833744
25713,10456,10475,2,21,15,12,11,5.50822584212
25714,10456,11225,1,21,17,12,13,11.7647396735
25715,10456,10282,0,21,10,12,9,9.5416863338
25716,10456,11426,2,21,12,12,5,11.9124260261
25717,10456,11378,2,21,18,12,7,7.2917986782
25718,10456,10107,0,21,1,12,1,5.84576431357
25719,10456,11251,0,21,4,12,3,12.8793378597
25720,10456,11436,2,21,6,12,3,12.2280727516
25721,10456,11360,2,21,10,12,5,7.54789509189
25722,10456,11356,0,21,2,12,2,4.57022004986
25723,10456,10474,2,21,8,12,7,1.58238377909
25724,10456,11697,0,21,1,12,1,18.596679362
25725,10456,10172,0,21,2,12,2,6.17652478916
25726,10456,11691,0,21,4,12,3,17.6712069323
25727,10456,10470,1,21,6,12,4,5.50017613276
25728,10456,11366,0,21,7,12,5,9.30127825347
25729,10456,10041,0,21,2,12,2,10.2336348821
25730,10456,10278,0,21,1,12,1,9.32043264053
25731,10456,10106,0,21,4,12,1,5.82877131764
25732,10456,11428,0,21,2,12,2,11.5889173014
25733,10456,10286,0,21,1,12,1,9.63552999304
25734,10456,10279,0,21,1,12,1,9.60598361333
25735,10456,10103,0,21,1,12,1,5.97625180507
25736,10456,10196,0,21,1,12,1,4.93388404614
25737,10456,10154,0,21,1,12,1,5.98118263009
25738,10456,10119,0,21,2,12,2,7.01175607031
25739,10456,10464,0,21,5,12,4,6.5416620254
25740,10456,10166,0,21,2,12,2,6.28020474283
25741,10456,10203,0,21,1,12,1,4.93388404614
25742,10456,11359,0,21,2,12,2,7.36701748349
25743,10456,10177,0,21,1,12,1,6.23292673366
25744,10456,11040,0,21,1,12,1,13.448978189
25745,10456,11364,0,21,2,12,2,9.67074515133
25746,10456,11692,0,21,2,12,2,17.377377348
25747,10456,11423,0,21,1,12,1,10.8448027168
25748,10456,11415,0,21,2,12,2,9.4272215988
25749,10456,10175,0,21,2,12,1,6.40310640383
25750,11420,10012,0,8,445,7,357,10.323050651
25751,11420,11222,0,8,110,7,71,7.80393241107
25752,11420,11231,0,8,65,7,44,9.88995813101
25753,11420,10019,0,8,637,7,440,11.0255399198
25754,11420,11102,0,8,35,7,30,8.90670666839
25755,11420,10003,0,8,493,7,400,10.0577726782
25756,11420,10020,0,8,143,7,116,10.5174193606
25757,11420,10018,0,8,339,7,256,10.9660726472
25758,11420,10001,0,8,670,7,468,10.9587428063
25759,11420,11365,0,8,21,7,9,4.6924470284
25760,11420,10007,0,8,1780,7,1042,10.5241936118
25761,11420,10022,0,8,228,7,164,9.97744208548
25762,11420,10013,0,8,745,7,406,10.5449368037
25763,11420,10472,0,8,23,7,8,11.2162428859
25764,11420,11226,0,8,195,7,123,7.65999717202
25765,11420,10027,0,8,141,7,83,12.1289251673
25766,11420,11210,0,8,34,7,20,7.5622066504
25767,11420,11693,0,8,6,7,6,5.26396938178
25768,11420,11432,1,8,49,7,36,3.04049663965
25769,11420,11103,0,8,35,7,26,8.00491427107
25770,11420,11237,0,8,64,7,53,5.92064304789
25771,11420,10010,0,8,218,7,181,9.90655630344
25772,11420,10014,0,8,397,7,286,10.8875024202
25773,11420,10009,0,8,135,7,91,9.39289431642
25774,11420,10036,0,8,826,7,656,10.9851877199
25775,11420,11216,0,8,60,7,49,7.04736672125
25776,11420,11418,0,8,15,7,11,2.01945243206
25777,11420,11109,0,8,5,7,5,3.31981229405
25778,11420,11371,0,8,71,7,65,7.53290660572
25779,11420,10460,0,8,42,7,22,12.0852003602
25780,11420,10048,0,8,86,7,65,10.7327337776
25781,11420,10128,0,8,51,7,40,10.3563571513
25782,11420,11375,0,8,44,7,27,3.66248432919
25783,11420,10023,0,8,210,7,134,11.342179607
25784,11420,11211,0,8,352,7,256,7.8209275666
25785,11420,10011,0,8,437,7,352,10.8170384533
25786,11420,10025,0,8,143,7,65,11.827696401
25787,11420,10032,0,8,65,7,28,13.3471376223
25788,11420,11232,0,8,125,7,24,10.0474271256
25789,11420,11377,0,8,46,7,33,6.72000853291
25790,11420,11361,0,8,19,7,11,6.56684882543
25791,11420,11206,0,8,90,7,63,7.04147973858
25792,11420,11430,1,8,187,7,143,1.84598037562
25793,11420,10021,0,8,62,7,45,10.0991518993
25794,11420,11201,0,8,234,7,176,9.29989905791
25795,11420,11238,0,8,109,7,64,7.79736698518
25796,11420,10016,0,8,162,7,110,9.93976455175
25797,11420,11218,0,8,26,7,19,8.71370655725
25798,11420,10301,0,8,45,7,32,14.9833467637
25799,11420,10452,0,8,54,7,34,12.753219972
25800,11420,10314,0,8,51,7,30,17.9832604666
25801,11420,10461,0,8,50,7,20,11.7813720754
25802,11420,11101,0,8,193,7,96,8.22521180007
25803,11420,10029,0,8,50,7,38,10.6918029918
25804,11420,10467,0,8,33,7,22,14.0393589921
25805,11420,11208,0,8,43,7,13,3.04993371364
25806,11420,10024,0,8,101,7,71,11.5745155112
25807,11420,10005,0,8,65,7,41,10.446823062
25808,11420,10030,0,8,39,7,26,12.0836093761
25809,11420,10002,0,8,258,7,186,9.55612738988
25810,11420,11385,0,8,56,7,31,4.60777578027
25811,11420,11220,0,8,38,7,23,10.8024435204
25812,11420,11215,0,8,123,7,95,9.00145193924
25813,11420,10038,0,8,174,7,85,10.2530841369
25814,11420,11217,0,8,92,7,71,8.60610025586
25815,11420,10462,0,8,104,7,58,11.8921156268
25816,11420,10040,0,8,80,7,27,14.1347412631
25817,11420,10457,0,8,28,7,16,12.7676677765
25818,11420,10017,0,8,277,7,161,9.92210688314
25819,11420,11433,0,8,18,7,12,2.15218825088
25820,11420,10308,0,8,8,7,8,19.5910121183
25821,11420,10468,0,8,52,7,30,14.1032155009
25822,11420,10111,0,8,15,7,13,10.4317084835
25823,11420,10309,0,8,23,7,15,23.1814486223
25824,11420,10034,0,8,68,7,33,14.5198058684
25825,11420,10028,0,8,89,7,53,10.2421343975
25826,11420,10035,0,8,65,7,32,10.8933367402
25827,11420,11228,0,8,10,7,8,11.053639267
25828,11420,11105,0,8,25,7,19,8.5621421422
25829,11420,11355,0,8,26,7,18,5.27308276293
25830,11420,11209,0,8,49,7,28,11.8154000227
25831,11420,11213,0,8,35,7,20,6.3147267187
25832,11420,11369,0,8,12,7,8,6.85510258034
25833,11420,10031,0,8,64,7,45,12.6989597968
25834,11420,11221,0,8,120,7,61,6.01126587434
25835,11420,11212,0,8,12,7,10,5.24830851673
25836,11420,11233,0,8,74,7,34,5.47780950254
25837,11420,11368,0,8,62,7,41,5.60141747054
25838,11420,11205,0,8,37,7,31,8.05676068685
25839,11420,10069,0,8,14,7,8,11.6318713064
25840,11420,11203,0,8,39,7,8,6.45014898036
25841,11420,10459,0,8,16,7,8,11.2937879456
25842,11420,11219,0,8,6,7,4,9.96106497601
25843,11420,11434,0,8,32,7,16,2.1956462904
25844,11420,11230,0,8,11,7,5,8.60161333839
25845,11420,11373,0,8,53,7,27,5.47885792811
25846,11420,11362,0,8,8,7,5,7.3378711135
25847,11420,10305,0,8,11,7,8,14.6221246609
25848,11420,11104,0,8,8,7,6,7.36231615362
25849,11420,10004,0,8,168,7,99,12.0456132504
25850,11420,10275,0,8,13,7,7,11.3195053369
25851,11420,10118,0,8,4,7,3,10.4401709206
25852,11420,10026,0,8,57,7,43,11.5898017149
25853,11420,11235,0,8,19,7,14,9.43059876889
25854,11420,10469,0,8,44,7,12,13.6005114439
25855,11420,10281,0,8,31,7,24,10.9142402123
25856,11420,11223,0,8,10,7,7,9.77940315808
25857,11420,11379,0,8,33,7,13,4.51088550112
25858,11420,10465,0,8,37,7,16,10.5303002623
25859,11420,10455,0,8,20,7,11,10.9792127827
25860,11420,10466,0,8,16,7,11,15.1265934974
25861,11420,11239,0,8,4,7,2,3.88922218944
25862,11420,11207,0,8,86,7,31,4.19592528703
25863,11420,11367,0,8,35,7,17,3.84567175614
25864,11420,11106,0,8,21,7,19,8.68137169518
25865,11420,10471,0,8,19,7,15,16.3900590942
25866,11420,11234,0,8,50,7,15,6.77558705826
25867,11420,10167,0,8,11,7,4,10.1405833636
25868,11420,10453,0,8,21,7,16,13.4291552209
25869,11420,10451,0,8,20,7,12,11.5914835612
25870,11420,10033,0,8,86,7,31,13.6694745278
25871,11420,11354,0,8,38,7,25,6.56687167618
25872,11420,10463,0,8,36,7,16,15.1566310186
25873,11420,10169,0,8,4,7,4,10.1738817745
25874,11420,10456,0,8,21,7,12,11.8773671318
25875,11420,11420,7,8,8,7,7,0.0
25876,11420,10153,0,8,6,7,5,10.3977705583
25877,11420,10307,0,8,6,7,3,25.291733636
25878,11420,10306,0,8,17,7,8,17.4854570885
25879,11420,10165,0,8,2,7,2,10.220137206
25880,11420,10303,0,8,11,7,7,18.5334136703
25881,11420,11224,0,8,22,7,13,11.4569532257
25882,11420,10304,0,8,8,7,5,15.1640234458
25883,11420,10458,0,8,34,7,31,13.7469249166
25884,11420,11414,0,8,13,7,7,1.83052214995
25885,11420,11204,0,8,9,7,8,9.70035245798
25886,11420,11372,0,8,16,7,11,6.45801721251
25887,11420,11357,0,8,9,7,6,7.68587438932
25888,11420,10044,0,8,9,7,8,9.36949031409
25889,11420,11229,0,8,27,7,14,8.38931031461
25890,11420,11236,0,8,15,7,9,5.19906595365
25891,11420,10302,0,8,5,7,5,17.2058706049
25892,11420,11422,0,8,11,7,8,4.22967631683
25893,11420,10312,0,8,4,7,2,21.0376829933
25894,11420,10310,0,8,27,7,6,16.0737000579
25895,11420,11429,0,8,8,7,6,4.66365724794
25896,11420,10152,0,8,2,7,2,10.1698201128
25897,11420,11214,0,8,10,7,6,10.8341482353
25898,11420,11435,0,8,41,7,23,1.87366240264
25899,11420,10039,0,8,8,7,7,12.3677091757
25900,11420,10121,0,8,1,7,1,10.709174758
25901,11420,11413,0,8,14,7,7,3.31739495738
25902,11420,10473,0,8,14,7,9,10.2995802727
25903,11420,10454,0,8,19,7,10,10.610522184
25904,11420,11416,0,8,5,7,5,2.01060376017
25905,11420,10280,0,8,5,7,3,10.9411217182
25906,11420,11694,0,8,5,7,4,6.88791271109
25907,11420,11358,0,8,6,7,4,6.10584766644
25908,11420,11421,0,8,4,7,4,2.60822104207
25909,11420,11412,0,8,4,7,4,3.32942056586
25910,11420,10174,0,8,2,7,2,10.0286964169
25911,11420,11417,0,8,3,7,3,1.60196036882
25912,11420,11427,0,8,5,7,4,5.1662272597
25913,11420,11411,0,8,4,7,2,4.36658389511
25914,11420,11374,0,8,10,7,9,4.32837503108
25915,11420,10096,0,8,2,7,2,11.3195053369
25916,11420,10006,0,8,19,7,18,10.7233148174
25917,11420,10037,0,8,15,7,10,11.5959509305
25918,11420,11370,0,8,8,7,4,7.37698807297
25919,11420,10475,0,8,15,7,11,14.1838128538
25920,11420,11225,0,8,17,7,13,7.42410152097
25921,11420,10282,0,8,10,7,9,10.9295814263
25922,11420,11426,0,8,12,7,5,6.37665105426
25923,11420,11378,0,8,18,7,7,5.81873982877
25924,11420,10107,0,8,1,7,1,10.9319358712
25925,11420,11251,0,8,4,7,3,7.13032272613
25926,11420,11436,0,8,6,7,3,0.925153852402
25927,11420,11360,0,8,10,7,5,7.61726031336
25928,11420,11356,0,8,2,7,2,7.90104600559
25929,11420,10474,0,8,8,7,7,10.399265046
25930,11420,11697,0,8,1,7,1,9.24355924887
25931,11420,10172,0,8,2,7,2,10.1439802013
25932,11420,11691,0,8,4,7,3,5.80992206889
25933,11420,10470,0,8,6,7,4,15.8842229903
25934,11420,11366,0,8,7,7,5,3.79644471614
25935,11420,10041,0,8,2,7,2,10.4821135812
25936,11420,10278,0,8,1,7,1,10.3782044755
25937,11420,10106,0,8,4,7,1,10.7866386873
25938,11420,11428,0,8,2,7,2,5.02098275922
25939,11420,10286,0,8,1,7,1,10.7515889252
25940,11420,10279,0,8,1,7,1,10.5620014476
25941,11420,10103,0,8,1,7,1,10.5023610489
25942,11420,10196,0,8,1,7,1,11.3195053369
25943,11420,10154,0,8,1,7,1,10.1637768474
25944,11420,10119,0,8,2,7,2,10.7951988406
25945,11420,10464,0,8,5,7,4,12.7579671991
25946,11420,10166,0,8,2,7,2,10.1865425037
25947,11420,10203,0,8,1,7,1,11.3195053369
25948,11420,11359,0,8,2,7,2,8.48980411529
25949,11420,10177,0,8,1,7,1,10.2088397708
25950,11420,11040,0,8,1,7,1,8.58957981685
25951,11420,11364,0,8,2,7,2,5.82785850027
25952,11420,11692,0,8,2,7,2,5.62092843187
25953,11420,11423,0,8,1,7,1,3.73321434153
25954,11420,11415,0,8,2,7,2,2.46454737875
25955,11420,10175,0,8,2,7,1,10.3315453777
25956,10153,10012,0,6,445,5,357,2.93431388947
25957,10153,11222,0,6,110,5,71,2.94880519265
25958,10153,11231,0,6,65,5,44,6.06721133328
25959,10153,10019,0,6,637,5,440,0.691366246316
25960,10153,11102,0,6,35,5,30,2.57452156208
25961,10153,10003,0,6,493,5,400,2.32594012236
25962,10153,10020,0,6,143,5,116,0.529118763647
25963,10153,10018,0,6,339,5,256,1.23854798202
25964,10153,10001,0,6,670,5,468,1.539717758
25965,10153,11365,0,6,21,5,9,9.6292531767
25966,10153,10007,0,6,1780,5,1042,3.83546973703
25967,10153,10022,5,6,228,5,164,0.430671913855
25968,10153,10013,0,6,745,5,406,3.42907750895
25969,10153,10472,0,6,23,5,8,7.14398185519
25970,10153,11226,0,6,195,5,123,8.22523986188
25971,10153,10027,0,6,141,5,83,3.50100949659
25972,10153,11210,0,6,34,5,20,9.47815021541
25973,10153,11693,0,6,6,5,6,14.034043067
25974,10153,11432,0,6,49,5,36,10.0204481888
25975,10153,11103,0,6,35,5,26,3.24124716968
25976,10153,11237,0,6,64,5,53,5.00289285725
25977,10153,10010,0,6,218,5,181,1.77519975849
25978,10153,10014,0,6,397,5,286,2.63529428723
25979,10153,10009,0,6,135,5,91,2.54814726169
25980,10153,10036,1,6,826,5,656,0.963972119635
25981,10153,11216,0,6,60,5,49,5.89232209929
25982,10153,11418,0,6,15,5,11,8.57521892344
25983,10153,11109,0,6,5,5,5,9.420477979
25984,10153,11371,0,6,71,5,65,5.15194435062
25985,10153,10460,0,6,42,5,22,7.19838709008
25986,10153,10048,0,6,86,5,65,4.12584837387
25987,10153,10128,1,6,51,5,40,1.71350863585
25988,10153,11375,0,6,44,5,27,7.29496801256
25989,10153,10023,0,6,210,5,134,1.0058292994
25990,10153,11211,0,6,352,5,256,3.69277844115
25991,10153,10011,0,6,437,5,352,2.12914993222
25992,10153,10025,0,6,143,5,65,2.4104947308
25993,10153,10032,0,6,65,5,28,5.55479751638
25994,10153,11232,0,6,125,5,24,7.65184698464
25995,10153,11377,0,6,46,5,33,3.89224746221
25996,10153,11361,0,6,19,5,11,10.4281398062
25997,10153,11206,0,6,90,5,63,4.5158890625
25998,10153,11430,0,6,187,5,143,12.1420767201
25999,10153,10021,0,6,62,5,45,0.71825157765
26000,10153,11201,0,6,234,5,176,4.80134341389
26001,10153,11238,0,6,109,5,64,5.79275683082
26002,10153,10016,0,6,162,5,110,1.23891129361
26003,10153,11218,0,6,26,5,19,8.22615848937
26004,10153,10301,0,6,45,5,32,11.1233179574
26005,10153,10452,0,6,54,5,34,5.80972885417
26006,10153,10314,0,6,51,5,30,14.1428332283
26007,10153,10461,0,6,50,5,20,8.92060082574
26008,10153,11101,0,6,193,5,96,2.17312965846
26009,10153,10029,0,6,50,5,38,2.38472361961
26010,10153,10467,0,6,33,5,22,9.24164049872
26011,10153,11208,0,6,43,5,13,8.19563796493
26012,10153,10024,0,6,101,5,71,1.57960411316
26013,10153,10005,0,6,65,5,41,4.40627024316
26014,10153,10030,0,6,39,5,26,4.05410172912
26015,10153,10002,0,6,258,5,186,3.30903881407
26016,10153,11385,0,6,56,5,31,5.92329643722
26017,10153,11220,0,6,38,5,23,8.73705879036
26018,10153,11215,0,6,123,5,95,6.67492380704
26019,10153,10038,0,6,174,5,85,4.069377204
26020,10153,11217,0,6,92,5,71,5.64066488027
26021,10153,10462,0,6,104,5,58,8.06587448232
26022,10153,10040,0,6,80,5,27,6.94951475618
26023,10153,10457,0,6,28,5,16,6.92005566026
26024,10153,10017,1,6,277,5,161,0.799495105733
26025,10153,11433,0,6,18,5,12,10.7774840785
26026,10153,10308,0,6,8,5,8,17.3942694592
26027,10153,10468,2,6,52,5,30,8.10731538462
26028,10153,10111,0,6,15,5,13,0.409241932601
26029,10153,10309,0,6,23,5,15,20.5005455464
26030,10153,10034,0,6,68,5,33,7.68369625268
26031,10153,10028,1,6,89,5,53,1.32630311682
26032,10153,10035,0,6,65,5,32,3.36414526326
26033,10153,11228,0,6,10,5,8,10.2925328597
26034,10153,11105,0,6,25,5,19,3.46800890042
26035,10153,11355,0,6,26,5,18,8.10236423995
26036,10153,11209,0,6,49,5,28,10.1418408235
26037,10153,11213,0,6,35,5,20,6.70874907502
26038,10153,11369,0,6,12,5,8,5.36077656659
26039,10153,10031,0,6,64,5,45,4.48826739056
26040,10153,11221,0,6,120,5,61,5.56255471439
26041,10153,11212,0,6,12,5,10,7.66997569049
26042,10153,11233,0,6,74,5,34,6.6289612662
26043,10153,11368,0,6,62,5,41,6.10641230394
26044,10153,11205,0,6,37,5,31,4.8132596719
26045,10153,10069,0,6,14,5,8,1.23678665545
26046,10153,11203,0,6,39,5,8,8.18255635159
26047,10153,10459,0,6,16,5,8,5.9550183666
26048,10153,11219,0,6,6,5,4,9.14394696783
26049,10153,11434,0,6,32,5,16,12.1581253106
26050,10153,11230,0,6,11,5,5,9.72193529369
26051,10153,11373,0,6,53,5,27,5.32062740638
26052,10153,11362,0,6,8,5,5,12.5668621018
26053,10153,10305,0,6,11,5,8,12.5735239662
26054,10153,11104,0,6,8,5,6,3.11195324105
26055,10153,10004,0,6,168,5,99,5.72246988301
26056,10153,10275,0,6,13,5,7,1.19719694048
26057,10153,10118,0,6,4,5,3,1.24835613125
26058,10153,10026,0,6,57,5,43,2.85863104317
26059,10153,11235,0,6,19,5,14,12.4722036741
26060,10153,10469,0,6,44,5,12,9.77575703872
26061,10153,10281,0,6,31,5,24,4.04993643922
26062,10153,11223,0,6,10,5,7,11.4267280902
26063,10153,11379,0,6,33,5,13,5.90635831028
26064,10153,10465,0,6,37,5,16,9.19243249695
26065,10153,10455,0,6,20,5,11,4.93908132491
26066,10153,10466,0,6,16,5,11,10.9741566538
26067,10153,11239,0,6,4,5,2,9.50150866921
26068,10153,11207,0,6,86,5,31,7.61733490719
26069,10153,11367,0,6,35,5,17,8.29833418935
26070,10153,11106,0,6,21,5,19,2.16542050893
26071,10153,10471,0,6,19,5,15,10.1305103266
26072,10153,11234,0,6,50,5,15,10.3708020977
26073,10153,10167,0,6,11,5,4,0.624213294144
26074,10153,10453,0,6,21,5,16,6.92994403017
26075,10153,10451,0,6,20,5,12,4.68034493516
26076,10153,10033,0,6,86,5,31,6.19118947866
26077,10153,11354,0,6,38,5,25,7.75543078792
26078,10153,10463,0,6,36,5,16,8.7886988274
26079,10153,10169,0,6,4,5,4,0.664384000161
26080,10153,10456,0,6,21,5,12,5.65732030546
26081,10153,11420,0,6,8,5,7,10.3977705583
26082,10153,10153,5,6,6,5,5,0.0
26083,10153,10307,0,6,6,5,3,22.6703708296
26084,10153,10306,0,6,17,5,8,15.4277547236
26085,10153,10165,0,6,2,5,2,0.850882053022
26086,10153,10303,0,6,11,5,7,13.6064252515
26087,10153,11224,0,6,22,5,13,12.9525692416
26088,10153,10304,0,6,8,5,5,12.3934369459
26089,10153,10458,0,6,34,5,31,8.20686652849
26090,10153,11414,0,6,13,5,7,9.96305548778
26091,10153,11204,0,6,9,5,8,10.0113758317
26092,10153,11372,0,6,16,5,11,4.72976809525
26093,10153,11357,0,6,9,5,6,8.69294190888
26094,10153,10044,0,6,9,5,8,1.23821250982
26095,10153,11229,0,6,27,5,14,11.4698274876
26096,10153,11236,0,6,15,5,9,9.24326210514
26097,10153,10302,0,6,5,5,5,12.5834305052
26098,10153,11422,0,6,11,5,8,14.2940236506
26099,10153,10312,0,6,4,5,2,18.6073854695
26100,10153,10310,0,6,27,5,6,11.7792792578
26101,10153,11429,0,6,8,5,6,12.8355318373
26102,10153,10152,0,6,2,5,2,0.354839897423
26103,10153,11214,0,6,10,5,6,11.4343537491
26104,10153,11435,0,6,41,5,23,9.60972328613
26105,10153,10039,0,6,8,5,7,4.69515620255
26106,10153,10121,0,6,1,5,1,1.40098927645
26107,10153,11413,0,6,14,5,7,13.2919350812
26108,10153,10473,0,6,14,5,9,7.06195772902
26109,10153,10454,0,6,19,5,10,4.15213501862
26110,10153,11416,0,6,5,5,5,8.49026878724
26111,10153,10280,0,6,5,5,3,4.5483123532
26112,10153,11694,0,6,5,5,4,14.5051722045
26113,10153,11358,0,6,6,5,4,9.26617911537
26114,10153,11421,0,6,4,5,4,7.83250234162
26115,10153,11412,0,6,4,5,4,12.0968158431
26116,10153,10174,0,6,2,5,2,0.844058617218
26117,10153,11417,0,6,3,5,3,9.06356724486
26118,10153,11427,0,6,5,5,4,12.0521717095
26119,10153,11411,0,6,4,5,2,13.3477625248
26120,10153,11374,0,6,10,5,9,6.44826861813
26121,10153,10096,0,6,2,5,2,1.19719694048
26122,10153,10006,0,6,19,5,18,4.40656333965
26123,10153,10037,0,6,15,5,10,3.92462463749
26124,10153,11370,0,6,8,5,4,4.31087335128
26125,10153,10475,0,6,15,5,11,11.0601655603
26126,10153,11225,0,6,17,5,13,7.01989664864
26127,10153,10282,0,6,10,5,9,3.88606753151
26128,10153,11426,0,6,12,5,5,13.3811566965
26129,10153,11378,0,6,18,5,7,4.57910640188
26130,10153,10107,0,6,1,5,1,0.558817261485
26131,10153,11251,0,6,4,5,3,8.31436456696
26132,10153,11436,0,6,6,5,3,11.1092991785
26133,10153,11360,0,6,10,5,5,10.1702044717
26134,10153,11356,0,6,2,5,2,6.93194432985
26135,10153,10474,0,6,8,5,7,5.62008774769
26136,10153,11697,0,6,1,5,1,14.4411362807
26137,10153,10172,0,6,2,5,2,0.576832421673
26138,10153,11691,0,6,4,5,3,15.9023654319
26139,10153,10470,0,6,6,5,4,11.1200145131
26140,10153,11366,0,6,7,5,5,9.67797881048
26141,10153,10041,0,6,2,5,2,4.62589924831
26142,10153,10278,0,6,1,5,1,3.69773538769
26143,10153,10106,0,6,4,5,1,0.41999333233
26144,10153,11428,0,6,2,5,2,12.5147541618
26145,10153,10286,0,6,1,5,1,3.98846541553
26146,10153,10279,0,6,1,5,1,3.9721122889
26147,10153,10103,0,6,1,5,1,0.334111232448
26148,10153,10196,0,6,1,5,1,1.19719694048
26149,10153,10154,0,6,1,5,1,0.397180628702
26150,10153,10119,0,6,2,5,2,1.38530266381
26151,10153,10464,0,6,5,5,4,11.5816431002
26152,10153,10166,0,6,2,5,2,0.65846305642
26153,10153,10203,0,6,1,5,1,1.19719694048
26154,10153,11359,0,6,2,5,2,10.4733353669
26155,10153,10177,0,6,1,5,1,0.606411889316
26156,10153,11040,0,6,1,5,1,15.4800077465
26157,10153,11364,0,6,2,5,2,11.2245508083
26158,10153,11692,0,6,2,5,2,15.0120122781
26159,10153,11423,0,6,1,5,1,11.2601280261
26160,10153,11415,0,6,2,5,2,8.4663568327
26161,10153,10175,0,6,2,5,1,0.750261342646
26162,10307,10012,0,6,445,3,357,19.8062508551
26163,10307,11222,0,6,110,3,71,21.7325531478
26164,10307,11231,0,6,65,3,44,17.3083521644
26165,10307,10019,0,6,637,3,440,22.3574267162
26166,10307,11102,0,6,35,3,30,24.7173127944
26167,10307,10003,0,6,493,3,400,20.4567426906
26168,10307,10020,0,6,143,3,116,22.1486994573
26169,10307,10018,0,6,339,3,256,21.5285375757
26170,10307,10001,0,6,670,3,468,21.1893008366
26171,10307,11365,0,6,21,3,9,28.5936997244
26172,10307,10007,0,6,1780,3,1042,18.9171269847
26173,10307,10022,0,6,228,3,164,22.598227119
26174,10307,10013,0,6,745,3,406,19.2924091872
26175,10307,10472,0,6,23,3,8,29.7174464483
26176,10307,11226,0,6,195,3,123,17.8737643686
26177,10307,10027,0,6,141,3,83,25.9145809497
26178,10307,11210,0,6,34,3,20,17.7380621483
26179,10307,11693,0,6,6,3,6,23.1439145687
26180,10307,11432,0,6,49,3,36,27.6280242086
26181,10307,11103,0,6,35,3,26,24.8029196623
26182,10307,11237,0,6,64,3,53,21.7119810745
26183,10307,10010,0,6,218,3,181,21.0472996933
26184,10307,10014,0,6,397,3,286,20.0360968872
26185,10307,10009,0,6,135,3,91,20.5537665123
26186,10307,10036,0,6,826,3,656,21.8713251113
26187,10307,11216,0,6,60,3,49,19.5664813794
26188,10307,11418,0,6,15,3,11,25.2526086423
26189,10307,11109,0,6,5,3,5,21.9719675276
26190,10307,11371,0,6,71,3,65,26.590683308
26191,10307,10460,0,6,42,3,22,29.8603521884
26192,10307,10048,0,6,86,3,65,18.603760988
26193,10307,10128,0,6,51,3,40,24.3800496551
26194,10307,11375,0,6,44,3,27,25.5459771803
26195,10307,10023,0,6,210,3,134,23.0161540169
26196,10307,11211,0,6,352,3,256,20.7292237972
26197,10307,10011,0,6,437,3,352,20.5456330986
26198,10307,10025,0,6,143,3,65,24.7195765201
26199,10307,10032,0,6,65,3,28,27.8993984475
26200,10307,11232,0,6,125,3,24,16.1893701556
26201,10307,11377,0,6,46,3,33,24.1192100095
26202,10307,11361,0,6,19,3,11,30.325106103
26203,10307,11206,0,6,90,3,63,20.73362013
26204,10307,11430,0,6,187,3,143,25.5409712671
26205,10307,10021,0,6,62,3,45,23.3271652198
26206,10307,11201,0,6,234,3,176,18.6034470622
26207,10307,11238,0,6,109,3,64,18.9620993989
26208,10307,10016,0,6,162,3,110,21.5743040576
26209,10307,11218,0,6,26,3,19,16.9444984424
26210,10307,10301,0,6,45,3,32,11.5990677155
26211,10307,10452,0,6,54,3,34,28.3781164027
26212,10307,10314,0,6,51,3,30,8.53151938263
26213,10307,10461,0,6,50,3,20,31.4229296822
26214,10307,11101,0,6,193,3,96,22.8988182076
26215,10307,10029,0,6,50,3,38,25.0526362204
26216,10307,10467,0,6,33,3,22,31.9017140983
26217,10307,11208,0,6,43,3,13,22.589988613
26218,10307,10024,0,6,101,3,71,23.7666621748
26219,10307,10005,0,6,65,3,41,18.4195105138
26220,10307,10030,0,6,39,3,26,26.5756969283
26221,10307,10002,0,6,258,3,186,19.7471886433
26222,10307,11385,0,6,56,3,31,22.8348554613
26223,10307,11220,0,6,38,3,23,15.1158817169
26224,10307,11215,0,6,123,3,95,17.4727201301
26225,10307,10038,0,6,174,3,85,18.7804297573
26226,10307,11217,0,6,92,3,71,18.4295706466
26227,10307,10462,0,6,104,3,58,30.6666121459
26228,10307,10040,0,6,80,3,27,29.3097683871
26229,10307,10457,0,6,28,3,16,29.5707716456
26230,10307,10017,0,6,277,3,161,22.068000061
26231,10307,11433,0,6,18,3,12,27.2987278201
26232,10307,10308,0,6,8,3,8,5.72302673306
26233,10307,10468,0,6,52,3,30,30.6738968796
26234,10307,10111,0,6,15,3,13,22.2612703781
26235,10307,10309,0,6,23,3,15,2.1979916362
26236,10307,10034,0,6,68,3,33,30.0717975128
26237,10307,10028,0,6,89,3,53,23.983725804
26238,10307,10035,0,6,65,3,32,26.0334940409
26239,10307,11228,0,6,10,3,8,14.3582353228
26240,10307,11105,0,6,25,3,19,25.4810762093
26241,10307,11355,0,6,26,3,18,27.8369845705
26242,10307,11209,0,6,49,3,28,13.7915204122
26243,10307,11213,0,6,35,3,20,19.7648072946
26244,10307,11369,0,6,12,3,8,26.3392649399
26245,10307,10031,0,6,64,3,45,26.8630179247
26246,10307,11221,0,6,120,3,61,20.9336846767
26247,10307,11212,0,6,12,3,10,20.3772831647
26248,10307,11233,0,6,74,3,34,20.6929681918
26249,10307,11368,0,6,62,3,41,26.1207165888
26250,10307,11205,0,6,37,3,31,19.4748815635
26251,10307,10069,0,6,14,3,8,22.7439955071
26252,10307,11203,0,6,39,3,8,19.0206686546
26253,10307,10459,0,6,16,3,8,28.6052607457
26254,10307,11219,0,6,6,3,4,15.592127528
26255,10307,11434,0,6,32,3,16,27.320385921
26256,10307,11230,0,6,11,3,5,16.7070307492
26257,10307,11373,0,6,53,3,27,24.8399377848
26258,10307,11362,0,6,8,3,5,31.9611070716
26259,10307,10305,0,6,11,3,8,10.8705979589
26260,10307,11104,0,6,8,3,6,23.557069751
26261,10307,10004,0,6,168,3,99,16.947912804
26262,10307,10275,0,6,13,3,7,23.4512321096
26263,10307,10118,0,6,4,3,3,21.4246661222
26264,10307,10026,0,6,57,3,43,25.3784055558
26265,10307,11235,0,6,19,3,14,16.3130540452
26266,10307,10469,0,6,44,3,12,32.4358837852
26267,10307,10281,0,6,31,3,24,18.6457799174
26268,10307,11223,0,6,10,3,7,15.5805333851
26269,10307,11379,0,6,33,3,13,23.9398027207
26270,10307,10465,0,6,37,3,16,31.3308342217
26271,10307,10455,0,6,20,3,11,27.5966762668
26272,10307,10466,0,6,16,3,11,33.6390343273
26273,10307,11239,0,6,4,3,2,21.4063677225
26274,10307,11207,0,6,86,3,31,21.5433470902
26275,10307,11367,0,6,35,3,17,26.9158306359
26276,10307,11106,0,6,21,3,19,24.0043964834
26277,10307,10471,0,6,19,3,15,32.4528763718
26278,10307,11234,0,6,50,3,15,18.5878033818
26279,10307,10167,0,6,11,3,4,22.121426044
26280,10307,10453,0,6,21,3,16,29.4877458797
26281,10307,10451,0,6,20,3,12,27.3376745187
26282,10307,10033,0,6,86,3,31,28.5539216891
26283,10307,11354,0,6,38,3,25,28.3894583968
26284,10307,10463,0,6,36,3,16,31.2068648528
26285,10307,10169,0,6,4,3,4,22.0630031233
26286,10307,10456,0,6,21,3,12,28.3230110945
26287,10307,11420,0,6,8,3,7,25.291733636
26288,10307,10153,0,6,6,3,5,22.6703708296
26289,10307,10307,3,6,6,3,3,0.0
26290,10307,10306,0,6,17,3,8,7.86094832355
26291,10307,10165,0,6,2,3,2,21.8558391911
26292,10307,10303,0,6,11,3,7,9.39621081561
26293,10307,11224,0,6,22,3,13,14.0851005883
26294,10307,10304,0,6,8,3,5,10.6243027006
26295,10307,10458,0,6,34,3,31,30.8362793529
26296,10307,11414,0,6,13,3,7,23.479006837
26297,10307,11204,0,6,9,3,8,15.6291053733
26298,10307,11372,0,6,16,3,11,25.2150557079
26299,10307,11357,0,6,9,3,6,29.7491383548
26300,10307,10044,0,6,9,3,8,23.3860966793
26301,10307,11229,0,6,27,3,14,17.1229406465
26302,10307,11236,0,6,15,3,9,20.0936108678
26303,10307,10302,0,6,5,3,5,10.1681095136
26304,10307,11422,0,6,11,3,8,28.8010379011
26305,10307,10312,0,6,4,3,2,4.29473864783
26306,10307,10310,0,6,27,3,6,10.8922191967
26307,10307,11429,0,6,8,3,6,29.9384619571
26308,10307,10152,0,6,2,3,2,22.4115914116
26309,10307,11214,0,6,10,3,6,14.4643332192
26310,10307,11435,0,6,41,3,23,26.3839079781
26311,10307,10039,0,6,8,3,7,27.2210116097
26312,10307,10121,0,6,1,3,1,21.2803928521
26313,10307,11413,0,6,14,3,7,28.2096628743
26314,10307,10473,0,6,14,3,9,29.4510680763
26315,10307,10454,0,6,19,3,10,26.800870289
26316,10307,11416,0,6,5,3,5,23.9660487085
26317,10307,10280,0,6,5,3,3,18.172729154
26318,10307,11694,0,6,5,3,4,21.4037620163
26319,10307,11358,0,6,6,3,4,29.2733588964
26320,10307,11421,0,6,4,3,4,23.8749212626
26321,10307,11412,0,6,4,3,4,28.6162022912
26322,10307,10174,0,6,2,3,2,21.944836105
26323,10307,11417,0,6,3,3,3,23.9564919523
26324,10307,11427,0,6,5,3,4,30.1766691474
26325,10307,11411,0,6,4,3,2,29.6242146824
26326,10307,11374,0,6,10,3,9,25.0801105382
26327,10307,10096,0,6,2,3,2,23.4512321096
26328,10307,10006,0,6,19,3,18,18.3468428174
26329,10307,10037,0,6,15,3,10,26.5456195077
26330,10307,11370,0,6,8,3,4,25.5727577261
26331,10307,10475,0,6,15,3,11,33.7003084022
26332,10307,11225,0,6,17,3,13,18.563367594
26333,10307,10282,0,6,10,3,9,18.8007956967
26334,10307,11426,0,6,12,3,5,31.5335871988
26335,10307,11378,0,6,18,3,7,23.3144365552
26336,10307,10107,0,6,1,3,1,22.4884316212
26337,10307,11251,0,6,4,3,3,18.3393030593
26338,10307,11436,0,6,6,3,3,26.1502146642
26339,10307,11360,0,6,10,3,5,30.7705186388
26340,10307,11356,0,6,2,3,2,28.4295712606
26341,10307,10474,0,6,8,3,7,28.1653344903
26342,10307,11697,0,6,1,3,1,17.9939675948
26343,10307,10172,0,6,2,3,2,22.1710531392
26344,10307,11691,0,6,4,3,3,26.2604313782
26345,10307,10470,0,6,6,3,4,33.7308963141
26346,10307,11366,0,6,7,3,5,27.9817158465
26347,10307,10041,0,6,2,3,2,18.2143555073
26348,10307,10278,0,6,1,3,1,19.0802844442
26349,10307,10106,0,6,4,3,1,22.4976279113
26350,10307,11428,0,6,2,3,2,30.1966374686
26351,10307,10286,0,6,1,3,1,18.728608395
26352,10307,10279,0,6,1,3,1,18.7822663048
26353,10307,10103,0,6,1,3,1,22.3481652056
26354,10307,10196,0,6,1,3,1,23.4512321096
26355,10307,10154,0,6,1,3,1,22.3636593297
26356,10307,10119,0,6,2,3,2,21.3117011555
26357,10307,10464,0,6,5,3,4,33.9103219577
26358,10307,10166,0,6,2,3,2,22.063827751
26359,10307,10203,0,6,1,3,1,23.4512321096
26360,10307,11359,0,6,2,3,2,31.4352179623
26361,10307,10177,0,6,1,3,1,22.1088332698
26362,10307,11040,0,6,1,3,1,33.8258347741
26363,10307,11364,0,6,2,3,2,30.2978069016
26364,10307,11692,0,6,2,3,2,24.3020039375
26365,10307,11423,0,6,1,3,1,28.7674798174
26366,10307,11415,0,6,2,3,2,25.7324117911
26367,10307,10175,0,6,2,3,1,21.9302363485
26368,10306,10012,0,17,445,8,357,12.4964906565
26369,10306,11222,0,17,110,8,71,14.1132827237
26370,10306,11231,0,17,65,8,44,9.68207626124
26371,10306,10019,2,17,637,8,440,15.224568233
26372,10306,11102,0,17,35,8,30,17.2375784974
26373,10306,10003,2,17,493,8,400,13.1257215611
26374,10306,10020,1,17,143,8,116,14.9281006533
26375,10306,10018,1,17,339,8,256,14.3869056086
26376,10306,10001,1,17,670,8,468,14.0436150427
26377,10306,11365,0,17,21,8,9,20.7364248403
26378,10306,10007,2,17,1780,8,1042,11.5939623553
26379,10306,10022,1,17,228,8,164,15.2890031533
26380,10306,10013,1,17,745,8,406,11.9987169164
26381,10306,10472,0,17,23,8,8,22.2692953947
26382,10306,11226,0,17,195,8,123,10.013281853
26383,10306,10027,2,17,141,8,83,18.8399428679
26384,10306,11210,1,17,34,8,20,9.92336947627
26385,10306,11693,0,17,6,8,6,15.7955335698
26386,10306,11432,1,17,49,8,36,19.7703454168
26387,10306,11103,0,17,35,8,26,17.2229651188
26388,10306,11237,0,17,64,8,53,13.9168927525
26389,10306,10010,2,17,218,8,181,13.7086414713
26390,10306,10014,1,17,397,8,286,12.8493781089
26391,10306,10009,0,17,135,8,91,13.11239674
26392,10306,10036,1,17,826,8,656,14.7338103254
26393,10306,11216,1,17,60,8,49,11.7550845903
26394,10306,11418,1,17,15,8,11,17.3935322144
26395,10306,11109,0,17,5,8,5,14.1705485708
26396,10306,11371,0,17,71,8,65,18.9276003714
26397,10306,10460,0,17,42,8,22,22.5085352301
26398,10306,10048,0,17,86,8,65,11.3021909202
26399,10306,10128,1,17,51,8,40,17.0995599958
26400,10306,11375,2,17,44,8,27,17.6969519904
26401,10306,10023,1,17,210,8,134,15.9291116335
26402,10306,11211,2,17,352,8,256,13.0719226286
26403,10306,10011,1,17,437,8,352,13.3606551014
26404,10306,10025,1,17,143,8,65,17.6575110219
26405,10306,10032,1,17,65,8,28,20.8840656442
26406,10306,11232,0,17,125,8,24,8.42463367576
26407,10306,11377,0,17,46,8,33,16.4268594552
26408,10306,11361,0,17,19,8,11,22.4798594392
26409,10306,11206,0,17,90,8,63,12.9905790727
26410,10306,11430,0,17,187,8,143,17.8429874396
26411,10306,10021,1,17,62,8,45,16.0308491473
26412,10306,11201,1,17,234,8,176,11.0131215094
26413,10306,11238,2,17,109,8,64,11.1824213657
26414,10306,10016,1,17,162,8,110,14.2522801775
26415,10306,11218,0,17,26,8,19,9.0873719324
26416,10306,10301,1,17,45,8,32,4.47871168887
26417,10306,10452,0,17,54,8,34,21.2328974922
26418,10306,10314,2,17,51,8,30,2.92526476223
26419,10306,10461,0,17,50,8,20,23.9137508824
26420,10306,11101,2,17,193,8,96,15.3510562966
26421,10306,10029,1,17,50,8,38,17.7986273563
26422,10306,10467,0,17,33,8,22,24.6359605541
26423,10306,11208,0,17,43,8,13,14.7381172859
26424,10306,10024,1,17,101,8,71,16.6993103705
26425,10306,10005,2,17,65,8,41,11.039217852
26426,10306,10030,0,17,39,8,26,19.4542407793
26427,10306,10002,1,17,258,8,186,12.2918931792
26428,10306,11385,0,17,56,8,31,14.9987049696
26429,10306,11220,0,17,38,8,23,7.31756161658
26430,10306,11215,0,17,123,8,95,9.70492687017
26431,10306,10038,1,17,174,8,85,11.3898724646
26432,10306,11217,2,17,92,8,71,10.7078715953
26433,10306,10462,2,17,104,8,58,23.2288007335
26434,10306,10040,0,17,80,8,27,22.3008741251
26435,10306,10457,0,17,28,8,16,22.3334774089
26436,10306,10017,2,17,277,8,161,14.7487228773
26437,10306,11433,0,17,18,8,12,19.4636161164
26438,10306,10308,0,17,8,8,8,2.14226340868
26439,10306,10468,0,17,52,8,30,23.5336688264
26440,10306,10111,0,17,15,8,13,15.026048218
26441,10306,10309,0,17,23,8,15,5.70832168459
26442,10306,10034,1,17,68,8,33,23.0533084908
26443,10306,10028,1,17,89,8,53,16.6966881657
26444,10306,10035,0,17,65,8,32,18.7659380607
26445,10306,11228,0,17,10,8,8,6.49869038884
26446,10306,11105,0,17,25,8,19,17.9450885636
26447,10306,11355,0,17,26,8,18,20.0078332797
26448,10306,11209,1,17,49,8,28,5.95093966449
26449,10306,11213,0,17,35,8,20,11.9136223959
26450,10306,11369,0,17,12,8,8,18.6302659074
26451,10306,10031,1,17,64,8,45,19.8200520177
26452,10306,11221,0,17,120,8,61,13.1151276548
26453,10306,11212,0,17,12,8,10,12.5181548875
26454,10306,11233,0,17,74,8,34,12.8385736263
26455,10306,11368,0,17,62,8,41,18.3376990347
26456,10306,11205,1,17,37,8,31,11.7685370952
26457,10306,10069,0,17,14,8,8,15.7154393639
26458,10306,11203,0,17,39,8,8,11.1654289603
26459,10306,10459,0,17,16,8,8,21.2422926944
26460,10306,11219,0,17,6,8,4,7.73326124648
26461,10306,11434,0,17,32,8,16,19.5523138898
26462,10306,11230,0,17,11,8,5,8.88425180224
26463,10306,11373,0,17,53,8,27,17.0618368234
26464,10306,11362,0,17,8,8,5,24.1006446086
26465,10306,10305,0,17,11,8,8,3.04192655391
26466,10306,11104,0,17,8,8,6,15.920784511
26467,10306,10004,1,17,168,8,99,9.82341838304
26468,10306,10275,0,17,13,8,7,16.3494767857
26469,10306,10118,1,17,4,8,3,14.1862126434
26470,10306,10026,0,17,57,8,43,18.2464767143
26471,10306,11235,0,17,19,8,14,8.87682919736
26472,10306,10469,0,17,44,8,12,25.0610120595
26473,10306,10281,1,17,31,8,24,11.3884050879
26474,10306,11223,0,17,10,8,7,7.91018170602
26475,10306,11379,0,17,33,8,13,16.1135799081
26476,10306,10465,0,17,37,8,16,23.6985203324
26477,10306,10455,0,17,20,8,11,20.2566403066
26478,10306,10466,0,17,16,8,11,26.3517947292
26479,10306,11239,0,17,4,8,2,13.6142736866
26480,10306,11207,0,17,86,8,31,13.6842348095
26481,10306,11367,0,17,35,8,17,19.0619477255
26482,10306,11106,0,17,21,8,19,16.5090743916
26483,10306,10471,0,17,19,8,15,25.4875048995
26484,10306,11234,0,17,50,8,15,10.8656900005
26485,10306,10167,0,17,11,8,4,14.8377592936
26486,10306,10453,0,17,21,8,16,22.3533728385
26487,10306,10451,0,17,20,8,12,20.0961530292
26488,10306,10033,0,17,86,8,31,21.5367196197
26489,10306,11354,0,17,38,8,25,20.6045917864
26490,10306,10463,1,17,36,8,16,24.1768280095
26491,10306,10169,1,17,4,8,4,14.7845531205
26492,10306,10456,0,17,21,8,12,21.0562119997
26493,10306,11420,0,17,8,8,7,17.4854570885
26494,10306,10153,0,17,6,8,5,15.4277547236
26495,10306,10307,0,17,6,8,3,7.86094832355
26496,10306,10306,8,17,17,8,8,0.0
26497,10306,10165,0,17,2,8,2,14.583817802
26498,10306,10303,0,17,11,8,7,4.76009154134
26499,10306,11224,0,17,22,8,13,6.65488790593
26500,10306,10304,0,17,8,8,5,3.03454131295
26501,10306,10458,1,17,34,8,31,23.628713202
26502,10306,11414,0,17,13,8,7,15.6873644352
26503,10306,11204,0,17,9,8,8,7.79206662546
26504,10306,11372,0,17,16,8,11,17.4964908416
26505,10306,11357,0,17,9,8,6,21.9791809306
26506,10306,10044,0,17,9,8,8,15.9842688097
26507,10306,11229,0,17,27,8,14,9.51961219045
26508,10306,11236,0,17,15,8,9,12.289094714
26509,10306,10302,0,17,5,8,5,4.37890584279
26510,10306,11422,0,17,11,8,8,21.1248393014
26511,10306,10312,0,17,4,8,2,3.56979703924
26512,10306,10310,0,17,27,8,6,4.32990035688
26513,10306,11429,0,17,8,8,6,22.1147100896
26514,10306,10152,0,17,2,8,2,15.133101158
26515,10306,11214,1,17,10,8,6,6.72208891096
26516,10306,11435,0,17,41,8,23,18.5315078321
26517,10306,10039,0,17,8,8,7,20.101342919
26518,10306,10121,0,17,1,8,1,14.0888387266
26519,10306,11413,0,17,14,8,7,20.4825137148
26520,10306,10473,0,17,14,8,9,21.918211652
26521,10306,10454,0,17,19,8,10,19.4568694105
26522,10306,11416,0,17,5,8,5,16.1129398995
26523,10306,10280,0,17,5,8,3,10.882332462
26524,10306,11694,0,17,5,8,4,14.2481751445
26525,10306,11358,0,17,6,8,4,21.4404719582
26526,10306,11421,0,17,4,8,4,16.0144350621
26527,10306,11412,0,17,4,8,4,20.800324928
26528,10306,10174,0,17,2,8,2,14.6418205809
26529,10306,11417,0,17,3,8,3,16.1180565978
26530,10306,11427,0,17,5,8,4,22.3230550762
26531,10306,11411,0,17,4,8,2,21.837454991
26532,10306,11374,0,17,10,8,9,17.2503326039
26533,10306,10096,0,17,2,8,2,16.3494767857
26534,10306,10006,1,17,19,8,18,11.0215697544
26535,10306,10037,0,17,15,8,10,19.3522702841
26536,10306,11370,0,17,8,8,4,17.9209942427
26537,10306,10475,0,17,15,8,11,26.2807729609
26538,10306,11225,0,17,17,8,13,10.7174133926
26539,10306,10282,0,17,10,8,9,11.5581578919
26540,10306,11426,0,17,12,8,5,23.6867019295
26541,10306,11378,0,17,18,8,7,15.5499327465
26542,10306,10107,0,17,1,8,1,15.3377265032
26543,10306,11251,0,17,4,8,3,10.4824887519
26544,10306,11436,0,17,6,8,3,18.3588482985
26545,10306,11360,0,17,10,8,5,22.9541389231
26546,10306,11356,0,17,2,8,2,20.7305950937
26547,10306,10474,0,17,8,8,7,20.7207566067
26548,10306,11697,0,17,1,8,1,11.013161554
26549,10306,10172,0,17,2,8,2,14.8881182777
26550,10306,11691,0,17,4,8,3,18.9631257893
26551,10306,10470,0,17,6,8,4,26.5432793233
26552,10306,11366,0,17,7,8,5,20.1208079748
26553,10306,10041,0,17,2,8,2,10.8226322901
26554,10306,10278,0,17,1,8,1,11.7381715551
26555,10306,10106,0,17,4,8,1,15.3215873628
26556,10306,11428,0,17,2,8,2,22.3542877816
26557,10306,10286,0,17,1,8,1,11.4408995977
26558,10306,10279,0,17,1,8,1,11.4571415368
26559,10306,10103,0,17,1,8,1,15.1246140176
26560,10306,10196,0,17,1,8,1,16.3494767857
26561,10306,10154,0,17,1,8,1,15.0842218777
26562,10306,10119,1,17,2,8,2,14.1364768836
26563,10306,10464,0,17,5,8,4,26.3050895912
26564,10306,10166,0,17,2,8,2,14.7874704301
26565,10306,10203,0,17,1,8,1,16.3494767857
26566,10306,11359,0,17,2,8,2,23.6377231644
26567,10306,10177,0,17,1,8,1,14.8363364565
26568,10306,11040,0,17,1,8,1,25.9863055073
26569,10306,11364,0,17,2,8,2,22.4373700066
26570,10306,11692,0,17,2,8,2,17.0266239174
26571,10306,11423,0,17,1,8,1,20.9187348359
26572,10306,11415,0,17,2,8,2,17.8715123881
26573,10306,10175,0,17,2,8,1,14.6774947046
26574,10165,10012,0,2,445,2,357,2.08757853365
26575,10165,11222,0,2,110,2,71,2.507585229
26576,10165,11231,0,2,65,2,44,5.22495412368
26577,10165,10019,0,2,637,2,440,0.986630953055
26578,10165,11102,0,2,35,2,30,3.13323165838
26579,10165,10003,0,2,493,2,400,1.47510094895
26580,10165,10020,0,2,143,2,116,0.441252505709
26581,10165,10018,1,2,339,2,256,0.782590771216
26582,10165,10001,1,2,670,2,468,0.931797160528
26583,10165,11365,0,2,21,2,9,9.84703508439
26584,10165,10007,1,2,1780,2,1042,2.98989945512
26585,10165,10022,0,2,228,2,164,0.761881130424
26586,10165,10013,0,2,745,2,406,2.58751400782
26587,10165,10472,0,2,23,2,8,7.90957579803
26588,10165,11226,0,2,195,2,123,7.49120606607
26589,10165,10027,0,2,141,2,83,4.34649803486
26590,10165,11210,0,2,34,2,20,8.76160329421
26591,10165,11693,0,2,6,2,6,13.5960543324
26592,10165,11432,0,2,49,2,36,10.0955456047
26593,10165,11103,0,2,35,2,26,3.64185257905
26594,10165,11237,0,2,64,2,53,4.58409429451
26595,10165,10010,0,2,218,2,181,0.934678176645
26596,10165,10014,0,2,397,2,286,1.84484584719
26597,10165,10009,0,2,135,2,91,1.74312746472
26598,10165,10036,1,2,826,2,656,0.771254095128
26599,10165,11216,0,2,60,2,49,5.21955361391
26600,10165,11418,0,2,15,2,11,8.48274708105
26601,10165,11109,0,2,5,2,5,8.98805013516
26602,10165,11371,0,2,71,2,65,5.61393165462
26603,10165,10460,0,2,42,2,22,8.0047310837
26604,10165,10048,0,2,86,2,65,3.28461074083
26605,10165,10128,0,2,51,2,40,2.52824262589
26606,10165,11375,0,2,44,2,27,7.32189683968
26607,10165,10023,0,2,210,2,134,1.65152696034
26608,10165,11211,0,2,352,2,256,3.06438541051
26609,10165,10011,0,2,437,2,352,1.36110731564
26610,10165,10025,0,2,143,2,65,3.23426153254
26611,10165,10032,0,2,65,2,28,6.40231633681
26612,10165,11232,0,2,125,2,24,6.81560494213
26613,10165,11377,0,2,46,2,33,3.99663294086
26614,10165,11361,0,2,19,2,11,10.7812178328
26615,10165,11206,0,2,90,2,63,3.93464717022
26616,10165,11430,0,2,187,2,143,11.9148283423
26617,10165,10021,0,2,62,2,45,1.47176262291
26618,10165,11201,0,2,234,2,176,3.97385592532
26619,10165,11238,0,2,109,2,64,5.05581367801
26620,10165,10016,0,2,162,2,110,0.431533405518
26621,10165,11218,0,2,26,2,19,7.44017539662
26622,10165,10301,0,2,45,2,32,10.2943726652
26623,10165,10452,0,2,54,2,34,6.65837306653
26624,10165,10314,0,2,51,2,30,13.3329778163
26625,10165,10461,0,2,50,2,20,9.66934906559
26626,10165,11101,0,2,193,2,96,2.14545072502
26627,10165,10029,0,2,50,2,38,3.21755966346
26628,10165,10467,0,2,33,2,22,10.0716500725
26629,10165,11208,0,2,43,2,13,7.83945295894
26630,10165,10024,0,2,101,2,71,2.35029565384
26631,10165,10005,0,2,65,2,41,3.55662336755
26632,10165,10030,0,2,39,2,26,4.90496693909
26633,10165,10002,0,2,258,2,186,2.47356636532
26634,10165,11385,0,2,56,2,31,5.65414848108
26635,10165,11220,0,2,38,2,23,7.8943296003
26636,10165,11215,0,2,123,2,95,5.86512255481
26637,10165,10038,0,2,174,2,85,3.21865821855
26638,10165,11217,0,2,92,2,71,4.84870342463
26639,10165,10462,0,2,104,2,58,8.84282962703
26640,10165,10040,0,2,80,2,27,7.79927646502
26641,10165,10457,0,2,28,2,16,7.75555272552
26642,10165,10017,2,2,277,2,161,0.346068247083
26643,10165,11433,0,2,18,2,12,10.7684948932
26644,10165,10308,0,2,8,2,8,16.5572286029
26645,10165,10468,0,2,52,2,30,8.95424693607
26646,10165,10111,0,2,15,2,13,0.478627085307
26647,10165,10309,0,2,23,2,15,19.6821801305
26648,10165,10034,0,2,68,2,33,8.53431280607
26649,10165,10028,0,2,89,2,53,2.12908919457
26650,10165,10035,0,2,65,2,32,4.19188263221
26651,10165,11228,0,2,10,2,8,9.45887554873
26652,10165,11105,0,2,25,2,19,4.01860644935
26653,10165,11355,0,2,26,2,18,8.37169358589
26654,10165,11209,0,2,49,2,28,9.29511857856
26655,10165,11213,0,2,35,2,20,6.08064828858
26656,10165,11369,0,2,12,2,8,5.73321369186
26657,10165,10031,0,2,64,2,45,5.33475127592
26658,10165,11221,0,2,120,2,61,5.03902716065
26659,10165,11212,0,2,12,2,10,7.11190229683
26660,10165,11233,0,2,74,2,34,6.09183593279
26661,10165,11368,0,2,62,2,41,6.33481736054
26662,10165,11205,0,2,37,2,31,4.07492537975
26663,10165,10069,0,2,14,2,8,1.70768284385
26664,10165,11203,0,2,39,2,8,7.52345443283
26665,10165,10459,0,2,16,2,8,6.75250270936
26666,10165,11219,0,2,6,2,4,8.32394616643
26667,10165,11434,0,2,32,2,16,12.0741595345
26668,10165,11230,0,2,11,2,5,8.95910875291
26669,10165,11373,0,2,53,2,27,5.41107192802
26670,10165,11362,0,2,8,2,5,12.9011135642
26671,10165,10305,0,2,11,2,8,11.7237256223
26672,10165,11104,0,2,8,2,6,3.1731347089
26673,10165,10004,0,2,168,2,99,4.91205250825
26674,10165,10275,0,2,13,2,7,1.96154710664
26675,10165,10118,0,2,4,2,3,0.459675314983
26676,10165,10026,0,2,57,2,43,3.70841851511
26677,10165,11235,0,2,19,2,14,11.727721625
26678,10165,10469,0,2,44,2,12,10.5810382209
26679,10165,10281,0,2,31,2,24,3.21766132129
26680,10165,11223,0,2,10,2,7,10.6465705617
26681,10165,11379,0,2,33,2,13,5.80008802477
26682,10165,10465,0,2,37,2,16,9.86240799588
26683,10165,10455,0,2,20,2,11,5.7413550364
26684,10165,10466,0,2,16,2,11,11.8005950859
26685,10165,11239,0,2,4,2,2,9.02383337328
26686,10165,11207,0,2,86,2,31,7.16728586785
26687,10165,11367,0,2,35,2,17,8.42435801401
26688,10165,11106,0,2,21,2,19,2.57636381953
26689,10165,10471,0,2,19,2,15,10.9810873302
26690,10165,11234,0,2,50,2,15,9.71021061875
26691,10165,10167,0,2,11,2,4,0.270018819565
26692,10165,10453,0,2,21,2,16,7.77829461152
26693,10165,10451,0,2,20,2,12,5.5160024048
26694,10165,10033,0,2,86,2,31,7.04030386611
26695,10165,11354,0,2,38,2,25,8.14850937747
26696,10165,10463,0,2,36,2,16,9.6395700019
26697,10165,10169,0,2,4,2,4,0.208294132748
26698,10165,10456,0,2,21,2,12,6.48654132124
26699,10165,11420,0,2,8,2,7,10.220137206
26700,10165,10153,0,2,6,2,5,0.850882053022
26701,10165,10307,0,2,6,2,3,21.8558391911
26702,10165,10306,0,2,17,2,8,14.583817802
26703,10165,10165,2,2,2,2,2,0.0
26704,10165,10303,0,2,11,2,7,12.8375316671
26705,10165,11224,0,2,22,2,13,12.14677098
26706,10165,10304,0,2,8,2,5,11.5499049618
26707,10165,10458,0,2,34,2,31,9.04646382914
26708,10165,11414,0,2,13,2,7,9.6430769467
26709,10165,11204,0,2,9,2,8,9.2106391597
26710,10165,11372,0,2,16,2,11,4.96492074011
26711,10165,11357,0,2,9,2,6,9.17312818057
26712,10165,10044,0,2,9,2,8,1.70076150459
26713,10165,11229,0,2,27,2,14,10.7482860989
26714,10165,11236,0,2,15,2,9,8.67017495056
26715,10165,10302,0,2,5,2,5,11.7921292071
26716,10165,11422,0,2,11,2,8,14.221198312
26717,10165,10312,0,2,4,2,2,17.7780017457
26718,10165,10310,0,2,27,2,6,10.9686025406
26719,10165,11429,0,2,8,2,6,12.9442937438
26720,10165,10152,0,2,2,2,2,0.555787405063
26721,10165,11214,0,2,10,2,6,10.6206702005
26722,10165,11435,0,2,41,2,23,9.57913739086
26723,10165,10039,0,2,8,2,7,5.54595941538
26724,10165,10121,0,2,1,2,1,0.706862410123
26725,10165,11413,0,2,14,2,7,13.2234877725
26726,10165,10473,0,2,14,2,9,7.77390477371
26727,10165,10454,0,2,19,2,10,4.94724911598
26728,10165,11416,0,2,5,2,5,8.26370419112
26729,10165,10280,0,2,5,2,3,3.70983338732
26730,10165,11694,0,2,5,2,4,13.9690596037
26731,10165,11358,0,2,6,2,4,9.60722239039
26732,10165,11421,0,2,4,2,4,7.62220913721
26733,10165,11412,0,2,4,2,4,12.1313654474
26734,10165,10174,0,2,2,2,2,0.202078807513
26735,10165,11417,0,2,3,2,3,8.81483123019
26736,10165,11427,0,2,5,2,4,12.2416212316
26737,10165,11411,0,2,4,2,2,13.3949003776
26738,10165,11374,0,2,10,2,9,6.47559052396
26739,10165,10096,0,2,2,2,2,1.96154710664
26740,10165,10006,0,2,19,2,18,3.56242549363
26741,10165,10037,0,2,15,2,10,4.77080990504
26742,10165,11370,0,2,8,2,4,4.69530009386
26743,10165,10475,0,2,15,2,11,11.8551182799
26744,10165,11225,0,2,17,2,13,6.29841009556
26745,10165,10282,0,2,10,2,9,3.05768614694
26746,10165,11426,0,2,12,2,5,13.6019764973
26747,10165,11378,0,2,18,2,7,4.44892714855
26748,10165,10107,0,2,1,2,1,0.991765461106
26749,10165,11251,0,2,4,2,3,7.61154594354
26750,10165,11436,0,2,6,2,3,10.9758049435
26751,10165,11360,0,2,10,2,5,10.6101392187
26752,10165,11356,0,2,2,2,2,7.45361440526
26753,10165,10474,0,2,8,2,7,6.37108454465
26754,10165,11697,0,2,1,2,1,13.7617929086
26755,10165,10172,0,2,2,2,2,0.317775183053
26756,10165,11691,0,2,4,2,3,15.5945836621
26757,10165,10470,0,2,6,2,4,11.9605982981
26758,10165,11366,0,2,7,2,5,9.81896580555
26759,10165,10041,0,2,2,2,2,3.77606902677
26760,10165,10278,0,2,1,2,1,2.84928560375
26761,10165,10106,0,2,4,2,1,0.893030698733
26762,10165,11428,0,2,2,2,2,12.6709613572
26763,10165,10286,0,2,1,2,1,3.14950656517
26764,10165,10279,0,2,1,2,1,3.12670163826
26765,10165,10103,0,2,1,2,1,0.593296409468
26766,10165,10196,0,2,1,2,1,1.96154710664
26767,10165,10154,0,2,1,2,1,0.507831516169
26768,10165,10119,0,2,2,2,2,0.741677205513
26769,10165,10464,0,2,5,2,4,12.2992028662
26770,10165,10166,0,2,2,2,2,0.208178954495
26771,10165,10203,0,2,1,2,1,1.96154710664
26772,10165,11359,0,2,2,2,2,10.9677180206
26773,10165,10177,0,2,1,2,1,0.253647554932
26774,10165,11040,0,2,1,2,1,15.7543015955
26775,10165,11364,0,2,2,2,2,11.4968483913
26776,10165,11692,0,2,2,2,2,14.6169237961
26777,10165,11423,0,2,1,2,1,11.3655256411
26778,10165,11415,0,2,2,2,2,8.43498510031
26779,10165,10175,0,2,2,2,1,0.1423576852
26780,10303,10012,2,11,445,7,357,10.8912596586
26781,10303,11222,1,11,110,7,71,13.2051475003
26782,10303,11231,2,11,65,7,44,9.06435380793
26783,10303,10019,2,11,637,7,440,13.2140947196
26784,10303,11102,2,11,35,7,30,15.8650909722
26785,10303,10003,0,11,493,7,400,11.5411271552
26786,10303,10020,0,11,143,7,116,13.0774769326
26787,10303,10018,2,11,339,7,256,12.4088167524
26788,10303,10001,2,11,670,7,468,12.0805331529
26789,10303,11365,2,11,21,7,9,20.8678896024
26790,10303,10007,2,11,1780,7,1042,10.0556183438
26791,10303,10022,2,11,228,7,164,13.5975009184
26792,10303,10013,0,11,745,7,406,10.3807184909
26793,10303,10472,2,11,23,7,8,20.7450368228
26794,10303,11226,2,11,195,7,123,10.928098244
26795,10303,10027,2,11,141,7,83,16.6848654954
26796,10303,11210,2,11,34,7,20,11.4016401228
26797,10303,11693,0,11,6,7,6,18.1545985349
26798,10303,11432,0,11,49,7,36,20.2556500078
26799,10303,11103,2,11,35,7,26,16.103287172
26800,10303,11237,2,11,64,7,53,13.7221249709
26801,10303,10010,2,11,218,7,181,12.1202815531
26802,10303,10014,2,11,397,7,286,10.9926859989
26803,10303,10009,0,11,135,7,91,11.7717441995
26804,10303,10036,2,11,826,7,656,12.7411116099
26805,10303,11216,2,11,60,7,49,11.7901208355
26806,10303,11418,0,11,15,7,11,17.9180656278
26807,10303,11109,0,11,5,7,5,15.4022412142
26808,10303,11371,2,11,71,7,65,18.0134767932
26809,10303,10460,2,11,42,7,22,20.7875451376
26810,10303,10048,0,11,86,7,65,9.73244908045
26811,10303,10128,2,11,51,7,40,15.3160145526
26812,10303,11375,2,11,44,7,27,17.7790494994
26813,10303,10023,2,11,210,7,134,13.830777696
26814,10303,11211,2,11,352,7,256,12.3319380808
26815,10303,10011,2,11,437,7,352,11.4853125183
26816,10303,10025,0,11,143,7,65,15.4960091842
26817,10303,10032,2,11,65,7,28,18.623413112
26818,10303,11232,2,11,125,7,24,8.50434300103
26819,10303,11377,2,11,46,7,33,15.6775397603
26820,10303,11361,2,11,19,7,11,22.3915431474
26821,10303,11206,0,11,90,7,63,12.5827619546
26822,10303,11430,2,11,187,7,143,19.3305000062
26823,10303,10021,2,11,62,7,45,14.2977184634
26824,10303,11201,2,11,234,7,176,10.1773062176
26825,10303,11238,0,11,109,7,64,11.0680906828
26826,10303,10016,2,11,162,7,110,12.613380061
26827,10303,11218,2,11,26,7,19,9.85546658951
26828,10303,10301,2,11,45,7,32,3.5820373099
26829,10303,10452,2,11,54,7,34,19.1658315165
26830,10303,10314,2,11,51,7,30,1.83483769075
26831,10303,10461,1,11,50,7,20,22.5060747388
26832,10303,11101,2,11,193,7,96,14.1965319383
26833,10303,10029,2,11,50,7,38,15.9550255971
26834,10303,10467,2,11,33,7,22,22.7412148853
26835,10303,11208,0,11,43,7,13,15.5249982351
26836,10303,10024,0,11,101,7,71,14.5582370334
26837,10303,10005,2,11,65,7,41,9.65521319768
26838,10303,10030,1,11,39,7,26,17.365957506
26839,10303,10002,0,11,258,7,186,11.0197398039
26840,10303,11385,1,11,56,7,31,15.0456936014
26841,10303,11220,2,11,38,7,23,7.75308080972
26842,10303,11215,2,11,123,7,95,9.65537841319
26843,10303,10038,2,11,174,7,85,10.0101904238
26844,10303,11217,0,11,92,7,71,10.3565589235
26845,10303,10462,2,11,104,7,58,21.6719392096
26846,10303,10040,2,11,80,7,27,20.0219708461
26847,10303,10457,2,11,28,7,16,20.4082035148
26848,10303,10017,2,11,277,7,161,13.0906728471
26849,10303,11433,2,11,18,7,12,20.243251208
26850,10303,10308,0,11,8,7,8,5.42193737487
26851,10303,10468,2,11,52,7,30,21.4417161473
26852,10303,10111,0,11,15,7,13,13.1999735082
26853,10303,10309,2,11,23,7,15,7.37735071548
26854,10303,10034,1,11,68,7,33,20.7837687873
26855,10303,10028,2,11,89,7,53,14.9327238502
26856,10303,10035,2,11,65,7,32,16.9327583311
26857,10303,11228,1,11,10,7,8,7.96598189203
26858,10303,11105,0,11,25,7,19,16.6935094501
26859,10303,11355,2,11,26,7,18,19.8268686626
26860,10303,11209,2,11,49,7,28,6.99945719663
26861,10303,11213,0,11,35,7,20,12.3094607483
26862,10303,11369,2,11,12,7,8,17.8806678937
26863,10303,10031,1,11,64,7,45,17.6080235193
26864,10303,11221,0,11,120,7,61,13.1143771976
26865,10303,11212,0,11,12,7,10,13.2862319406
26866,10303,11233,0,11,74,7,34,13.2251543442
26867,10303,11368,2,11,62,7,41,17.9133980442
26868,10303,11205,0,11,37,7,31,11.2797602728
26869,10303,10069,0,11,14,7,8,13.5281419936
26870,10303,11203,0,11,39,7,8,12.1310695612
26871,10303,10459,1,11,16,7,8,19.5565272122
26872,10303,11219,0,11,6,7,4,8.73427949136
26873,10303,11434,2,11,32,7,16,20.7180081683
26874,10303,11230,0,11,11,7,5,10.425355462
26875,10303,11373,2,11,53,7,27,16.6504013757
26876,10303,11362,1,11,8,7,5,24.2653316636
26877,10303,10305,0,11,11,7,8,5.05067755765
26878,10303,11104,0,11,8,7,6,15.001217975
26879,10303,10004,3,11,168,7,99,7.98397423618
26880,10303,10275,0,11,13,7,7,14.268306796
26881,10303,10118,0,11,4,7,3,12.3866757689
26882,10303,10026,0,11,57,7,43,16.188316719
26883,10303,11235,1,11,19,7,14,11.5952724936
26884,10303,10469,0,11,44,7,12,23.3609727394
26885,10303,10281,0,11,31,7,24,9.72387972493
26886,10303,11223,0,11,10,7,7,10.2267936975
26887,10303,11379,2,11,33,7,13,16.0301264525
26888,10303,10465,2,11,37,7,16,22.609058654
26889,10303,10455,0,11,20,7,11,18.5386003221
26890,10303,10466,0,11,16,7,11,24.4825938335
26891,10303,11239,0,11,4,7,2,14.9291919681
26892,10303,11207,2,11,86,7,31,14.3794910491
26893,10303,11367,2,11,35,7,17,19.1728459774
26894,10303,11106,0,11,21,7,19,15.19048167
26895,10303,10471,2,11,19,7,15,23.1336407854
26896,10303,11234,0,11,50,7,15,12.6818321392
26897,10303,10167,0,11,11,7,4,13.107468566
26898,10303,10453,1,11,21,7,16,20.2604505674
26899,10303,10451,2,11,20,7,12,18.2002269095
26900,10303,10033,2,11,86,7,31,19.2743584496
26901,10303,11354,2,11,38,7,25,20.1340605019
26902,10303,10463,2,11,36,7,16,21.9178411535
26903,10303,10169,0,11,4,7,4,13.0455386744
26904,10303,10456,2,11,21,7,12,19.1942533462
26905,10303,11420,0,11,8,7,7,18.5334136703
26906,10303,10153,0,11,6,7,5,13.6064252515
26907,10303,10307,0,11,6,7,3,9.39621081561
26908,10303,10306,0,11,17,7,8,4.76009154134
26909,10303,10165,0,11,2,7,2,12.8375316671
26910,10303,10303,7,11,11,7,7,0.0
26911,10303,11224,0,11,22,7,13,9.68855018163
26912,10303,10304,0,11,8,7,5,4.09147625026
26913,10303,10458,2,11,34,7,31,21.6435181857
26914,10303,11414,2,11,13,7,7,16.8927680794
26915,10303,11204,0,11,9,7,8,9.36854888034
26916,10303,11372,1,11,16,7,11,16.8124579251
26917,10303,11357,0,11,9,7,6,21.4082339783
26918,10303,10044,0,11,9,7,8,14.4662330116
26919,10303,11229,2,11,27,7,14,11.8169038065
26920,10303,11236,1,11,15,7,9,13.6240989622
26921,10303,10302,2,11,5,7,5,1.33192022504
26922,10303,11422,0,11,11,7,8,22.5711184726
26923,10303,10312,0,11,4,7,2,6.00154808377
26924,10303,10310,0,11,27,7,6,2.47136009354
26925,10303,11429,1,11,8,7,6,22.907746141
26926,10303,10152,0,11,2,7,2,13.3857233427
26927,10303,11214,0,11,10,7,6,8.99243758801
26928,10303,11435,2,11,41,7,23,19.1532678001
26929,10303,10039,2,11,8,7,7,18.0039679651
26930,10303,10121,0,11,1,7,1,12.2057359158
26931,10303,11413,2,11,14,7,7,21.7807173192
26932,10303,10473,2,11,14,7,9,20.590834689
26933,10303,10454,2,11,19,7,10,17.7571235094
26934,10303,11416,2,11,5,7,5,16.8159476441
26935,10303,10280,0,11,5,7,3,9.31089493569
26936,10303,11694,0,11,5,7,4,16.9738204307
26937,10303,11358,0,11,6,7,4,21.2564034499
26938,10303,11421,1,11,4,7,4,16.5324701772
26939,10303,11412,0,11,4,7,4,21.6804572408
26940,10303,10174,0,11,2,7,2,12.95428221
26941,10303,11417,0,11,3,7,3,16.9925402282
26942,10303,11427,2,11,5,7,4,22.8200547135
26943,10303,11411,0,11,4,7,2,22.8506225979
26944,10303,11374,2,11,10,7,9,17.1543663258
26945,10303,10096,0,11,2,7,2,14.268306796
26946,10303,10006,0,11,19,7,18,9.51668740058
26947,10303,10037,2,11,15,7,10,17.382358804
26948,10303,11370,0,11,8,7,4,16.9943621244
26949,10303,10475,2,11,15,7,11,24.6586762191
26950,10303,11225,1,11,17,7,13,11.1369299437
26951,10303,10282,0,11,10,7,9,9.85655921698
26952,10303,11426,2,11,12,7,5,24.2429929453
26953,10303,11378,2,11,18,7,7,15.1246582785
26954,10303,10107,0,11,1,7,1,13.355339679
26955,10303,11251,0,11,4,7,3,11.4762870091
26956,10303,11436,2,11,6,7,3,19.4553063724
26957,10303,11360,2,11,10,7,5,22.6179093874
26958,10303,11356,0,11,2,7,2,19.8996998071
26959,10303,10474,1,11,8,7,7,19.2086157887
26960,10303,11697,0,11,1,7,1,14.1636609972
26961,10303,10172,0,11,2,7,2,13.1551702394
26962,10303,11691,0,11,4,7,3,21.2757167997
26963,10303,10470,1,11,6,7,4,24.5079391759
26964,10303,11366,0,11,7,7,5,20.4196811985
26965,10303,10041,0,11,2,7,2,9.47742145584
26966,10303,10278,0,11,1,7,1,10.233593804
26967,10303,10106,0,11,4,7,1,13.3832092672
26968,10303,11428,0,11,2,7,2,22.9887053874
26969,10303,10286,0,11,1,7,1,9.83562856004
26970,10303,10279,0,11,1,7,1,9.9295691215
26971,10303,10103,0,11,1,7,1,13.274972216
26972,10303,10196,0,11,1,7,1,14.268306796
26973,10303,10154,0,11,1,7,1,13.3398122336
26974,10303,10119,0,11,2,7,2,12.2229902534
26975,10303,10464,0,11,5,7,4,25.1102002747
26976,10303,10166,0,11,2,7,2,13.0443650303
26977,10303,10203,0,11,1,7,1,14.268306796
26978,10303,11359,0,11,2,7,2,23.1761087788
26979,10303,10177,0,11,1,7,1,13.0846352877
26980,10303,11040,0,11,1,7,1,26.5726283346
26981,10303,11364,0,11,2,7,2,22.6344553553
26982,10303,11692,0,11,2,7,2,19.4473495735
26983,10303,11423,0,11,1,7,1,21.5187461091
26984,10303,11415,0,11,2,7,2,18.276982288
26985,10303,10175,0,11,2,7,1,12.8922587016
26986,11224,10012,0,22,445,13,357,10.31269532
26987,11224,11222,0,22,110,13,71,10.6110730966
26988,11224,11231,0,22,65,13,44,7.07558716446
26989,11224,10019,2,22,637,13,440,13.0539169929
26990,11224,11102,0,22,35,13,30,13.8892381291
26991,11224,10003,1,22,493,13,400,10.7594431485
26992,11224,10020,0,22,143,13,116,12.5781638811
26993,11224,10018,1,22,339,13,256,12.317934651
26994,11224,10001,0,22,670,13,468,12.0195041126
26995,11224,11365,0,22,21,13,9,15.3495205924
26996,11224,10007,1,22,1780,13,1042,9.56828313801
26997,11224,10022,0,22,228,13,164,12.6528202625
26998,11224,10013,1,22,745,13,406,9.96696213322
26999,11224,10472,0,22,23,13,8,18.6720973525
27000,11224,11226,0,22,195,13,123,5.10599540748
27001,11224,10027,0,22,141,13,83,16.4035463213
27002,11224,11210,0,22,34,13,20,4.29667285699
27003,11224,11693,0,22,6,13,6,9.15334320677
27004,11224,11432,0,22,49,13,36,14.1035610806
27005,11224,11103,0,22,35,13,26,13.5431784324
27006,11224,11237,0,22,64,13,53,9.52625688482
27007,11224,10010,0,22,218,13,181,11.2196487391
27008,11224,10014,0,22,397,13,286,10.9345297489
27009,11224,10009,0,22,135,13,91,10.4077299375
27010,11224,10036,0,22,826,13,656,12.6221878343
27011,11224,11216,0,22,60,13,49,7.51882912478
27012,11224,11418,0,22,15,13,11,11.8229446353
27013,11224,11109,0,22,5,13,5,8.18983673298
27014,11224,11371,0,22,71,13,65,14.8151030456
27015,11224,10460,0,22,42,13,22,19.1557675151
27016,11224,10048,0,22,86,13,65,9.41166839286
27017,11224,10128,0,22,51,13,40,14.3318324507
27018,11224,11375,0,22,44,13,27,12.5479447922
27019,11224,10023,0,22,210,13,134,13.7744361892
27020,11224,11211,0,22,352,13,256,9.55470723427
27021,11224,10011,0,22,437,13,352,11.354034118
27022,11224,10025,0,22,143,13,65,15.3625648031
27023,11224,10032,0,22,65,13,28,18.4127763295
27024,11224,11232,0,22,125,13,24,5.48329613512
27025,11224,11377,0,22,46,13,33,12.369382496
27026,11224,11361,0,22,19,13,11,17.225137424
27027,11224,11206,0,22,90,13,63,9.04931794288
27028,11224,11430,0,22,187,13,143,11.5020581448
27029,11224,10021,0,22,62,13,45,13.3382364846
27030,11224,11201,0,22,234,13,176,8.19143546541
27031,11224,11238,0,22,109,13,64,7.30797579583
27032,11224,10016,0,22,162,13,110,11.7255869136
27033,11224,11218,0,22,26,13,19,4.7622752969
27034,11224,10301,0,22,45,13,32,6.60414137848
27035,11224,10452,0,22,54,13,34,18.452542387
27036,11224,10314,0,22,51,13,30,8.32643715711
27037,11224,10461,0,22,50,13,20,20.0676393496
27038,11224,11101,0,22,193,13,96,11.9683057494
27039,11224,10029,0,22,50,13,38,15.0304380077
27040,11224,10467,0,22,33,13,22,21.3894737271
27041,11224,11208,0,22,43,13,13,9.12412474309
27042,11224,10024,0,22,101,13,71,14.4968404848
27043,11224,10005,1,22,65,13,41,8.97471002434
27044,11224,10030,0,22,39,13,26,16.8594725917
27045,11224,10002,1,22,258,13,186,9.69449863847
27046,11224,11385,0,22,56,13,31,10.1574187017
27047,11224,11220,0,22,38,13,23,4.64938059197
27048,11224,11215,0,22,123,13,95,6.28176321217
27049,11224,10038,0,22,174,13,85,9.20464320954
27050,11224,11217,0,22,92,13,71,7.31623224895
27051,11224,10462,0,22,104,13,58,19.6132987952
27052,11224,10040,0,22,80,13,27,19.7472595501
27053,11224,10457,0,22,28,13,16,19.2717796219
27054,11224,10017,1,22,277,13,161,12.1574763879
27055,11224,11433,0,22,18,13,12,13.5617463633
27056,11224,10308,0,22,8,13,8,8.55959621791
27057,11224,10468,0,22,52,13,30,20.6269576456
27058,11224,10111,0,22,15,13,13,12.6242428523
27059,11224,10309,0,22,23,13,15,12.0882770083
27060,11224,10034,0,22,68,13,33,20.4339817959
27061,11224,10028,0,22,89,13,53,13.9539991503
27062,11224,10035,0,22,65,13,32,15.8773877276
27063,11224,11228,0,22,10,13,8,3.01586111514
27064,11224,11105,0,22,25,13,19,14.3566422914
27065,11224,11355,0,22,26,13,18,14.975481687
27066,11224,11209,1,22,49,13,28,3.78460241147
27067,11224,11213,0,22,35,13,20,7.16962259864
27068,11224,11369,0,22,12,13,8,14.3437957576
27069,11224,10031,0,22,64,13,45,17.3706725038
27070,11224,11221,0,22,120,13,61,8.62435952187
27071,11224,11212,0,22,12,13,10,7.20402595826
27072,11224,11233,0,22,74,13,34,7.92023018648
27073,11224,11368,0,22,62,13,41,13.6940611638
27074,11224,11205,0,22,37,13,31,8.23433265951
27075,11224,10069,0,22,14,13,8,13.7237819436
27076,11224,11203,0,22,39,13,8,5.87589407005
27077,11224,10459,0,22,16,13,8,17.9321552397
27078,11224,11219,0,22,6,13,4,3.861879092
27079,11224,11434,0,22,32,13,16,13.3639080529
27080,11224,11230,0,22,11,13,5,3.51240834944
27081,11224,11373,0,22,53,13,27,12.5217302604
27082,11224,11362,0,22,8,13,5,18.5494127972
27083,11224,10305,0,22,11,13,8,4.64770655373
27084,11224,11104,0,22,8,13,6,12.1458048764
27085,11224,10004,0,22,168,13,99,8.85248843499
27086,11224,10275,0,22,13,13,7,14.1082402458
27087,11224,10118,0,22,4,13,3,11.8997075228
27088,11224,10026,0,22,57,13,43,15.7332122556
27089,11224,11235,1,22,19,13,14,2.24085664826
27090,11224,10469,0,22,44,13,12,21.5304964226
27091,11224,10281,0,22,31,13,24,9.60390272802
27092,11224,11223,1,22,10,13,7,1.80453810651
27093,11224,11379,0,22,33,13,13,11.292248507
27094,11224,10465,0,22,37,13,16,19.4735298339
27095,11224,10455,0,22,20,13,11,17.0694872795
27096,11224,10466,0,22,16,13,11,22.9829408692
27097,11224,11239,0,22,4,13,2,7.60618131109
27098,11224,11207,0,22,86,13,31,8.28198025235
27099,11224,11367,0,22,35,13,17,13.7879808087
27100,11224,11106,0,22,21,13,19,13.1802831867
27101,11224,10471,0,22,19,13,15,22.8471273115
27102,11224,11234,0,22,50,13,15,4.68923450071
27103,11224,10167,0,22,11,13,4,12.3326555432
27104,11224,10453,0,22,21,13,16,19.5264272438
27105,11224,10451,0,22,20,13,12,17.1687076041
27106,11224,10033,0,22,86,13,31,19.0156739201
27107,11224,11354,0,22,38,13,25,15.8475120234
27108,11224,10463,0,22,36,13,16,21.4712124606
27109,11224,10169,0,22,4,13,4,12.3011554277
27110,11224,10456,0,22,21,13,12,18.0012725076
27111,11224,11420,0,22,8,13,7,11.4569532257
27112,11224,10153,0,22,6,13,5,12.9525692416
27113,11224,10307,0,22,6,13,3,14.0851005883
27114,11224,10306,0,22,17,13,8,6.65488790593
27115,11224,10165,0,22,2,13,2,12.14677098
27116,11224,10303,0,22,11,13,7,9.68855018163
27117,11224,11224,13,22,22,13,13,0.0
27118,11224,10304,0,22,8,13,5,5.59766815322
27119,11224,10458,0,22,34,13,31,20.5658257221
27120,11224,11414,0,22,13,13,7,9.62691308911
27121,11224,11204,0,22,9,13,8,2.9455653569
27122,11224,11372,0,22,16,13,11,13.2385116925
27123,11224,11357,0,22,9,13,6,17.2519413574
27124,11224,10044,0,22,9,13,8,12.9993579267
27125,11224,11229,0,22,27,13,14,3.08451801916
27126,11224,11236,0,22,15,13,9,6.39749542756
27127,11224,10302,0,22,5,13,5,8.52396191025
27128,11224,11422,0,22,11,13,8,14.7366348576
27129,11224,10312,0,22,4,13,2,9.98336885949
27130,11224,10310,0,22,27,13,6,7.5540935659
27131,11224,11429,0,22,8,13,6,16.1140938544
27132,11224,10152,0,22,2,13,2,12.601505175
27133,11224,11214,0,22,10,13,6,1.56311437962
27134,11224,11435,0,22,41,13,23,12.8052198531
27135,11224,10039,0,22,8,13,7,17.4595977153
27136,11224,10121,0,22,1,13,1,11.9408089753
27137,11224,11413,0,22,14,13,7,14.1878848612
27138,11224,10473,0,22,14,13,9,18.0914513093
27139,11224,10454,0,22,19,13,10,16.3160299084
27140,11224,11416,0,22,5,13,5,10.4637284719
27141,11224,10280,0,22,5,13,3,9.13421012577
27142,11224,11694,0,22,5,13,4,7.60301097729
27143,11224,11358,0,22,6,13,4,16.3307263009
27144,11224,11421,0,22,4,13,4,10.5539747422
27145,11224,11412,0,22,4,13,4,14.7741328037
27146,11224,10174,0,22,2,13,2,12.1112122381
27147,11224,11417,0,22,3,13,3,10.3105067604
27148,11224,11427,0,22,5,13,4,16.5463818455
27149,11224,11411,0,22,4,13,2,15.6901766081
27150,11224,11374,0,22,10,13,9,12.3312282725
27151,11224,10096,0,22,2,13,2,14.1082402458
27152,11224,10006,0,22,19,13,18,9.13242374978
27153,11224,10037,0,22,15,13,10,16.5979149825
27154,11224,11370,0,22,8,13,4,13.9192421073
27155,11224,10475,0,22,15,13,11,22.5893091732
27156,11224,11225,0,22,17,13,13,6.25870319126
27157,11224,10282,0,22,10,13,9,9.77342621461
27158,11224,11426,0,22,12,13,5,17.8221194093
27159,11224,11378,0,22,18,13,7,11.2017105312
27160,11224,10107,0,22,1,13,1,13.1078096258
27161,11224,11251,0,22,4,13,3,5.32677703675
27162,11224,11436,0,22,6,13,3,12.2578283192
27163,11224,11360,0,22,10,13,5,17.9274566054
27164,11224,11356,0,22,2,13,2,16.3772851244
27165,11224,10474,0,22,8,13,7,17.2195520806
27166,11224,11697,0,22,1,13,1,4.50228095434
27167,11224,10172,0,22,2,13,2,12.3779750703
27168,11224,11691,0,22,4,13,3,12.3157616089
27169,11224,10470,0,22,6,13,4,23.3928225035
27170,11224,11366,0,22,7,13,5,14.6062407661
27171,11224,10041,0,22,2,13,2,8.77869509072
27172,11224,10278,0,22,1,13,1,9.62180456719
27173,11224,10106,0,22,4,13,1,13.030944012
27174,11224,11428,0,22,2,13,2,16.4666921969
27175,11224,10286,0,22,1,13,1,9.55650652347
27176,11224,10279,0,22,1,13,1,9.4583857476
27177,11224,10103,0,22,1,13,1,12.7396711193
27178,11224,10196,0,22,1,13,1,14.1082402458
27179,11224,10154,0,22,1,13,1,12.5566580179
27180,11224,10119,0,22,2,13,2,12.0226620487
27181,11224,10464,0,22,5,13,4,22.0833462509
27182,11224,10166,0,22,2,13,2,12.3093463605
27183,11224,10203,0,22,1,13,1,14.1082402458
27184,11224,11359,0,22,2,13,2,18.7109025631
27185,11224,10177,0,22,1,13,1,12.3617750491
27186,11224,11040,0,22,1,13,1,20.0451342793
27187,11224,11364,0,22,2,13,2,16.9155680139
27188,11224,11692,0,22,2,13,2,10.3743804914
27189,11224,11423,0,22,1,13,1,15.1064167075
27190,11224,11415,0,22,2,13,2,12.3833799374
27191,11224,10175,0,22,2,13,1,12.2787352935
27192,10304,10012,0,8,445,5,357,9.46279236944
27193,10304,11222,0,8,110,5,71,11.1480945488
27194,10304,11231,0,8,65,5,44,6.71132297064
27195,10304,10019,0,8,637,5,440,12.1919966707
27196,10304,11102,0,8,35,5,30,14.230933251
27197,10304,10003,0,8,493,5,400,10.0934954034
27198,10304,10020,0,8,143,5,116,11.893560006
27199,10304,10018,0,8,339,5,256,11.3546106986
27200,10304,10001,1,8,670,5,468,11.0114368576
27201,10304,11365,0,8,21,5,9,18.0736658183
27202,10304,10007,0,8,1780,5,1042,8.56019125362
27203,10304,10022,0,8,228,5,164,12.257112828
27204,10304,10013,0,8,745,5,406,8.96436535097
27205,10304,10472,0,8,23,5,8,19.260804348
27206,10304,11226,0,8,195,5,123,7.52102451163
27207,10304,10027,0,8,141,5,83,15.807627822
27208,10304,11210,0,8,34,5,20,7.71735887336
27209,10304,11693,0,8,6,5,6,14.2266228916
27210,10304,11432,0,8,49,5,36,17.2274780417
27211,10304,11103,0,8,35,5,26,14.2456166358
27212,10304,11237,0,8,64,5,53,11.099524773
27213,10304,10010,0,8,218,5,181,10.6774263528
27214,10304,10014,0,8,397,5,286,9.81637324899
27215,10304,10009,0,8,135,5,91,10.0923376501
27216,10304,10036,0,8,826,5,656,11.7014134843
27217,10304,11216,0,8,60,5,49,8.97159377937
27218,10304,11418,0,8,15,5,11,14.8477482315
27219,10304,11109,0,8,5,5,5,11.9046257757
27220,10304,11371,0,8,71,5,65,15.9900664005
27221,10304,10460,0,8,42,5,22,19.4853304231
27222,10304,10048,0,8,86,5,65,8.26775739025
27223,10304,10128,0,8,51,5,40,14.0671523403
27224,10304,11375,0,8,44,5,27,14.9975334895
27225,10304,10023,0,8,210,5,134,12.8983228403
27226,10304,11211,0,8,352,5,256,10.1250275835
27227,10304,10011,0,8,437,5,352,10.3273079139
27228,10304,10025,0,8,143,5,65,14.626615296
27229,10304,10032,0,8,65,5,28,17.8534688305
27230,10304,11232,0,8,125,5,24,5.57449974158
27231,10304,11377,0,8,46,5,33,13.5054771649
27232,10304,11361,0,8,19,5,11,19.7568873813
27233,10304,11206,0,8,90,5,63,10.1093193991
27234,10304,11430,0,8,187,5,143,15.7459468578
27235,10304,10021,0,8,62,5,45,12.9986904663
27236,10304,11201,0,8,234,5,176,8.02917748813
27237,10304,11238,0,8,109,5,64,8.3466222764
27238,10304,10016,0,8,162,5,110,11.220416262
27239,10304,11218,0,8,26,5,19,6.50397821853
27240,10304,10301,0,8,45,5,32,1.66568982304
27241,10304,10452,0,8,54,5,34,18.1983623838
27242,10304,10314,0,8,51,5,30,2.90585656065
27243,10304,10461,0,8,50,5,20,20.9204062551
27244,10304,11101,0,8,193,5,96,12.3601135929
27245,10304,10029,0,8,50,5,38,14.7653575846
27246,10304,10467,0,8,33,5,22,21.6059483434
27247,10304,11208,0,8,43,5,13,12.2720673363
27248,10304,10024,0,8,101,5,71,13.6689541557
27249,10304,10005,0,8,65,5,41,8.00821702007
27250,10304,10030,0,8,39,5,26,16.4201823031
27251,10304,10002,0,8,258,5,186,9.27279424133
27252,10304,11385,0,8,56,5,31,12.2632935035
27253,10304,11220,0,8,38,5,23,4.53542493006
27254,10304,11215,0,8,123,5,95,6.85545555266
27255,10304,10038,0,8,174,5,85,8.3602948993
27256,10304,11217,0,8,92,5,71,7.80569142736
27257,10304,10462,0,8,104,5,58,20.2190195114
27258,10304,10040,0,8,80,5,27,19.2698142722
27259,10304,10457,0,8,28,5,16,19.3010696897
27260,10304,10017,0,8,277,5,161,11.7170652859
27261,10304,11433,0,8,18,5,12,17.0374013465
27262,10304,10308,0,8,8,5,8,5.05276036714
27263,10304,10468,0,8,52,5,30,20.4991428578
27264,10304,10111,0,8,15,5,13,11.9915696451
27265,10304,10309,0,8,23,5,15,8.42807545253
27266,10304,10034,0,8,68,5,33,20.0214451996
27267,10304,10028,0,8,89,5,53,13.6644077125
27268,10304,10035,0,8,65,5,32,15.7336639155
27269,10304,11228,0,8,10,5,8,4.16766193499
27270,10304,11105,0,8,25,5,19,14.9539103557
27271,10304,11355,0,8,26,5,18,17.2446876658
27272,10304,11209,0,8,49,5,28,3.34948862594
27273,10304,11213,0,8,35,5,20,9.25147432337
27274,10304,11369,0,8,12,5,8,15.7218885489
27275,10304,10031,0,8,64,5,45,16.7886584227
27276,10304,11221,0,8,120,5,61,10.3421392251
27277,10304,11212,0,8,12,5,10,10.0128405712
27278,10304,11233,0,8,74,5,34,10.1885614443
27279,10304,11368,0,8,62,5,41,15.4997808281
27280,10304,11205,0,8,37,5,31,8.85376129282
27281,10304,10069,0,8,14,5,8,12.6891804173
27282,10304,11203,0,8,39,5,8,8.72290296882
27283,10304,10459,0,8,16,5,8,18.219621022
27284,10304,11219,0,8,6,5,4,5.20634556321
27285,10304,11434,0,8,32,5,16,17.3024344064
27286,10304,11230,0,8,11,5,5,6.68829974122
27287,10304,11373,0,8,53,5,27,14.2183380691
27288,10304,11362,0,8,8,5,5,21.4659208548
27289,10304,10305,0,8,11,5,8,0.992580535819
27290,10304,11104,0,8,8,5,6,12.9662250787
27291,10304,10004,0,8,168,5,99,6.80401939777
27292,10304,10275,0,8,13,5,7,13.3175174289
27293,10304,10118,0,8,4,5,3,11.1516796311
27294,10304,10026,0,8,57,5,43,15.2124922525
27295,10304,11235,0,8,19,5,14,7.53417595347
27296,10304,10469,0,8,44,5,12,22.0421917746
27297,10304,10281,0,8,31,5,24,8.35412317406
27298,10304,11223,0,8,10,5,7,6.22213588638
27299,10304,11379,0,8,33,5,13,13.350084385
27300,10304,10465,0,8,37,5,16,20.7485105465
27301,10304,10455,0,8,20,5,11,17.230732252
27302,10304,10466,0,8,16,5,11,23.3240217511
27303,10304,11239,0,8,4,5,2,11.3838812289
27304,10304,11207,0,8,86,5,31,11.1660689595
27305,10304,11367,0,8,35,5,17,16.3818616075
27306,10304,11106,0,8,21,5,19,13.5051534425
27307,10304,10471,0,8,19,5,15,22.4571666494
27308,10304,11234,0,8,50,5,15,8.88103424104
27309,10304,10167,0,8,11,5,4,11.8043489037
27310,10304,10453,0,8,21,5,16,19.318840844
27311,10304,10451,0,8,20,5,12,17.0632048715
27312,10304,10033,0,8,86,5,31,18.5056433411
27313,10304,11354,0,8,38,5,25,17.7681648343
27314,10304,10463,0,8,36,5,16,21.1440953386
27315,10304,10169,0,8,4,5,4,11.7509272597
27316,10304,10456,0,8,21,5,12,18.0248789761
27317,10304,11420,0,8,8,5,7,15.1640234458
27318,10304,10153,0,8,6,5,5,12.3934369459
27319,10304,10307,0,8,6,5,3,10.6243027006
27320,10304,10306,0,8,17,5,8,3.03454131295
27321,10304,10165,0,8,2,5,2,11.5499049618
27322,10304,10303,0,8,11,5,7,4.09147625026
27323,10304,11224,0,8,22,5,13,5.59766815322
27324,10304,10304,5,8,8,5,5,0.0
27325,10304,10458,0,8,34,5,31,20.5954584164
27326,10304,11414,0,8,13,5,7,13.4252646211
27327,10304,11204,0,8,9,5,8,5.58326169024
27328,10304,11372,0,8,16,5,11,14.5948282719
27329,10304,11357,0,8,9,5,6,19.1251931569
27330,10304,10044,0,8,9,5,8,12.9621026973
27331,10304,11229,0,8,27,5,14,7.84443289957
27332,10304,11236,0,8,15,5,9,10.0500684248
27333,10304,10302,0,8,5,5,5,2.95712628741
27334,10304,11422,0,8,11,5,8,19.0266282512
27335,10304,10312,0,8,4,5,2,6.37281098798
27336,10304,10310,0,8,27,5,6,2.14746004681
27337,10304,11429,0,8,8,5,6,19.7103230196
27338,10304,10152,0,8,2,5,2,12.0996364449
27339,10304,11214,0,8,10,5,6,4.97093377162
27340,10304,11435,0,8,41,5,23,16.0332411334
27341,10304,10039,0,8,8,5,7,17.0671850073
27342,10304,10121,0,8,1,5,1,11.0548624667
27343,10304,11413,0,8,14,5,7,18.3041069604
27344,10304,10473,0,8,14,5,9,18.9299397248
27345,10304,10454,0,8,19,5,10,16.4308294405
27346,10304,11416,0,8,5,5,5,13.6266589804
27347,10304,10280,0,8,5,5,3,7.84779673933
27348,10304,11694,0,8,5,5,4,12.9483570454
27349,10304,11358,0,8,6,5,4,18.6842534334
27350,10304,11421,0,8,4,5,4,13.453279722
27351,10304,11412,0,8,4,5,4,18.4262463357
27352,10304,10174,0,8,2,5,2,11.6091611147
27353,10304,11417,0,8,3,5,3,13.7051776035
27354,10304,11427,0,8,5,5,4,19.7997303885
27355,10304,11411,0,8,4,5,2,19.5292109456
27356,10304,11374,0,8,10,5,9,14.4928840597
27357,10304,10096,0,8,2,5,2,13.3175174289
27358,10304,10006,0,8,19,5,18,7.98751899676
27359,10304,10037,0,8,15,5,10,16.3178807916
27360,10304,11370,0,8,8,5,4,14.9764554571
27361,10304,10475,0,8,15,5,11,23.2695694245
27362,10304,11225,0,8,17,5,13,8.03985854187
27363,10304,10282,0,8,10,5,9,8.52413582227
27364,10304,11426,0,8,12,5,5,21.1931507284
27365,10304,11378,0,8,18,5,7,12.6910144822
27366,10304,10107,0,8,1,5,1,12.304364996
27367,10304,11251,0,8,4,5,3,8.03822460649
27368,10304,11436,0,8,6,5,3,16.0672574044
27369,10304,11360,0,8,10,5,5,20.1628976592
27370,10304,11356,0,8,2,5,2,17.8162010125
27371,10304,10474,0,8,8,5,7,17.7103382155
27372,10304,11697,0,8,1,5,1,10.0746385684
27373,10304,10172,0,8,2,5,2,11.8547044979
27374,10304,11691,0,8,4,5,3,17.378668998
27375,10304,10470,0,8,6,5,4,23.5099403328
27376,10304,11366,0,8,7,5,5,17.5116339049
27377,10304,10041,0,8,2,5,2,7.79231572067
27378,10304,10278,0,8,1,5,1,8.70536457299
27379,10304,10106,0,8,4,5,1,12.2875036308
27380,10304,11428,0,8,2,5,2,19.8852663497
27381,10304,10286,0,8,1,5,1,8.40636966014
27382,10304,10279,0,8,1,5,1,8.42335204621
27383,10304,10103,0,8,1,5,1,12.0900780708
27384,10304,10196,0,8,1,5,1,13.3175174289
27385,10304,10154,0,8,1,5,1,12.0507696296
27386,10304,10119,0,8,2,5,2,11.1029657034
27387,10304,10464,0,8,5,5,4,23.3448114824
27388,10304,10166,0,8,2,5,2,11.7537751077
27389,10304,10203,0,8,1,5,1,13.3175174289
27390,10304,11359,0,8,2,5,2,20.8168311257
27391,10304,10177,0,8,1,5,1,11.8025381254
27392,10304,11040,0,8,1,5,1,23.5144161712
27393,10304,11364,0,8,2,5,2,19.8058691646
27394,10304,11692,0,8,2,5,2,15.5088762156
27395,10304,11423,0,8,1,5,1,18.4278650753
27396,10304,11415,0,8,2,5,2,15.2847709503
27397,10304,10175,0,8,2,5,1,11.6431758775
27398,10458,10012,2,34,445,31,357,11.1328133554
27399,10458,11222,1,34,110,31,71,9.96816580974
27400,10458,11231,2,34,65,31,44,14.1138243544
27401,10458,10019,4,34,637,31,440,8.47937642764
27402,10458,11102,2,34,35,31,30,6.67832273011
27403,10458,10003,2,34,493,31,400,10.50372917
27404,10458,10020,1,34,143,31,116,8.71624059716
27405,10458,10018,4,34,339,31,256,9.31079538104
27406,10458,10001,4,34,670,31,468,9.65166782972
27407,10458,11365,2,34,21,31,9,10.0168169255
27408,10458,10007,4,34,1780,31,1042,12.0354480305
27409,10458,10022,4,34,228,31,164,8.34198085268
27410,10458,10013,2,34,745,31,406,11.633737053
27411,10458,10472,2,34,23,31,8,2.56205349223
27412,10458,11226,2,34,195,31,123,15.5057929399
27413,10458,10027,4,34,141,31,83,4.96569579517
27414,10458,11210,3,34,34,31,20,16.5692735758
27415,10458,11693,0,34,6,31,6,18.7906168924
27416,10458,11432,1,34,49,31,36,11.5015631484
27417,10458,11103,3,34,35,31,26,7.07847847362
27418,10458,11237,2,34,64,31,53,11.2158620946
27419,10458,10010,3,34,218,31,181,9.92333314561
27420,10458,10014,4,34,397,31,286,10.8218421447
27421,10458,10009,0,34,135,31,91,10.5666303139
27422,10458,10036,3,34,826,31,656,8.96667121759
27423,10458,11216,3,34,60,31,49,13.0581601831
27424,10458,11418,0,34,15,31,11,11.7929120442
27425,10458,11109,0,34,5,31,5,14.7134147009
27426,10458,11371,2,34,71,31,65,6.39538198962
27427,10458,10460,2,34,42,31,22,1.66204968536
27428,10458,10048,0,34,86,31,65,12.3308444495
27429,10458,10128,3,34,51,31,40,6.53059502068
27430,10458,11375,4,34,44,31,27,10.1641903998
27431,10458,10023,3,34,210,31,134,7.82501192376
27432,10458,11211,3,34,352,31,256,11.0410416973
27433,10458,10011,4,34,437,31,352,10.3092954584
27434,10458,10025,1,34,143,31,65,6.14859436832
27435,10458,10032,4,34,65,31,28,3.20285251436
27436,10458,11232,3,34,125,31,24,15.6216536783
27437,10458,11377,3,34,46,31,33,8.4065748647
27438,10458,11361,3,34,19,31,11,9.2108965108
27439,10458,11206,0,34,90,31,63,11.5204610848
27440,10458,11430,2,34,187,31,143,15.5311692132
27441,10458,10021,3,34,62,31,45,7.59966374664
27442,10458,11201,4,34,234,31,176,12.7849167894
27443,10458,11238,1,34,109,31,64,13.2744481273
27444,10458,10016,4,34,162,31,110,9.37825962896
27445,10458,11218,2,34,26,31,19,15.8287803709
27446,10458,10301,2,34,45,31,32,19.3248541577
27447,10458,10452,4,34,54,31,34,2.48265187998
27448,10458,10314,4,34,51,31,30,22.3050361519
27449,10458,10461,1,34,50,31,20,3.03054609012
27450,10458,11101,4,34,193,31,96,8.6124127872
27451,10458,10029,4,34,50,31,38,5.83011002856
27452,10458,10467,2,34,33,31,22,1.16160359523
27453,10458,11208,0,34,43,31,13,13.2418008581
27454,10458,10024,2,34,101,31,71,7.08643654446
27455,10458,10005,3,34,65,31,41,12.59151265
27456,10458,10030,1,34,39,31,26,4.27772383025
27457,10458,10002,1,34,258,31,186,11.3834858242
27458,10458,11385,1,34,56,31,31,11.1182120888
27459,10458,11220,2,34,38,31,23,16.7501619642
27460,10458,11215,3,34,123,31,95,14.4889529565
27461,10458,10038,4,34,174,31,85,12.2440715261
27462,10458,11217,2,34,92,31,71,13.4035746735
27463,10458,10462,4,34,104,31,58,2.19208348445
27464,10458,10040,2,34,80,31,27,2.11472944147
27465,10458,10457,2,34,28,31,16,1.3071810854
27466,10458,10017,4,34,277,31,161,8.88266288576
27467,10458,11433,2,34,18,31,12,12.7326015686
27468,10458,10308,0,34,8,31,8,25.6010686711
27469,10458,10468,5,34,52,31,30,0.578922811456
27470,10458,10111,0,34,15,31,13,8.61214647484
27471,10458,10309,2,34,23,31,15,28.6779105655
27472,10458,10034,3,34,68,31,33,1.65151014077
27473,10458,10028,3,34,89,31,53,6.93372730685
27474,10458,10035,3,34,65,31,32,4.86584658344
27475,10458,11228,1,34,10,31,8,18.1971780017
27476,10458,11105,0,34,25,31,19,6.25720233224
27477,10458,11355,2,34,26,31,18,8.71125874339
27478,10458,11209,4,34,49,31,28,18.1885383373
27479,10458,11213,0,34,35,31,20,13.5479466295
27480,10458,11369,2,34,12,31,8,7.05640359763
27481,10458,10031,2,34,64,31,45,4.09165382137
27482,10458,11221,0,34,120,31,61,12.0943836322
27483,10458,11212,0,34,12,31,10,13.9958594153
27484,10458,11233,0,34,74,31,34,13.0133352819
27485,10458,11368,2,34,62,31,41,8.2336040332
27486,10458,11205,1,34,37,31,31,12.3943722068
27487,10458,10069,0,34,14,31,8,8.11598310189
27488,10458,11203,0,34,39,31,8,15.0233195726
27489,10458,10459,1,34,16,31,8,2.68299306179
27490,10458,11219,0,34,6,31,4,16.9547575328
27491,10458,11434,2,34,32,31,16,14.4113090771
27492,10458,11230,0,34,11,31,5,17.1062247098
27493,10458,11373,2,34,53,31,27,8.85665642205
27494,10458,11362,1,34,8,31,5,10.8865214616
27495,10458,10305,0,34,11,31,8,20.7431354185
27496,10458,11104,0,34,8,31,6,8.46027939257
27497,10458,10004,3,34,168,31,99,13.9071020154
27498,10458,10275,0,34,13,31,7,7.38849022318
27499,10458,10118,1,34,4,31,3,9.45368637399
27500,10458,10026,0,34,57,31,43,5.46158986592
27501,10458,11235,1,34,19,31,14,19.61222904
27502,10458,10469,0,34,44,31,12,2.19372688626
27503,10458,10281,1,34,31,31,24,12.2564916619
27504,10458,11223,0,34,10,31,7,18.8720861771
27505,10458,11379,2,34,33,31,13,10.2342812883
27506,10458,10465,2,34,37,31,16,4.58158323247
27507,10458,10455,1,34,20,31,11,3.49725340813
27508,10458,10466,0,34,16,31,11,2.86472628565
27509,10458,11239,0,34,4,31,2,15.0729989962
27510,10458,11207,2,34,86,31,31,13.34075205
27511,10458,11367,2,34,35,31,17,9.99829566083
27512,10458,11106,0,34,21,31,19,7.39527644635
27513,10458,10471,2,34,19,31,15,2.64317963576
27514,10458,11234,0,34,50,31,15,17.0345329043
27515,10458,10167,0,34,11,31,4,8.79111417616
27516,10458,10453,1,34,21,31,16,1.44423721152
27517,10458,10451,3,34,20,31,12,3.53304027646
27518,10458,10033,4,34,86,31,31,2.64118030481
27519,10458,11354,2,34,38,31,25,7.43413922152
27520,10458,10463,3,34,36,31,16,1.52333315638
27521,10458,10169,1,34,4,31,4,8.84471223805
27522,10458,10456,2,34,21,31,12,2.59521583432
27523,10458,11420,0,34,8,31,7,13.7469249166
27524,10458,10153,0,34,6,31,5,8.20686652849
27525,10458,10307,0,34,6,31,3,30.8362793529
27526,10458,10306,1,34,17,31,8,23.628713202
27527,10458,10165,0,34,2,31,2,9.04646382914
27528,10458,10303,2,34,11,31,7,21.6435181857
27529,10458,11224,0,34,22,31,13,20.5658257221
27530,10458,10304,0,34,8,31,5,20.5954584164
27531,10458,10458,31,34,34,31,31,0.0
27532,10458,11414,2,34,13,31,7,14.4130266074
27533,10458,11204,0,34,9,31,8,17.6539317791
27534,10458,11372,1,34,16,31,11,7.87127142204
27535,10458,11357,0,34,9,31,6,6.90364368425
27536,10458,10044,0,34,9,31,8,7.71650602442
27537,10458,11229,2,34,27,31,14,18.4849873934
27538,10458,11236,1,34,15,31,9,15.4512569706
27539,10458,10302,2,34,5,31,5,20.6982880082
27540,10458,11422,0,34,11,31,8,16.0801489181
27541,10458,10312,0,34,4,31,2,26.8074577443
27542,10458,10310,0,34,27,31,6,19.9476335213
27543,10458,11429,1,34,8,31,6,13.2889278219
27544,10458,10152,0,34,2,31,2,8.49585070074
27545,10458,11214,1,34,10,31,6,19.1447509804
27546,10458,11435,2,34,41,31,23,12.0567104571
27547,10458,10039,2,34,8,31,7,3.64327442096
27548,10458,10121,0,34,1,31,1,9.57401914037
27549,10458,11413,2,34,14,31,7,15.2056689433
27550,10458,10473,2,34,14,31,9,3.5178652085
27551,10458,10454,2,34,19,31,10,4.26614183557
27552,10458,11416,2,34,5,31,5,12.6426643141
27553,10458,10280,0,34,5,31,3,12.7547546991
27554,10458,11694,0,34,5,31,4,19.9700991955
27555,10458,11358,0,34,6,31,4,8.64653786284
27556,10458,11421,1,34,4,31,4,12.0647063154
27557,10458,11412,0,34,4,31,4,13.3706340472
27558,10458,10174,0,34,2,31,2,8.98722776702
27559,10458,11417,0,34,3,31,3,13.219707534
27560,10458,11427,2,34,5,31,4,11.9432885964
27561,10458,11411,0,34,4,31,2,14.250938032
27562,10458,11374,2,34,10,31,9,9.71755555625
27563,10458,10096,0,34,2,31,2,7.38849022318
27564,10458,10006,1,34,19,31,18,12.6086007797
27565,10458,10037,2,34,15,31,10,4.2937310853
27566,10458,11370,0,34,8,31,4,6.98034482052
27567,10458,10475,2,34,15,31,11,3.46553814183
27568,10458,11225,1,34,17,31,13,14.3172038271
27569,10458,10282,0,34,10,31,9,12.0915225791
27570,10458,11426,2,34,12,31,5,12.6582810415
27571,10458,11378,2,34,18,31,7,9.69273061646
27572,10458,10107,0,34,1,31,1,8.3502288742
27573,10458,11251,0,34,4,31,3,15.4014100226
27574,10458,11436,2,34,6,31,3,13.9709276909
27575,10458,11360,2,34,10,31,5,8.11937082515
27576,10458,11356,0,34,2,31,2,5.92412261284
27577,10458,10474,1,34,8,31,7,3.51677569449
27578,10458,11697,0,34,1,31,1,21.0031451997
27579,10458,10172,0,34,2,31,2,8.74075963791
27580,10458,11691,0,34,4,31,3,19.4473229705
27581,10458,10470,1,34,6,31,4,2.91461780175
27582,10458,11366,0,34,7,31,5,10.7194153824
27583,10458,10041,0,34,2,31,2,12.8091684367
27584,10458,10278,0,34,1,31,1,11.8905850438
27585,10458,10106,0,34,4,31,1,8.34682604087
27586,10458,11428,0,34,2,31,2,12.6037798378
27587,10458,10286,0,34,1,31,1,12.1946528234
27588,10458,10279,0,34,1,31,1,12.1723012352
27589,10458,10103,0,34,1,31,1,8.51775485694
27590,10458,10196,0,34,1,31,1,7.38849022318
27591,10458,10154,0,34,1,31,1,8.5447102423
27592,10458,10119,1,34,2,31,2,9.53660127952
27593,10458,10464,0,34,5,31,4,5.25061707234
27594,10458,10166,0,34,2,31,2,8.84198630596
27595,10458,10203,0,34,1,31,1,7.38849022318
27596,10458,11359,0,34,2,31,2,7.66768326326
27597,10458,10177,0,34,1,31,1,8.79348292194
27598,10458,11040,0,34,1,31,1,13.8239693336
27599,10458,11364,0,34,2,31,2,10.5516181183
27600,10458,11692,0,34,2,31,2,19.3432789355
27601,10458,11423,0,34,1,31,1,12.1235810271
27602,10458,11415,0,34,2,31,2,11.2853723683
27603,10458,10175,0,34,2,31,1,8.95642783544
27604,11414,10012,2,13,445,7,357,9.39434135001
27605,11414,11222,1,13,110,7,71,7.14169909028
27606,11414,11231,2,13,65,7,44,8.49119554704
27607,11414,10019,3,13,637,7,440,10.5330518495
27608,11414,11102,2,13,35,7,30,8.89790537117
27609,11414,10003,0,13,493,7,400,9.23078248507
27610,11414,10020,0,13,143,7,116,9.99211879046
27611,11414,10018,2,13,339,7,256,10.3388120016
27612,11414,10001,2,13,670,7,468,10.2765366581
27613,11414,11365,2,13,21,7,9,6.187747656
27614,11414,10007,3,13,1780,7,1042,9.45730100473
27615,11414,10022,2,13,228,7,164,9.5327458246
27616,11414,10013,0,13,745,7,406,9.54101243361
27617,11414,10472,2,13,23,7,8,11.9572976469
27618,11414,11226,3,13,195,7,123,5.96986287214
27619,11414,10027,2,13,141,7,83,12.1673002937
27620,11414,11210,2,13,34,7,20,5.76812488021
27621,11414,11693,0,13,6,7,6,4.4007768233
27622,11414,11432,1,13,49,7,36,4.66874169336
27623,11414,11103,2,13,35,7,26,8.05666260662
27624,11414,11237,2,13,64,7,53,5.09463710695
27625,11414,10010,2,13,218,7,181,9.18016530403
27626,11414,10014,2,13,397,7,286,10.0184723017
27627,11414,10009,0,13,135,7,91,8.5557111578
27628,11414,10036,3,13,826,7,656,10.4136522558
27629,11414,11216,2,13,60,7,49,5.72708983425
27630,11414,11418,0,13,15,7,11,2.82555642118
27631,11414,11109,0,13,5,7,5,1.52307759811
27632,11414,11371,2,13,71,7,65,8.03454025483
27633,11414,10460,2,13,42,7,22,12.7608639137
27634,11414,10048,0,13,86,7,65,9.62757158055
27635,11414,10128,2,13,51,7,40,10.2237755415
27636,11414,11375,2,13,44,7,27,4.30424951751
27637,11414,10023,2,13,210,7,134,10.9519745475
27638,11414,11211,2,13,352,7,256,6.91846560335
27639,11414,10011,2,13,437,7,352,10.0281272086
27640,11414,10025,0,13,143,7,65,11.6930600509
27641,11414,10032,2,13,65,7,28,13.6090331853
27642,11414,11232,2,13,125,7,24,8.46408772715
27643,11414,11377,2,13,46,7,33,6.65259288673
27644,11414,11361,2,13,19,7,11,8.10672750045
27645,11414,11206,0,13,90,7,63,6.05790177396
27646,11414,11430,2,13,187,7,143,2.55371853938
27647,11414,10021,2,13,62,7,45,9.78507278553
27648,11414,11201,2,13,234,7,176,8.07884680332
27649,11414,11238,0,13,109,7,64,6.45155985994
27650,11414,10016,2,13,162,7,110,9.30930575177
27651,11414,11218,2,13,26,7,19,7.03914152336
27652,11414,10301,2,13,45,7,32,13.3232507887
27653,11414,10452,2,13,54,7,34,13.1327124923
27654,11414,10314,3,13,51,7,30,16.2697793275
27655,11414,10461,1,13,50,7,20,12.7495224557
27656,11414,11101,2,13,193,7,96,7.84259265359
27657,11414,10029,2,13,50,7,38,10.6632054694
27658,11414,10467,2,13,33,7,22,14.8355506075
27659,11414,11208,0,13,43,7,13,1.83390876156
27660,11414,10024,0,13,101,7,71,11.2982785013
27661,11414,10005,2,13,65,7,41,9.29265862949
27662,11414,10030,1,13,39,7,26,12.228942182
27663,11414,10002,0,13,258,7,186,8.57512138545
27664,11414,11385,1,13,56,7,31,4.04849666735
27665,11414,11220,2,13,38,7,23,9.1406764777
27666,11414,11215,2,13,123,7,95,7.50942186261
27667,11414,10038,2,13,174,7,85,9.14588772697
27668,11414,11217,0,13,92,7,71,7.26254153186
27669,11414,10462,3,13,104,7,58,12.7211900225
27670,11414,10040,2,13,80,7,27,14.5423617555
27671,11414,10457,2,13,28,7,16,13.3317595117
27672,11414,10017,2,13,277,7,161,9.38097808649
27673,11414,11433,2,13,18,7,12,3.95182291315
27674,11414,10308,0,13,8,7,8,17.78533909
27675,11414,10468,2,13,52,7,30,14.711842179
27676,11414,10111,0,13,15,7,13,9.92585507099
27677,11414,10309,2,13,23,7,15,21.3762370871
27678,11414,10034,1,13,68,7,33,15.0046881157
27679,11414,10028,2,13,89,7,53,10.0426499199
27680,11414,10035,2,13,65,7,32,11.0237286882
27681,11414,11228,1,13,10,7,8,9.28857775352
27682,11414,11105,0,13,25,7,19,8.73200695025
27683,11414,11355,2,13,26,7,18,6.42097713595
27684,11414,11209,2,13,49,7,28,10.0838509804
27685,11414,11213,0,13,35,7,20,4.88133176767
27686,11414,11369,2,13,12,7,8,7.36306685082
27687,11414,10031,1,13,64,7,45,12.8494736964
27688,11414,11221,0,13,120,7,61,4.92810575303
27689,11414,11212,0,13,12,7,10,3.69229687898
27690,11414,11233,0,13,74,7,34,4.16600178765
27691,11414,11368,2,13,62,7,41,6.18703182655
27692,11414,11205,0,13,37,7,31,6.87828804431
27693,11414,10069,0,13,14,7,8,11.1937576776
27694,11414,11203,0,13,39,7,8,4.76257860833
27695,11414,10459,1,13,16,7,8,11.8355584771
27696,11414,11219,0,13,6,7,4,8.23933422059
27697,11414,11434,2,13,32,7,16,3.87979535012
27698,11414,11230,0,13,11,7,5,6.81081748143
27699,11414,11373,2,13,53,7,27,5.67718895841
27700,11414,11362,1,13,8,7,5,9.07774865255
27701,11414,10305,0,13,11,7,8,12.8527683439
27702,11414,11104,0,13,8,7,6,7.13728408205
27703,11414,10004,2,13,168,7,99,10.778421339
27704,11414,10275,0,13,13,7,7,10.9997255981
27705,11414,10118,0,13,4,7,3,9.79062916556
27706,11414,10026,0,13,57,7,43,11.5715345175
27707,11414,11235,1,13,19,7,14,7.61457752982
27708,11414,10469,0,13,44,7,12,14.5236210965
27709,11414,10281,0,13,31,7,24,9.82639904102
27710,11414,11223,0,13,10,7,7,7.95084752176
27711,11414,11379,2,13,33,7,13,4.41726117508
27712,11414,10465,2,13,37,7,16,11.6389836425
27713,11414,10455,0,13,20,7,11,11.3744731705
27714,11414,10466,0,13,16,7,11,16.0625181659
27715,11414,11239,0,13,4,7,2,2.07373537933
27716,11414,11207,2,13,86,7,31,2.82055778633
27717,11414,11367,2,13,35,7,17,4.99211359799
27718,11414,11106,0,13,21,7,19,8.53235126546
27719,11414,10471,2,13,19,7,15,17.0380354744
27720,11414,11234,0,13,50,7,15,4.94518491253
27721,11414,10167,0,13,11,7,4,9.61005838827
27722,11414,10453,1,13,21,7,16,13.921779126
27723,11414,10451,2,13,20,7,12,11.8945746168
27724,11414,10033,2,13,86,7,31,14.0038666914
27725,11414,11354,3,13,38,7,25,7.63550131793
27726,11414,10463,2,13,36,7,16,15.7459483722
27727,11414,10169,0,13,4,7,4,9.63310796258
27728,11414,10456,2,13,21,7,12,12.3201108763
27729,11414,11420,0,13,8,7,7,1.83052214995
27730,11414,10153,0,13,6,7,5,9.96305548778
27731,11414,10307,0,13,6,7,3,23.479006837
27732,11414,10306,0,13,17,7,8,15.6873644352
27733,11414,10165,0,13,2,7,2,9.6430769467
27734,11414,10303,2,13,11,7,7,16.8927680794
27735,11414,11224,0,13,22,7,13,9.62691308911
27736,11414,10304,0,13,8,7,5,13.4252646211
27737,11414,10458,2,13,34,7,31,14.4130266074
27738,11414,11414,7,13,13,7,7,0.0
27739,11414,11204,0,13,9,7,8,7.91635327761
27740,11414,11372,1,13,16,7,11,6.7026421975
27741,11414,11357,0,13,9,7,6,8.89344060693
27742,11414,10044,0,13,9,7,8,9.0795980635
27743,11414,11229,2,13,27,7,14,6.56218802798
27744,11414,11236,1,13,15,7,9,3.40070949129
27745,11414,10302,2,13,5,7,5,15.5615993702
27746,11414,11422,0,13,11,7,8,5.68663967057
27747,11414,10312,0,13,4,7,2,19.2327504723
27748,11414,10310,0,13,27,7,6,14.4242786091
27749,11414,11429,1,13,8,7,6,6.49303793684
27750,11414,10152,0,13,2,7,2,9.69088193303
27751,11414,11214,0,13,10,7,6,9.01638786874
27752,11414,11435,2,13,41,7,23,3.37938118056
27753,11414,10039,2,13,8,7,7,12.5958042748
27754,11414,10121,0,13,1,7,1,10.0388184139
27755,11414,11413,2,13,14,7,7,4.89347736374
27756,11414,10473,2,13,14,7,9,11.0936283185
27757,11414,10454,2,13,19,7,10,10.8946499561
27758,11414,11416,3,13,5,7,5,1.7724254967
27759,11414,10280,0,13,5,7,3,9.7811139687
27760,11414,11694,0,13,5,7,4,5.64117460168
27761,11414,11358,0,13,6,7,4,7.48166797043
27762,11414,11421,1,13,4,7,4,2.39005346285
27763,11414,11412,0,13,4,7,4,5.15649624176
27764,11414,10174,0,13,2,7,2,9.46603003943
27765,11414,11417,0,13,3,7,3,1.19967094942
27766,11414,11427,2,13,5,7,4,6.96141600902
27767,11414,11411,1,13,4,7,2,6.15025948025
27768,11414,11374,2,13,10,7,9,4.69913480651
27769,11414,10096,0,13,2,7,2,10.9997255981
27770,11414,10006,0,13,19,7,18,9.57645529516
27771,11414,10037,2,13,15,7,10,11.7679249332
27772,11414,11370,0,13,8,7,4,7.64796670671
27773,11414,10475,2,13,15,7,11,15.2323398679
27774,11414,11225,1,13,17,7,13,5.8878531837
27775,11414,10282,0,13,10,7,9,9.86686131746
27776,11414,11426,3,13,12,7,5,8.20063256716
27777,11414,11378,2,13,18,7,7,5.51801532473
27778,11414,10107,0,13,1,7,1,10.4616953908
27779,11414,11251,0,13,4,7,3,5.42678070856
27780,11414,11436,2,13,6,7,3,2.67221478193
27781,11414,11360,2,13,10,7,5,9.06052161405
27782,11414,11356,0,13,2,7,2,8.78223820929
27783,11414,10474,1,13,8,7,7,10.9471532097
27784,11414,11697,0,13,1,7,1,7.59488330566
27785,11414,10172,0,13,2,7,2,9.62228687882
27786,11414,11691,0,13,4,7,3,5.95150711022
27787,11414,10470,1,13,6,7,4,16.7543618413
27788,11414,11366,0,13,7,7,5,5.32815015214
27789,11414,10041,0,13,2,7,2,9.29664120411
27790,11414,10278,0,13,1,7,1,9.32973897526
27791,11414,10106,0,13,4,7,1,10.3191602764
27792,11414,11428,0,13,2,7,2,6.84462408821
27793,11414,10286,0,13,1,7,1,9.66752229015
27794,11414,10279,0,13,1,7,1,9.47525795712
27795,11414,10103,0,13,1,7,1,10.0112716251
27796,11414,10196,0,13,1,7,1,10.9997255981
27797,11414,10154,0,13,1,7,1,9.67633076062
27798,11414,10119,0,13,2,7,2,10.1310475567
27799,11414,10464,0,13,5,7,4,14.0111881816
27800,11414,10166,0,13,2,7,2,9.64596281717
27801,11414,10203,0,13,1,7,1,10.9997255981
27802,11414,11359,0,13,2,7,2,9.92177232095
27803,11414,10177,0,13,1,7,1,9.67628159487
27804,11414,11040,0,13,1,7,1,10.4200959097
27805,11414,11364,0,13,2,7,2,7.51254569489
27806,11414,11692,0,13,2,7,2,5.14922637522
27807,11414,11423,0,13,1,7,1,5.52062701396
27808,11414,11415,0,13,2,7,2,3.43519844831
27809,11414,10175,0,13,2,7,1,9.76817271376
27810,11204,10012,1,9,445,8,357,7.41883109296
27811,11204,11222,0,9,110,8,71,7.68799209737
27812,11204,11231,0,9,65,8,44,4.23488944337
27813,11204,10019,1,9,637,8,440,10.1275276252
27814,11204,11102,0,9,35,8,30,10.9757214459
27815,11204,10003,1,9,493,8,400,7.83994810461
27816,11204,10020,1,9,143,8,116,9.64404544987
27817,11204,10018,1,9,339,8,256,9.40605191455
27818,11204,10001,1,9,670,8,468,9.11541220539
27819,11204,11365,0,9,21,8,9,13.0773157446
27820,11204,10007,1,9,1780,8,1042,6.71573504139
27821,11204,10022,0,9,228,8,164,9.70833697934
27822,11204,10013,0,9,745,8,406,7.10138913357
27823,11204,10472,0,9,23,8,8,15.8169607908
27824,11204,11226,1,9,195,8,123,2.37750204352
27825,11204,10027,0,9,141,8,83,13.4580802234
27826,11204,11210,1,9,34,8,20,2.1530349666
27827,11204,11693,0,9,6,8,6,8.80599123151
27828,11204,11432,0,9,49,8,36,12.0157957938
27829,11204,11103,0,9,35,8,26,10.6674974488
27830,11204,11237,0,9,64,8,53,6.74675109337
27831,11204,10010,0,9,218,8,181,8.28679976023
27832,11204,10014,0,9,397,8,286,8.06151379677
27833,11204,10009,0,9,135,8,91,7.4693286228
27834,11204,10036,1,9,826,8,656,9.70363853851
27835,11204,11216,0,9,60,8,49,4.65390582245
27836,11204,11418,0,9,15,8,11,9.65141698954
27837,11204,11109,0,9,5,8,5,6.39441913165
27838,11204,11371,0,9,71,8,65,12.0332898892
27839,11204,10460,0,9,42,8,22,16.2691525019
27840,11204,10048,0,9,86,8,65,6.58783900816
27841,11204,10128,1,9,51,8,40,11.3875926235
27842,11204,11375,1,9,44,8,27,10.1194642518
27843,11204,10023,1,9,210,8,134,10.8444696327
27844,11204,11211,0,9,352,8,256,6.62349802346
27845,11204,10011,1,9,437,8,352,8.46162881206
27846,11204,10025,1,9,143,8,65,12.4205940327
27847,11204,10032,0,9,65,8,28,15.4677922783
27848,11204,11232,0,9,125,8,24,2.7217064448
27849,11204,11377,0,9,46,8,33,9.55025862289
27850,11204,11361,0,9,19,8,11,14.8877302304
27851,11204,11206,0,9,90,8,63,6.16084821757
27852,11204,11430,0,9,187,8,143,10.1742749765
27853,11204,10021,0,9,62,8,45,10.3926772268
27854,11204,11201,1,9,234,8,176,5.27265360466
27855,11204,11238,0,9,109,8,64,4.38060916978
27856,11204,10016,1,9,162,8,110,8.78753196464
27857,11204,11218,1,9,26,8,19,1.8262720322
27858,11204,10301,0,9,45,8,32,5.82921947097
27859,11204,10452,0,9,54,8,34,15.5163714759
27860,11204,10314,1,9,51,8,30,8.47921988064
27861,11204,10461,0,9,50,8,20,17.2631107575
27862,11204,11101,0,9,193,8,96,9.04542073027
27863,11204,10029,0,9,50,8,38,12.0872452277
27864,11204,10467,1,9,33,8,22,18.4985259481
27865,11204,11208,0,9,43,8,13,6.96755443547
27866,11204,10024,0,9,101,8,71,11.5608874195
27867,11204,10005,0,9,65,8,41,6.13762122662
27868,11204,10030,0,9,39,8,26,13.9150558958
27869,11204,10002,0,9,258,8,186,6.76984290667
27870,11204,11385,0,9,56,8,31,7.55011408685
27871,11204,11220,0,9,38,8,23,2.25082151769
27872,11204,11215,1,9,123,8,95,3.35129684809
27873,11204,10038,1,9,174,8,85,6.3391642403
27874,11204,11217,1,9,92,8,71,4.3722327345
27875,11204,10462,1,9,104,8,58,16.765545252
27876,11204,10040,0,9,80,8,27,16.8049452995
27877,11204,10457,0,9,28,8,16,16.3559125855
27878,11204,10017,0,9,277,8,161,9.21521296127
27879,11204,11433,0,9,18,8,12,11.6729116762
27880,11204,10308,0,9,8,8,8,9.91151613067
27881,11204,10468,0,9,52,8,30,17.7029805871
27882,11204,10111,0,9,15,8,13,9.68729493881
27883,11204,10309,1,9,23,8,15,13.4971663257
27884,11204,10034,0,9,68,8,33,17.4945696688
27885,11204,10028,0,9,89,8,53,11.0089604056
27886,11204,10035,0,9,65,8,32,12.9401960516
27887,11204,11228,0,9,10,8,8,1.42022183836
27888,11204,11105,0,9,25,8,19,11.474254549
27889,11204,11355,0,9,26,8,18,12.5107690978
27890,11204,11209,1,9,49,8,28,2.37274153084
27891,11204,11213,0,9,35,8,20,4.45147032168
27892,11204,11369,0,9,12,8,8,11.6015513432
27893,11204,10031,0,9,64,8,45,14.4251481455
27894,11204,11221,0,9,120,8,61,5.8555108766
27895,11204,11212,0,9,12,8,10,4.79678424464
27896,11204,11233,0,9,74,8,34,5.30095674545
27897,11204,11368,0,9,62,8,41,11.0569449129
27898,11204,11205,0,9,37,8,31,5.2932616506
27899,11204,10069,0,9,14,8,8,10.805350199
27900,11204,11203,0,9,39,8,8,3.42069759982
27901,11204,10459,0,9,16,8,8,15.0354295079
27902,11204,11219,0,9,6,8,4,1.1125329229
27903,11204,11434,0,9,32,8,16,11.7933521919
27904,11204,11230,0,9,11,8,5,1.11144177774
27905,11204,11373,0,9,53,8,27,9.83551016129
27906,11204,11362,0,9,8,8,5,16.395851854
27907,11204,10305,0,9,11,8,8,4.94358200327
27908,11204,11104,1,9,8,8,6,9.2716433287
27909,11204,10004,0,9,168,8,99,6.28379137453
27910,11204,10275,0,9,13,8,7,11.1720564904
27911,11204,10118,0,9,4,8,3,8.97443778915
27912,11204,10026,0,9,57,8,43,12.7876506538
27913,11204,11235,0,9,19,8,14,3.02974412602
27914,11204,10469,0,9,44,8,12,18.6775447907
27915,11204,10281,0,9,31,8,24,6.79170603121
27916,11204,11223,0,9,10,8,7,1.57740726278
27917,11204,11379,1,9,33,8,13,8.69425862803
27918,11204,10465,1,9,37,8,16,16.7525153534
27919,11204,10455,0,9,20,8,11,14.1566916436
27920,11204,10466,0,9,16,8,11,20.1120797553
27921,11204,11239,0,9,4,8,2,5.85042795882
27922,11204,11207,0,9,86,8,31,5.95479281092
27923,11204,11367,0,9,35,8,17,11.4389470402
27924,11204,11106,0,9,21,8,19,10.2606625512
27925,11204,10471,0,9,19,8,15,19.9119843986
27926,11204,11234,1,9,50,8,15,3.31943346865
27927,11204,10167,0,9,11,8,4,9.39266408207
27928,11204,10453,0,9,21,8,16,16.5949248697
27929,11204,10451,1,9,20,8,12,14.2370448133
27930,11204,10033,1,9,86,8,31,16.071887367
27931,11204,11354,0,9,38,8,25,13.2722679445
27932,11204,10463,1,9,36,8,16,18.5370674168
27933,11204,10169,0,9,4,8,4,9.36215629024
27934,11204,10456,0,9,21,8,12,15.0807882577
27935,11204,11420,0,9,8,8,7,9.70035245798
27936,11204,10153,0,9,6,8,5,10.0113758317
27937,11204,10307,0,9,6,8,3,15.6291053733
27938,11204,10306,0,9,17,8,8,7.79206662546
27939,11204,10165,0,9,2,8,2,9.2106391597
27940,11204,10303,0,9,11,8,7,9.36854888034
27941,11204,11224,0,9,22,8,13,2.9455653569
27942,11204,10304,0,9,8,8,5,5.58326169024
27943,11204,10458,0,9,34,8,31,17.6539317791
27944,11204,11414,0,9,13,8,7,7.91635327761
27945,11204,11204,8,9,9,8,8,0.0
27946,11204,11372,1,9,16,8,11,10.4772558523
27947,11204,11357,0,9,9,8,6,14.67568229
27948,11204,10044,0,9,9,8,8,10.0580859891
27949,11204,11229,1,9,27,8,14,2.6627644929
27950,11204,11236,0,9,15,8,9,4.51659310008
27951,11204,10302,0,9,5,8,5,8.05735111885
27952,11204,11422,0,9,11,8,8,13.4593876185
27953,11204,10312,0,9,4,8,2,11.3545266578
27954,11204,10310,0,9,27,8,6,6.93546751202
27955,11204,11429,0,9,8,8,6,14.3226881597
27956,11204,10152,0,9,2,8,2,9.65963572778
27957,11204,11214,0,9,10,8,6,1.50102454956
27958,11204,11435,0,9,41,8,23,10.7596806359
27959,11204,10039,0,9,8,8,7,14.5168131311
27960,11204,10121,0,9,1,8,1,9.02611053057
27961,11204,11413,0,9,14,8,7,12.7617048146
27962,11204,10473,0,9,14,8,9,15.2726992713
27963,11204,10454,0,9,19,8,10,13.396190317
27964,11204,11416,0,9,5,8,5,8.34456053778
27965,11204,10280,0,9,5,8,3,6.35058423428
27966,11204,11694,0,9,5,8,4,7.80365019888
27967,11204,11358,0,9,6,8,4,13.9131038193
27968,11204,11421,0,9,4,8,4,8.29386761383
27969,11204,11412,0,9,4,8,4,13.0096929577
27970,11204,10174,0,9,2,8,2,9.17116986596
27971,11204,11417,1,9,3,8,3,8.32849778673
27972,11204,11427,0,9,5,8,4,14.5527468538
27973,11204,11411,0,9,4,8,2,14.0603584458
27974,11204,11374,1,9,10,8,9,9.78890763657
27975,11204,10096,0,9,2,8,2,11.1720564904
27976,11204,10006,0,9,19,8,18,6.32078624279
27977,11204,10037,0,9,15,8,10,13.6570612244
27978,11204,11370,1,9,8,8,4,11.1045642311
27979,11204,10475,1,9,15,8,11,19.7667658325
27980,11204,11225,0,9,17,8,13,3.40925956045
27981,11204,10282,0,9,10,8,9,6.95450443599
27982,11204,11426,0,9,12,8,5,15.9046400172
27983,11204,11378,0,9,18,8,7,8.43881447141
27984,11204,10107,0,9,1,8,1,10.1773047938
27985,11204,11251,0,9,4,8,3,2.75900444952
27986,11204,11436,0,9,6,8,3,10.5826962828
27987,11204,11360,0,9,10,8,5,15.4801510977
27988,11204,11356,0,9,2,8,2,13.6712243838
27989,11204,10474,0,9,8,8,7,14.3429879021
27990,11204,11697,0,9,1,8,1,5.68813247872
27991,11204,10172,0,9,2,8,2,9.43761483477
27992,11204,11691,0,9,4,8,3,11.9095483853
27993,11204,10470,0,9,6,8,4,20.4971966441
27994,11204,11366,0,9,7,8,5,12.4115025744
27995,11204,10041,0,9,2,8,2,5.953938165
27996,11204,10278,0,9,1,8,1,6.75370265578
27997,11204,10106,0,9,4,8,1,10.0974407562
27998,11204,11428,0,9,2,8,2,14.5678106362
27999,11204,10286,0,9,1,8,1,6.72810040692
28000,11204,10279,0,9,1,8,1,6.61399787508
28001,11204,10103,0,9,1,8,1,9.80294241823
28002,11204,10196,0,9,1,8,1,11.1720564904
28003,11204,10154,0,9,1,8,1,9.61505916654
28004,11204,10119,0,9,2,8,2,9.11006170451
28005,11204,10464,0,9,5,8,4,19.3744563105
28006,11204,10166,0,9,2,8,2,9.37052846896
28007,11204,10203,0,9,1,8,1,11.1720564904
28008,11204,11359,0,9,2,8,2,16.223757825
28009,11204,10177,0,9,1,8,1,9.42286897528
28010,11204,11040,0,9,1,8,1,18.1980864401
28011,11204,11364,0,9,2,8,2,14.7364054694
28012,11204,11692,0,9,2,8,2,10.1026342649
28013,11204,11423,0,9,1,8,1,13.1393427106
28014,11204,11415,0,9,2,8,2,10.1571662978
28015,11204,10175,0,9,2,8,1,9.34378663959
28016,11372,10012,2,16,445,11,357,6.21225187566
28017,11372,11222,1,16,110,11,71,3.61177212241
28018,11372,11231,1,16,65,11,44,7.92193630682
28019,11372,10019,3,16,637,11,440,5.42113405195
28020,11372,11102,1,16,35,11,30,2.56837526355
28021,11372,10003,1,16,493,11,400,5.6445255447
28022,11372,10020,1,16,143,11,116,5.06689165785
28023,11372,10018,2,16,339,11,256,5.73198760594
28024,11372,10001,2,16,670,11,468,5.88793540238
28025,11372,11365,1,16,21,11,9,4.90170072288
28026,11372,10007,2,16,1780,11,1042,6.89682250774
28027,11372,10022,1,16,228,11,164,4.39749431409
28028,11372,10013,0,16,745,11,406,6.66532899555
28029,11372,10472,1,16,23,11,8,5.60066855974
28030,11372,11226,2,16,195,11,123,8.14647731618
28031,11372,10027,1,16,141,11,83,5.68741744241
28032,11372,11210,2,16,34,11,20,9.02378891376
28033,11372,11693,0,16,6,11,6,11.1008532283
28034,11372,11432,0,16,49,11,36,5.38818734955
28035,11372,11103,1,16,35,11,26,1.65164262147
28036,11372,11237,1,16,64,11,53,3.7305335052
28037,11372,10010,1,16,218,11,181,5.18551699316
28038,11372,10014,1,16,397,11,286,6.43843795563
28039,11372,10009,0,16,135,11,91,5.19919625369
28040,11372,10036,2,16,826,11,656,5.59219214681
28041,11372,11216,1,16,60,11,49,5.86703802825
28042,11372,11418,0,16,15,11,11,4.44810857198
28043,11372,11109,0,16,5,11,5,6.85225289784
28044,11372,11371,1,16,71,11,65,1.58873115646
28045,11372,10460,1,16,42,11,22,6.26922835183
28046,11372,10048,0,16,86,11,65,7.21094987126
28047,11372,10128,2,16,51,11,40,4.10007089681
28048,11372,11375,2,16,44,11,27,2.87410306913
28049,11372,10023,2,16,210,11,134,5.47037613292
28050,11372,11211,1,16,352,11,256,4.51370605358
28051,11372,10011,2,16,437,11,352,6.10922141901
28052,11372,10025,1,16,143,11,65,5.51800402324
28053,11372,10032,1,16,65,11,28,6.93055874539
28054,11372,11232,1,16,125,11,24,9.07296430223
28055,11372,11377,2,16,46,11,33,1.13706926779
28056,11372,11361,1,16,19,11,11,5.86268501658
28057,11372,11206,0,16,90,11,63,4.50830762385
28058,11372,11430,1,16,187,11,143,8.30281278413
28059,11372,10021,1,16,62,11,45,4.18825979515
28060,11372,11201,2,16,234,11,176,6.67565924899
28061,11372,11238,0,16,109,11,64,6.34080404386
28062,11372,10016,2,16,162,11,110,4.90171163514
28063,11372,11218,2,16,26,11,19,8.73159956973
28064,11372,10301,1,16,45,11,32,13.7243227997
28065,11372,10452,1,16,54,11,34,6.43035986971
28066,11372,10314,2,16,51,11,30,16.916584211
28067,11372,10461,1,16,50,11,20,6.84350071369
28068,11372,11101,1,16,193,11,96,2.89171578386
28069,11372,10029,1,16,50,11,38,4.30795137462
28070,11372,10467,2,16,33,11,22,8.46305262713
28071,11372,11208,0,16,43,11,13,5.3823774392
28072,11372,10024,0,16,101,11,71,5.47130177651
28073,11372,10005,1,16,65,11,41,7.19803801388
28074,11372,10030,1,16,39,11,26,5.62624263936
28075,11372,10002,0,16,258,11,186,5.85323830353
28076,11372,11385,1,16,56,11,31,3.27907196257
28077,11372,11220,1,16,38,11,23,10.1930755788
28078,11372,11215,2,16,123,11,95,7.79688238506
28079,11372,10038,2,16,174,11,85,6.85764729286
28080,11372,11217,1,16,92,11,71,6.79345475235
28081,11372,10462,2,16,104,11,58,6.49170887942
28082,11372,10040,1,16,80,11,27,7.84118190191
28083,11372,10457,1,16,28,11,16,6.70757676013
28084,11372,10017,1,16,277,11,161,4.61886657008
28085,11372,11433,1,16,18,11,12,6.29353564798
28086,11372,10308,0,16,8,11,8,19.6095849655
28087,11372,10468,1,16,52,11,30,8.10807465933
28088,11372,10111,0,16,15,11,13,4.94194064318
28089,11372,10309,2,16,23,11,15,23.0173212547
28090,11372,10034,1,16,68,11,33,8.32126332919
28091,11372,10028,1,16,89,11,53,4.09588651468
28092,11372,10035,1,16,65,11,32,4.43568673571
28093,11372,11228,1,16,10,11,8,11.3332930094
28094,11372,11105,0,16,25,11,19,2.10488835365
28095,11372,11355,1,16,26,11,18,3.40709173453
28096,11372,11209,2,16,49,11,28,11.6098251276
28097,11372,11213,0,16,35,11,20,6.06936068036
28098,11372,11369,1,16,12,11,8,1.13788170938
28099,11372,10031,1,16,64,11,45,6.24266564377
28100,11372,11221,0,16,120,11,61,4.62557167824
28101,11372,11212,0,16,12,11,10,6.25657754489
28102,11372,11233,0,16,74,11,34,5.36205937337
28103,11372,11368,3,16,62,11,41,1.37784731934
28104,11372,11205,0,16,37,11,31,5.74106710336
28105,11372,10069,0,16,14,11,8,5.8381305419
28106,11372,11203,0,16,39,11,8,7.42948247335
28107,11372,10459,1,16,16,11,8,5.21608734271
28108,11372,11219,0,16,6,11,4,10.0267159437
28109,11372,11434,1,16,32,11,16,7.83075277635
28110,11372,11230,0,16,11,11,5,9.72673750312
28111,11372,11373,1,16,53,11,27,1.02545336338
28112,11372,11362,1,16,8,11,5,7.95637491594
28113,11372,10305,0,16,11,11,8,14.460683471
28114,11372,11104,1,16,8,11,6,1.89645965514
28115,11372,10004,1,16,168,11,99,8.95233865088
28116,11372,10275,0,16,13,11,7,5.30945498578
28117,11372,10118,0,16,4,11,3,5.36038259622
28118,11372,10026,0,16,57,11,43,5.18235467667
28119,11372,11235,1,16,19,11,14,11.9882247962
28120,11372,10469,0,16,44,11,12,8.40342094557
28121,11372,10281,0,16,31,11,24,7.28116856791
28122,11372,11223,0,16,10,11,7,11.4614000093
28123,11372,11379,2,16,33,11,13,2.36927961633
28124,11372,10465,2,16,37,11,16,6.28309215705
28125,11372,10455,0,16,20,11,11,4.67731414471
28126,11372,10466,0,16,16,11,11,9.91087210864
28127,11372,11239,0,16,4,11,2,7.20183904244
28128,11372,11207,1,16,86,11,31,5.49463848013
28129,11372,11367,1,16,35,11,17,3.61925479789
28130,11372,11106,0,16,21,11,19,2.60550017688
28131,11372,10471,1,16,19,11,15,10.4452725564
28132,11372,11234,1,16,50,11,15,9.28827545449
28133,11372,10167,0,16,11,11,4,4.76633774102
28134,11372,10453,1,16,21,11,16,7.24667524442
28135,11372,10451,2,16,20,11,12,5.19806207145
28136,11372,10033,2,16,86,11,31,7.30452367314
28137,11372,11354,1,16,38,11,25,3.34907222725
28138,11372,10463,2,16,36,11,16,9.11652947577
28139,11372,10169,0,16,4,11,4,4.82268538229
28140,11372,10456,1,16,21,11,12,5.63302515435
28141,11372,11420,0,16,8,11,7,6.45801721251
28142,11372,10153,0,16,6,11,5,4.72976809525
28143,11372,10307,0,16,6,11,3,25.2150557079
28144,11372,10306,0,16,17,11,8,17.4964908416
28145,11372,10165,0,16,2,11,2,4.96492074011
28146,11372,10303,1,16,11,11,7,16.8124579251
28147,11372,11224,0,16,22,11,13,13.2385116925
28148,11372,10304,0,16,8,11,5,14.5948282719
28149,11372,10458,1,16,34,11,31,7.87127142204
28150,11372,11414,1,16,13,11,7,6.70264219749
28151,11372,11204,1,16,9,11,8,10.4772558523
28152,11372,11372,11,16,16,11,11,0.0
28153,11372,11357,0,16,9,11,6,4.59687978729
28154,11372,10044,0,16,9,11,8,3.50201432898
28155,11372,11229,2,16,27,11,14,10.8315776344
28156,11372,11236,1,16,15,11,9,7.63147898726
28157,11372,10302,1,16,5,11,5,15.6132278731
28158,11372,11422,0,16,11,11,8,9.89524885507
28159,11372,10312,0,16,4,11,2,20.9645218594
28160,11372,10310,0,16,27,11,6,14.6204173665
28161,11372,11429,1,16,8,11,6,8.14246086637
28162,11372,10152,0,16,2,11,2,4.64919511997
28163,11372,11214,0,16,10,11,6,11.9693383165
28164,11372,11435,1,16,41,11,23,5.21762321994
28165,11372,10039,1,16,8,11,7,5.93185613418
28166,11372,10121,0,16,1,11,1,5.64440591008
28167,11372,11413,1,16,14,11,7,8.89882426436
28168,11372,10473,1,16,14,11,9,4.90209920932
28169,11372,10454,1,16,19,11,10,4.20067979924
28170,11372,11416,1,16,5,11,5,4.94640393852
28171,11372,10280,0,16,5,11,3,7.59999443574
28172,11372,11694,0,16,5,11,4,12.1402544674
28173,11372,11358,0,16,6,11,4,4.68360492108
28174,11372,11421,1,16,4,11,4,4.31276606687
28175,11372,11412,0,16,4,11,4,7.50409351773
28176,11372,10174,0,16,2,11,2,4.76748879582
28177,11372,11417,1,16,3,11,3,5.55180739553
28178,11372,11427,1,16,5,11,4,7.32247430547
28179,11372,11411,0,16,4,11,2,8.72403852246
28180,11372,11374,2,16,10,11,9,2.12982783558
28181,11372,10096,0,16,2,11,2,5.30945498578
28182,11372,10006,0,16,19,11,18,7.37658862888
28183,11372,10037,1,16,15,11,10,5.1412305047
28184,11372,11370,1,16,8,11,4,0.945531854548
28185,11372,10475,2,16,15,11,11,9.38149549635
28186,11372,11225,1,16,17,11,13,7.07495241073
28187,11372,10282,0,16,10,11,9,7.19276964259
28188,11372,11426,1,16,12,11,5,8.65651162391
28189,11372,11378,1,16,18,11,7,2.04002662719
28190,11372,10107,0,16,1,11,1,5.28375696254
28191,11372,11251,0,16,4,11,3,7.91851851178
28192,11372,11436,1,16,6,11,3,6.97060627166
28193,11372,11360,1,16,10,11,5,5.85538912675
28194,11372,11356,0,16,2,11,2,3.23897003341
28195,11372,10474,1,16,8,11,7,4.35488641574
28196,11372,11697,0,16,1,11,1,13.1723331098
28197,11372,10172,0,16,2,11,2,4.74437954153
28198,11372,11691,0,16,4,11,3,12.2569223097
28199,11372,10470,1,16,6,11,4,10.4573561991
28200,11372,11366,0,16,7,11,5,4.97162878843
28201,11372,10041,0,16,2,11,2,7.35847171702
28202,11372,10278,0,16,1,11,1,6.71312260097
28203,11372,10106,0,16,4,11,1,5.14927840002
28204,11372,11428,0,16,2,11,2,7.79207587686
28205,11372,10286,0,16,1,11,1,7.13980745292
28206,11372,10279,0,16,1,11,1,7.00550445663
28207,11372,10103,0,16,1,11,1,4.9631128506
28208,11372,10196,0,16,1,11,1,5.30945498578
28209,11372,10154,0,16,1,11,1,4.66692708552
28210,11372,10119,0,16,2,11,2,5.69696826016
28211,11372,10464,0,16,5,11,4,8.90798823078
28212,11372,10166,0,16,2,11,2,4.83255594871
28213,11372,10203,0,16,1,11,1,5.30945498578
28214,11372,11359,0,16,2,11,2,6.36659788841
28215,11372,10177,0,16,1,11,1,4.82836496483
28216,11372,11040,0,16,1,11,1,10.7897116897
28217,11372,11364,0,16,2,11,2,6.53195351005
28218,11372,11692,0,16,2,11,2,11.8051520922
28219,11372,11423,0,16,1,11,1,6.57747222434
28220,11372,11415,0,16,2,11,2,4.13740914509
28221,11372,10175,0,16,2,11,1,5.01700712868
28222,11357,10012,0,9,445,6,357,10.7129395129
28223,11357,11222,0,9,110,6,71,8.20386817348
28224,11357,11231,0,9,65,6,44,12.4948085698
28225,11357,10019,0,9,637,6,440,9.34219187664
28226,11357,11102,0,9,35,6,30,6.12103161992
28227,11357,10003,0,9,493,6,400,10.1081571991
28228,11357,10020,0,9,143,6,116,9.14632261954
28229,11357,10018,0,9,339,6,256,9.87065846366
28230,11357,10001,0,9,670,6,468,10.0982942689
28231,11357,11365,0,9,21,6,9,3.26374722715
28232,11357,10007,0,9,1780,6,1042,11.4489709753
28233,11357,10022,0,9,228,6,164,8.47749735255
28234,11357,10013,0,9,745,6,406,11.1891094267
28235,11357,10472,0,9,23,6,8,4.4384759878
28236,11357,11226,0,9,195,6,123,12.2989752437
28237,11357,10027,0,9,141,6,83,7.88788728546
28238,11357,11210,0,9,34,6,20,12.9557233652
28239,11357,11693,0,9,6,6,6,12.9493421166
28240,11357,11432,0,9,49,6,36,4.92345047214
28241,11357,11103,0,9,35,6,26,5.5365894263
28242,11357,11237,0,9,64,6,53,8.06678465163
28243,11357,10010,0,9,218,6,181,9.59445730096
28244,11357,10014,0,9,397,6,286,10.8463498362
28245,11357,10009,0,9,135,6,91,9.7310528129
28246,11357,10036,0,9,826,6,656,9.64823582058
28247,11357,11216,0,9,60,6,49,10.2372708315
28248,11357,11418,0,9,15,6,11,6.06899757939
28249,11357,11109,0,9,5,6,5,9.73464860132
28250,11357,11371,0,9,71,6,65,3.55919873358
28251,11357,10460,0,9,42,6,22,5.39522807221
28252,11357,10048,0,9,86,6,65,11.7675961368
28253,11357,10128,0,9,51,6,40,7.40648891274
28254,11357,11375,0,9,44,6,27,4.81052963978
28255,11357,10023,0,9,210,6,134,9.12553503056
28256,11357,11211,0,9,352,6,256,9.10346154844
28257,11357,10011,0,9,437,6,352,10.4547350971
28258,11357,10025,0,9,143,6,65,8.38896304752
28259,11357,10032,0,9,65,6,28,7.9486095206
28260,11357,11232,0,9,125,6,24,13.5656098866
28261,11357,11377,0,9,46,6,33,5.73072370227
28262,11357,11361,1,9,19,6,11,2.36311553881
28263,11357,11206,0,9,90,6,63,9.01681297952
28264,11357,11430,0,9,187,6,143,9.2690952439
28265,11357,10021,0,9,62,6,45,8.00960657201
28266,11357,11201,0,9,234,6,176,11.267487483
28267,11357,11238,0,9,109,6,64,10.797977105
28268,11357,10016,0,9,162,6,110,9.21972863839
28269,11357,11218,0,9,26,6,19,13.0315909477
28270,11357,10301,0,9,45,6,32,18.3057240242
28271,11357,10452,0,9,54,6,34,7.01479580074
28272,11357,10314,0,9,51,6,30,21.5007309161
28273,11357,10461,0,9,50,6,20,4.31064083003
28274,11357,11101,0,9,193,6,96,7.32762547182
28275,11357,10029,0,9,50,6,38,7.17739118071
28276,11357,10467,0,9,33,6,22,6.83047803853
28277,11357,11208,0,9,43,6,13,8.39799770472
28278,11357,10024,0,9,101,6,71,8.80551620422
28279,11357,10005,0,9,65,6,41,11.7793554487
28280,11357,10030,0,9,39,6,26,7.41560414805
28281,11357,10002,0,9,258,6,186,10.42451379
28282,11357,11385,0,9,56,6,31,7.12737452304
28283,11357,11220,0,9,38,6,23,14.6617294573
28284,11357,11215,0,9,123,6,95,12.2819843533
28285,11357,10038,0,9,174,6,85,11.4338187986
28286,11357,11217,0,9,92,6,71,11.3232836745
28287,11357,10462,0,9,104,6,58,4.75086589867
28288,11357,10040,0,9,80,6,27,8.0849447669
28289,11357,10457,0,9,28,6,16,6.35898901808
28290,11357,10017,0,9,277,6,161,8.84142300999
28291,11357,11433,0,9,18,6,12,6.17409437722
28292,11357,10308,0,9,8,6,8,24.1066777743
28293,11357,10468,0,9,52,6,30,7.39960241383
28294,11357,10111,0,9,15,6,13,9.01054253979
28295,11357,10309,0,9,23,6,15,27.5532660996
28296,11357,10034,0,9,68,6,33,8.16564880601
28297,11357,10028,0,9,89,6,53,7.61770168277
28298,11357,10035,0,9,65,6,32,6.6386835467
28299,11357,11228,0,9,10,6,8,15.6733730871
28300,11357,11105,0,9,25,6,19,5.23327383854
28301,11357,11355,0,9,26,6,18,2.47288833691
28302,11357,11209,0,9,49,6,28,16.0469232704
28303,11357,11213,0,9,35,6,20,10.230609513
28304,11357,11369,0,9,12,6,8,3.54377212916
28305,11357,10031,0,9,64,6,45,7.86462323955
28306,11357,11221,0,9,120,6,61,8.89840945873
28307,11357,11212,0,9,12,6,10,10.0506259672
28308,11357,11233,0,9,74,6,34,9.38037428429
28309,11357,11368,0,9,62,6,41,3.64596410134
28310,11357,11205,0,9,37,6,31,10.2892635443
28311,11357,10069,0,9,14,6,8,9.52876585828
28312,11357,11203,0,9,39,6,8,11.381700437
28313,11357,10459,0,9,16,6,8,5.23616373539
28314,11357,11219,0,9,6,6,4,14.3700655208
28315,11357,11434,0,9,32,6,16,7.7995116559
28316,11357,11230,0,9,11,6,5,13.7991119495
28317,11357,11373,0,9,53,6,27,4.91747214836
28318,11357,11362,0,9,8,6,5,4.33772138505
28319,11357,10305,0,9,11,6,8,18.9373124555
28320,11357,11104,0,9,8,6,6,6.42966208954
28321,11357,10004,0,9,168,6,99,13.519902381
28322,11357,10275,0,9,13,6,7,8.81340524795
28323,11357,10118,0,9,4,6,3,9.61536482373
28324,11357,10026,0,9,57,6,43,7.73468826821
28325,11357,11235,0,9,19,6,14,15.7010299298
28326,11357,10469,0,9,44,6,12,6.14359692828
28327,11357,10281,0,9,31,6,24,11.822306282
28328,11357,11223,0,9,10,6,7,15.4475967577
28329,11357,11379,0,9,33,6,13,5.98310207466
28330,11357,10465,0,9,37,6,16,2.88110242664
28331,11357,10455,0,9,20,6,11,5.59278544818
28332,11357,10466,0,9,16,6,11,7.61101884499
28333,11357,11239,0,9,4,6,2,10.2453474895
28334,11357,11207,0,9,86,6,31,9.01890549123
28335,11357,11367,0,9,35,6,17,3.90611955675
28336,11357,11106,0,9,21,6,19,6.59728693265
28337,11357,10471,0,9,19,6,15,9.42708120758
28338,11357,11234,0,9,50,6,15,12.8786574323
28339,11357,10167,0,9,11,6,4,8.93086865252
28340,11357,10453,0,9,21,6,16,7.17585937196
28341,11357,10451,0,9,20,6,12,6.4095746443
28342,11357,10033,0,9,86,6,31,7.94634864893
28343,11357,11354,0,9,38,6,25,1.40551859924
28344,11357,10463,0,9,36,6,16,8.42553632504
28345,11357,10169,0,9,4,6,4,8.9938879615
28346,11357,10456,0,9,21,6,12,6.0717813058
28347,11357,11420,0,9,8,6,7,7.68587438932
28348,11357,10153,0,9,6,6,5,8.69294190888
28349,11357,10307,0,9,6,6,3,29.7491383548
28350,11357,10306,0,9,17,6,8,21.9791809306
28351,11357,10165,0,9,2,6,2,9.17312818057
28352,11357,10303,0,9,11,6,7,21.4082339783
28353,11357,11224,0,9,22,6,13,17.2519413574
28354,11357,10304,0,9,8,6,5,19.1251931569
28355,11357,10458,0,9,34,6,31,6.90364368425
28356,11357,11414,0,9,13,6,7,8.89344060693
28357,11357,11204,0,9,9,6,8,14.67568229
28358,11357,11372,0,9,16,6,11,4.59687978729
28359,11357,11357,6,9,9,6,6,0.0
28360,11357,10044,0,9,9,6,8,7.50071134829
28361,11357,11229,0,9,27,6,14,14.5374555142
28362,11357,11236,0,9,15,6,9,11.0993829385
28363,11357,10302,0,9,5,6,5,20.2098911676
28364,11357,11422,0,9,11,6,8,9.26785050323
28365,11357,10312,0,9,4,6,2,25.4810913861
28366,11357,10310,0,9,27,6,6,19.2132547411
28367,11357,11429,0,9,8,6,6,6.38712946413
28368,11357,10152,0,9,2,6,2,8.73532607954
28369,11357,11214,0,9,10,6,6,16.1280694476
28370,11357,11435,0,9,41,6,23,5.82288175079
28371,11357,10039,0,9,8,6,7,7.29719524239
28372,11357,10121,0,9,1,6,1,9.87981353975
28373,11357,11413,0,9,14,6,7,8.45162829247
28374,11357,10473,0,9,14,6,9,3.50973930531
28375,11357,10454,0,9,19,6,10,5.80726908148
28376,11357,11416,0,9,5,6,5,7.30521539316
28377,11357,10280,0,9,5,6,3,12.1670862555
28378,11357,11694,0,9,5,6,4,14.4879380533
28379,11357,11358,0,9,6,6,4,1.78859664219
28380,11357,11421,0,9,4,6,4,6.95192573423
28381,11357,11412,0,9,4,6,4,6.56303541284
28382,11357,10174,0,9,2,6,2,8.99489286205
28383,11357,11417,0,9,3,6,3,7.74375563251
28384,11357,11427,0,9,5,6,4,5.04259254918
28385,11357,11411,0,9,4,6,2,7.36399410667
28386,11357,11374,0,9,10,6,9,4.92084921001
28387,11357,10096,0,9,2,6,2,8.81340524795
28388,11357,10006,0,9,19,6,18,11.9473201931
28389,11357,10037,0,9,15,6,10,6.94938094857
28390,11357,11370,0,9,8,6,4,4.51406641609
28391,11357,10475,0,9,15,6,11,6.54633541621
28392,11357,11225,0,9,17,6,13,11.3577801459
28393,11357,10282,0,9,10,6,9,11.721636345
28394,11357,11426,0,9,12,6,5,5.86247306501
28395,11357,11378,0,9,18,6,7,6.43516182139
28396,11357,10107,0,9,1,6,1,9.18615261063
28397,11357,11251,0,9,4,6,3,11.9711622331
28398,11357,11436,0,9,6,6,3,7.63901107863
28399,11357,11360,0,9,10,6,5,1.55551215678
28400,11357,11356,0,9,2,6,2,1.80767534534
28401,11357,10474,0,9,8,6,7,4.561658369
28402,11357,11697,0,9,1,6,1,16.3383366832
28403,11357,10172,0,9,2,6,2,8.8964196448
28404,11357,11691,0,9,4,6,3,12.9901400325
28405,11357,10470,0,9,6,6,4,8.45866635823
28406,11357,11366,0,9,7,6,5,4.09236769784
28407,11357,10041,0,9,2,6,2,11.9452226384
28408,11357,10278,0,9,1,6,1,11.2656327299
28409,11357,10106,0,9,4,6,1,9.07881485845
28410,11357,11428,0,9,2,6,2,5.70132498851
28411,11357,10286,0,9,1,6,1,11.687489825
28412,11357,10279,0,9,1,6,1,11.5631505915
28413,11357,10103,0,9,1,6,1,8.99392486593
28414,11357,10196,0,9,1,6,1,8.81340524795
28415,11357,10154,0,9,1,6,1,8.76684524966
28416,11357,10119,0,9,2,6,2,9.91123237188
28417,11357,10464,0,9,5,6,4,5.11780563841
28418,11357,10166,0,9,2,6,2,9.00094145712
28419,11357,10203,0,9,1,6,1,8.81340524795
28420,11357,11359,0,9,2,6,2,1.79967686652
28421,11357,10177,0,9,1,6,1,8.98155751276
28422,11357,11040,0,9,1,6,1,7.41172397442
28423,11357,11364,0,9,2,6,2,3.66937528262
28424,11357,11692,0,9,2,6,2,13.2339648156
28425,11357,11423,0,9,1,6,1,5.29938786607
28426,11357,11415,0,9,2,6,2,5.45833362137
28427,11357,10175,0,9,2,6,1,9.18649143512
28428,10044,10012,0,9,445,8,357,3.59210355295
28429,10044,11222,0,9,110,8,71,2.48238249178
28430,10044,11231,0,9,65,8,44,6.39903337288
28431,10044,10019,0,9,637,8,440,1.92685504077
28432,10044,11102,0,9,35,8,30,1.43324597019
28433,10044,10003,0,9,493,8,400,2.93873510282
28434,10044,10020,1,9,143,8,116,1.64804492383
28435,10044,10018,0,9,339,8,256,2.36994710125
28436,10044,10001,1,9,670,8,468,2.60723173045
28437,10044,11365,0,9,21,8,9,8.39678677998
28438,10044,10007,0,9,1780,8,1042,4.47059939771
28439,10044,10022,1,9,228,8,164,0.976921449111
28440,10044,10013,0,9,745,8,406,4.10721151888
28441,10044,10472,0,9,23,8,8,6.33144234329
28442,10044,11226,0,9,195,8,123,8.07450263682
28443,10044,10027,0,9,141,8,83,3.49738356227
28444,10044,11210,0,9,34,8,20,9.26398931622
28445,10044,11693,0,9,6,8,6,13.2726443914
28446,10044,11432,0,9,49,8,36,8.82965486867
28447,10044,11103,0,9,35,8,26,2.00810935525
28448,10044,11237,0,9,64,8,53,4.33916045822
28449,10044,10010,0,9,218,8,181,2.35142119016
28450,10044,10014,0,9,397,8,286,3.50310873603
28451,10044,10009,0,9,135,8,91,2.87257109905
28452,10044,10036,0,9,826,8,656,2.16005476476
28453,10044,11216,0,9,60,8,49,5.64294772483
28454,10044,11418,0,9,15,8,11,7.48889093066
28455,10044,11109,0,9,5,8,5,8.6828954587
28456,10044,11371,0,9,71,8,65,3.94599747535
28457,10044,10460,0,9,42,8,22,6.52428852823
28458,10044,10048,0,9,86,8,65,4.78684765397
28459,10044,10128,0,9,51,8,40,1.36224265125
28460,10044,11375,0,9,44,8,27,6.13810509677
28461,10044,10023,0,9,210,8,134,2.01126098941
28462,10044,11211,0,9,352,8,256,3.46627456873
28463,10044,10011,0,9,437,8,352,3.04637828995
28464,10044,10025,0,9,143,8,65,2.69642352842
28465,10044,10032,0,9,65,8,28,5.43234118941
28466,10044,11232,0,9,125,8,24,7.90957814072
28467,10044,11377,0,9,46,8,33,2.72946531123
28468,10044,11361,0,9,19,8,11,9.19496911722
28469,10044,11206,0,9,90,8,63,4.1413246485
28470,10044,11430,0,9,187,8,143,11.1502356053
28471,10044,10021,0,9,62,8,45,0.732104260571
28472,10044,11201,0,9,234,8,176,5.06843552708
28473,10044,11238,0,9,109,8,64,5.70374321919
28474,10044,10016,0,9,162,8,110,1.85524045353
28475,10044,11218,0,9,26,8,19,8.23710330093
28476,10044,10301,0,9,45,8,32,11.7927935958
28477,10044,10452,0,9,54,8,34,5.46774780183
28478,10044,10314,0,9,51,8,30,14.8856007818
28479,10044,10461,0,9,50,8,20,8.05638572795
28480,10044,11101,0,9,193,8,96,1.27672033874
28481,10044,10029,0,9,50,8,38,2.03743016956
28482,10044,10467,0,9,33,8,22,8.67236901166
28483,10044,11208,0,9,43,8,13,7.37277212815
28484,10044,10024,0,9,101,8,71,2.2218307206
28485,10044,10005,0,9,65,8,41,4.97377973912
28486,10044,10030,0,9,39,8,26,3.87398003623
28487,10044,10002,0,9,258,8,186,3.69342641635
28488,10044,11385,0,9,56,8,31,5.03711961477
28489,10044,11220,0,9,38,8,23,9.03490824876
28490,10044,11215,0,9,123,8,95,6.80644657206
28491,10044,10038,0,9,174,8,85,4.61505646429
28492,10044,11217,0,9,92,8,71,5.72715652661
28493,10044,10462,0,9,104,8,58,7.28121660896
28494,10044,10040,0,9,80,8,27,6.74822900818
28495,10044,10457,0,9,28,8,16,6.4096141916
28496,10044,10017,0,9,277,8,161,1.39705934666
28497,10044,11433,0,9,18,8,12,9.62677030146
28498,10044,10308,0,9,8,8,8,18.0022309347
28499,10044,10468,0,9,52,8,30,7.70078745555
28500,10044,10111,1,9,15,8,13,1.51318102588
28501,10044,10309,0,9,23,8,15,21.2023519686
28502,10044,10034,0,9,68,8,33,7.43733440557
28503,10044,10028,0,9,89,8,53,1.04031187094
28504,10044,10035,0,9,65,8,32,2.89317909828
28505,10044,11228,0,9,10,8,8,10.5047140888
28506,10044,11105,0,9,25,8,19,2.31822302745
28507,10044,11355,0,9,26,8,18,6.86498030572
28508,10044,11209,0,9,49,8,28,10.4721439434
28509,10044,11213,0,9,35,8,20,6.3419301089
28510,10044,11369,0,9,12,8,8,4.1272717146
28511,10044,10031,0,9,64,8,45,4.41811465335
28512,10044,11221,0,9,120,8,61,5.03923049127
28513,10044,11212,0,9,12,8,10,7.15178399218
28514,10044,11233,0,9,74,8,34,6.09680316338
28515,10044,11368,0,9,62,8,41,4.87612453978
28516,10044,11205,0,9,37,8,31,4.76514082265
28517,10044,10069,0,9,14,8,8,2.35453745735
28518,10044,11203,0,9,39,8,8,7.85100312287
28519,10044,10459,0,9,16,8,8,5.25803522706
28520,10044,11219,0,9,6,8,4,9.28705725853
28521,10044,11434,0,9,32,8,16,11.0504741568
28522,10044,11230,0,9,11,8,5,9.63638992764
28523,10044,11373,0,9,53,8,27,4.14438299733
28524,10044,11362,0,9,8,8,5,11.3316806258
28525,10044,10305,0,9,11,8,8,13.0557082758
28526,10044,11104,0,9,8,8,6,2.00841481975
28527,10044,10004,0,9,168,8,99,6.49560475201
28528,10044,10275,0,9,13,8,7,1.95002283189
28529,10044,10118,0,9,4,8,3,2.15792046542
28530,10044,10026,0,9,57,8,43,2.82197671243
28531,10044,11235,0,9,19,8,14,12.3080322596
28532,10044,10469,0,9,44,8,12,9.08116180287
28533,10044,10281,0,9,31,8,24,4.76228701289
28534,10044,11223,0,9,10,8,7,11.3834877931
28535,10044,11379,0,9,33,8,13,4.85860480831
28536,10044,10465,0,9,37,8,16,8.17898555009
28537,10044,10455,0,9,20,8,11,4.27760389406
28538,10044,10466,0,9,16,8,11,10.3744674153
28539,10044,11239,0,9,4,8,2,8.82795898627
28540,10044,11207,0,9,86,8,31,6.92864360465
28541,10044,11367,0,9,35,8,17,7.0914811559
28542,10044,11106,0,9,21,8,19,0.928727986167
28543,10044,10471,0,9,19,8,15,9.8622969204
28544,10044,11234,0,9,50,8,15,10.0148234579
28545,10044,10167,0,9,11,8,4,1.44369993609
28546,10044,10453,0,9,21,8,16,6.56226041279
28547,10044,10451,0,9,20,8,12,4.21407202691
28548,10044,10033,0,9,86,8,31,6.02127600946
28549,10044,11354,0,9,38,8,25,6.52885517705
28550,10044,10463,0,9,36,8,16,8.49125392095
28551,10044,10169,0,9,4,8,4,1.50790433542
28552,10044,10456,0,9,21,8,12,5.12160095243
28553,10044,11420,0,9,8,8,7,9.36949031409
28554,10044,10153,0,9,6,8,5,1.23821250982
28555,10044,10307,0,9,6,8,3,23.3860966793
28556,10044,10306,0,9,17,8,8,15.9842688097
28557,10044,10165,0,9,2,8,2,1.70076150459
28558,10044,10303,0,9,11,8,7,14.4662330116
28559,10044,11224,0,9,22,8,13,12.9993579267
28560,10044,10304,0,9,8,8,5,12.9621026973
28561,10044,10458,0,9,34,8,31,7.71650602442
28562,10044,11414,0,9,13,8,7,9.0795980635
28563,10044,11204,0,9,9,8,8,10.0580859891
28564,10044,11372,0,9,16,8,11,3.50201432898
28565,10044,11357,0,9,9,8,6,7.50071134829
28566,10044,10044,8,9,9,8,8,0.0
28567,10044,11229,0,9,27,8,14,11.2494788815
28568,10044,11236,0,9,15,8,9,8.72807972677
28569,10044,10302,0,9,5,8,5,13.3876930517
28570,10044,11422,0,9,11,8,8,13.1740443916
28571,10044,10312,0,9,4,8,2,19.2592989441
28572,10044,10310,0,9,27,8,6,12.5238441578
28573,10044,11429,0,9,8,8,6,11.6276610636
28574,10044,10152,0,9,2,8,2,1.23463977733
28575,10044,11214,0,9,10,8,6,11.5265571034
28576,10044,11435,0,9,41,8,23,8.47574655509
28577,10044,10039,0,9,8,8,7,4.46181537089
28578,10044,10121,0,9,1,8,1,2.4026004276
28579,10044,11413,0,9,14,8,7,12.1711537443
28580,10044,10473,0,9,14,8,9,6.12463417305
28581,10044,10454,0,9,19,8,10,3.47963353688
28582,10044,11416,0,9,5,8,5,7.52068140393
28583,10044,10280,0,9,5,8,3,5.21788365229
28584,10044,11694,0,9,5,8,4,13.8873063124
28585,10044,11358,0,9,6,8,4,8.03092724223
28586,10044,11421,0,9,4,8,4,6.85365467597
28587,10044,11412,0,9,4,8,4,10.920375425
28588,10044,10174,0,9,2,8,2,1.54481841064
28589,10044,11417,0,9,3,8,3,8.11102287683
28590,10044,11427,0,9,5,8,4,10.823241549
28591,10044,11411,0,9,4,8,2,12.163603811
28592,10044,11374,0,9,10,8,9,5.29712181083
28593,10044,10096,0,9,2,8,2,1.95002283189
28594,10044,10006,0,9,19,8,18,5.0394478661
28595,10044,10037,0,9,15,8,10,3.59899327963
28596,10044,11370,0,9,8,8,4,3.07769632525
28597,10044,10475,0,9,15,8,11,10.3220437559
28598,10044,11225,0,9,17,8,13,6.85772933014
28599,10044,10282,0,9,10,8,9,4.61900111558
28600,10044,11426,0,9,12,8,5,12.1467165017
28601,10044,11378,0,9,18,8,7,3.58454243924
28602,10044,10107,0,9,1,8,1,1.78493307246
28603,10044,11251,0,9,4,8,3,8.08134777381
28604,10044,11436,0,9,6,8,3,10.0414193557
28605,10044,11360,0,9,10,8,5,8.9605065957
28606,10044,11356,0,9,2,8,2,5.76334534319
28607,10044,10474,0,9,8,8,7,4.77977382245
28608,10044,11697,0,9,1,8,1,14.0984338445
28609,10044,10172,0,9,2,8,2,1.40522161217
28610,10044,11691,0,9,4,8,3,14.9778591892
28611,10044,10470,0,9,6,8,4,10.6192375949
28612,10044,11366,0,9,7,8,5,8.46345948667
28613,10044,10041,0,9,2,8,2,5.18398118725
28614,10044,10278,0,9,1,8,1,4.30589907435
28615,10044,10106,0,9,4,8,1,1.65410140416
28616,10044,11428,0,9,2,8,2,11.2930065235
28617,10044,10286,0,9,1,8,1,4.66715997159
28618,10044,10279,0,9,1,8,1,4.60479757617
28619,10044,10103,0,9,1,8,1,1.50726320619
28620,10044,10196,0,9,1,8,1,1.95002283189
28621,10044,10154,0,9,1,8,1,1.2664171852
28622,10044,10119,0,9,2,8,2,2.42404158662
28623,10044,10464,0,9,5,8,4,10.6453592426
28624,10044,10166,0,9,2,8,2,1.51356944854
28625,10044,10203,0,9,1,8,1,1.95002283189
28626,10044,11359,0,9,2,8,2,9.29002671809
28627,10044,10177,0,9,1,8,1,1.48900371992
28628,10044,11040,0,9,1,8,1,14.241806002
28629,10044,11364,0,9,2,8,2,9.9865226219
28630,10044,11692,0,9,2,8,2,14.1908902785
28631,10044,11423,0,9,1,8,1,10.0552543665
28632,10044,11415,0,9,2,8,2,7.33814323345
28633,10044,10175,0,9,2,8,1,1.69550006426
28634,11229,10012,4,27,445,14,357,9.24429959987
28635,11229,11222,1,27,110,14,71,8.7694459695
28636,11229,11231,2,27,65,14,44,6.36613658603
28637,11229,10019,3,27,637,14,440,11.7205282742
28638,11229,11102,2,27,35,14,30,11.9022286333
28639,11229,10003,1,27,493,14,400,9.53666287191
28640,11229,10020,3,27,143,14,116,11.1893995274
28641,11229,10018,5,27,339,14,256,11.0975986071
28642,11229,10001,5,27,670,14,468,10.84972637
28643,11229,11365,2,27,21,14,9,12.4223515449
28644,11229,10007,4,27,1780,14,1042,8.69214195754
28645,11229,10022,2,27,228,14,164,11.1088635039
28646,11229,10013,0,27,745,14,406,9.02886218061
28647,11229,10472,2,27,23,14,8,16.4008181817
28648,11229,11226,5,27,195,14,123,3.26249075491
28649,11229,10027,2,27,141,14,83,14.7435291031
28650,11229,11210,3,27,34,14,20,1.99275110788
28651,11229,11693,0,27,6,14,6,6.38705245862
28652,11229,11432,0,27,49,14,36,11.1032511524
28653,11229,11103,2,27,35,14,26,11.4077966177
28654,11229,11237,2,27,64,14,53,7.2692842382
28655,11229,10010,2,27,218,14,181,9.88025631964
28656,11229,10014,2,27,397,14,286,9.93606399925
28657,11229,10009,0,27,135,14,91,9.03790209915
28658,11229,10036,4,27,826,14,656,11.3536517341
28659,11229,11216,2,27,60,14,49,5.61119419939
28660,11229,11418,0,27,15,14,11,8.87794728913
28661,11229,11109,0,27,5,14,5,5.16082042981
28662,11229,11371,2,27,71,14,65,12.4196700654
28663,11229,10460,3,27,42,14,22,16.9803650544
28664,11229,10048,0,27,86,14,65,8.63535605813
28665,11229,10128,3,27,51,14,40,12.6116652223
28666,11229,11375,3,27,44,14,27,9.75396323475
28667,11229,10023,3,27,210,14,134,12.3972497368
28668,11229,11211,2,27,352,14,256,7.81605164488
28669,11229,10011,5,27,437,14,352,10.2598827754
28670,11229,10025,1,27,143,14,65,13.8209390591
28671,11229,10032,2,27,65,14,28,16.6592452847
28672,11229,11232,3,27,125,14,24,5.10313061212
28673,11229,11377,2,27,46,14,33,10.102581813
28674,11229,11361,2,27,19,14,11,14.3224562618
28675,11229,11206,0,27,90,14,63,7.11406458026
28676,11229,11430,2,27,187,14,143,8.42828341646
28677,11229,10021,2,27,62,14,45,11.7164443184
28678,11229,11201,3,27,234,14,176,7.0881379377
28679,11229,11238,0,27,109,14,64,5.69356671253
28680,11229,10016,3,27,162,14,110,10.3169005521
28681,11229,11218,3,27,26,14,19,3.62084716584
28682,11229,10301,2,27,45,14,32,8.35916140008
28683,11229,10452,2,27,54,14,34,16.5548729239
28684,11229,10314,3,27,51,14,30,10.7372100995
28685,11229,10461,1,27,50,14,20,17.6611760946
28686,11229,11101,3,27,193,14,96,10.0807326064
28687,11229,10029,2,27,50,14,38,13.273333271
28688,11229,10467,3,27,33,14,22,19.2116670079
28689,11229,11208,0,27,43,14,13,6.22088425042
28690,11229,10024,0,27,101,14,71,13.0494288126
28691,11229,10005,3,27,65,14,41,8.17410581545
28692,11229,10030,1,27,39,14,26,15.104732775
28693,11229,10002,0,27,258,14,186,8.47644238246
28694,11229,11385,1,27,56,14,31,7.60022578403
28695,11229,11220,2,27,38,14,23,4.88251126563
28696,11229,11215,3,27,123,14,95,5.25658429019
28697,11229,10038,3,27,174,14,85,8.29637182294
28698,11229,11217,1,27,92,14,71,6.03156641395
28699,11229,10462,4,27,104,14,58,17.3131674805
28700,11229,10040,2,27,80,14,27,17.9148574418
28701,11229,10457,3,27,28,14,16,17.2229362418
28702,11229,10017,3,27,277,14,161,10.6765791296
28703,11229,11433,2,27,18,14,12,10.5085985235
28704,11229,10308,0,27,8,14,8,11.5225255904
28705,11229,10468,3,27,52,14,30,18.613525399
28706,11229,10111,0,27,15,14,13,11.2047629502
28707,11229,10309,4,27,23,14,15,15.0882766725
28708,11229,10034,1,27,68,14,33,18.5534010271
28709,11229,10028,2,27,89,14,53,12.2680797567
28710,11229,10035,2,27,65,14,32,14.0226853274
28711,11229,11228,1,27,10,14,8,3.91670250964
28712,11229,11105,1,27,25,14,19,12.2286311962
28713,11229,11355,2,27,26,14,18,12.1798540424
28714,11229,11209,3,27,49,14,28,4.93105555962
28715,11229,11213,0,27,35,14,20,4.9581998158
28716,11229,11369,2,27,12,14,8,11.8833107198
28717,11229,10031,1,27,64,14,45,15.6648127176
28718,11229,11221,0,27,120,14,61,6.39416999016
28719,11229,11212,0,27,12,14,10,4.5835942105
28720,11229,11233,0,27,74,14,34,5.49022513287
28721,11229,11368,2,27,62,14,41,11.0906142148
28722,11229,11205,0,27,37,14,31,6.67364537308
28723,11229,10069,0,27,14,14,8,12.4324829931
28724,11229,11203,0,27,39,14,8,3.46301176634
28725,11229,10459,1,27,16,14,8,15.8080857164
28726,11229,11219,0,27,6,14,4,3.69361288248
28727,11229,11434,2,27,32,14,16,10.279394618
28728,11229,11230,1,27,11,14,5,2.03890498434
28729,11229,11373,2,27,53,14,27,10.0067130392
28730,11229,11362,1,27,8,14,5,15.552750202
28731,11229,10305,0,27,11,14,8,7.03980917775
28732,11229,11104,1,27,8,14,6,10.0384035044
28733,11229,10004,2,27,168,14,99,8.6720303018
28734,11229,10275,0,27,13,14,7,12.665467746
28735,11229,10118,0,27,4,14,3,10.6028478257
28736,11229,10026,0,27,57,14,43,14.0665790918
28737,11229,11235,3,27,19,14,14,1.16685097904
28738,11229,10469,0,27,44,14,12,19.2297567638
28739,11229,10281,0,27,31,14,24,8.85565322787
28740,11229,11223,1,27,10,14,7,1.63803416196
28741,11229,11379,3,27,33,14,13,8.68983920344
28742,11229,10465,3,27,37,14,16,16.9221852133
28743,11229,10455,0,27,20,14,11,15.0284984505
28744,11229,10466,0,27,16,14,11,20.7253712534
28745,11229,11239,0,27,4,14,2,4.57799106566
28746,11229,11207,2,27,86,14,31,5.52351016632
28747,11229,11367,2,27,35,14,17,10.9201427167
28748,11229,11106,0,27,21,14,19,11.2420452397
28749,11229,10471,2,27,19,14,15,20.902542796
28750,11229,11234,1,27,50,14,15,1.68362131374
28751,11229,10167,0,27,11,14,4,10.8826715455
28752,11229,10453,1,27,21,14,16,17.5763560153
28753,11229,10451,3,27,20,14,12,15.2453908539
28754,11229,10033,3,27,86,14,31,17.2197437061
28755,11229,11354,2,27,38,14,25,13.14511338
28756,11229,10463,3,27,36,14,16,19.5272158613
28757,11229,10169,0,27,4,14,4,10.8651915101
28758,11229,10456,3,27,21,14,12,15.9914818572
28759,11229,11420,0,27,8,14,7,8.38931031461
28760,11229,10153,0,27,6,14,5,11.4698274876
28761,11229,10307,0,27,6,14,3,17.1229406465
28762,11229,10306,0,27,17,14,8,9.51961219045
28763,11229,10165,0,27,2,14,2,10.7482860989
28764,11229,10303,2,27,11,14,7,11.8169038065
28765,11229,11224,0,27,22,14,13,3.08451801916
28766,11229,10304,0,27,8,14,5,7.84443289957
28767,11229,10458,2,27,34,14,31,18.4849873934
28768,11229,11414,2,27,13,14,7,6.56218802798
28769,11229,11204,1,27,9,14,8,2.6627644929
28770,11229,11372,2,27,16,14,11,10.8315776344
28771,11229,11357,0,27,9,14,6,14.5374555142
28772,11229,10044,0,27,9,14,8,11.2494788815
28773,11229,11229,14,27,27,14,14,0.0
28774,11229,11236,1,27,15,14,9,3.46549599201
28775,11229,10302,2,27,5,14,5,10.5365521791
28776,11229,11422,0,27,11,14,8,11.6784954555
28777,11229,10312,0,27,4,14,2,12.9624586112
28778,11229,10310,0,27,27,14,6,9.44288293989
28779,11229,11429,1,27,8,14,6,13.0392798763
28780,11229,10152,0,27,2,14,2,11.1161111392
28781,11229,11214,0,27,10,14,6,2.8890800832
28782,11229,11435,2,27,41,14,23,9.79894957618
28783,11229,10039,2,27,8,14,7,15.6598012236
28784,11229,10121,0,27,1,14,1,10.7132760559
28785,11229,11413,2,27,14,14,7,11.1100752087
28786,11229,10473,2,27,14,14,9,15.7336411963
28787,11229,10454,2,27,19,14,10,14.3233778851
28788,11229,11416,2,27,5,14,5,7.51323868444
28789,11229,10280,0,27,5,14,3,8.48321996149
28790,11229,11694,0,27,5,14,4,5.18674601452
28791,11229,11358,0,27,6,14,4,13.4867276247
28792,11229,11421,1,27,4,14,4,7.67761204329
28793,11229,11412,0,27,4,14,4,11.6985076829
28794,11229,10174,0,27,2,14,2,10.6663168795
28795,11229,11417,1,27,3,14,3,7.30682126065
28796,11229,11427,2,27,5,14,4,13.5066364591
28797,11229,11411,0,27,4,14,2,12.6058354501
28798,11229,11374,3,27,10,14,9,9.64421387655
28799,11229,10096,0,27,2,14,2,12.665467746
28800,11229,10006,0,27,19,14,18,8.40330158824
28801,11229,10037,2,27,15,14,10,14.7777178968
28802,11229,11370,1,27,8,14,4,11.608815992
28803,11229,10475,4,27,15,14,11,20.2053301536
28804,11229,11225,1,27,17,14,13,4.45143679985
28805,11229,10282,0,27,10,14,9,8.99913073979
28806,11229,11426,2,27,12,14,5,14.7627632597
28807,11229,11378,2,27,18,14,7,8.84816373087
28808,11229,10107,0,27,1,14,1,11.7399000683
28809,11229,11251,0,27,4,14,3,3.16969713286
28810,11229,11436,2,27,6,14,3,9.17854468838
28811,11229,11360,2,27,10,14,5,15.0941125953
28812,11229,11356,0,27,2,14,2,13.8318457886
28813,11229,10474,1,27,8,14,7,15.0294843163
28814,11229,11697,0,27,1,14,1,3.18699867455
28815,11229,10172,0,27,2,14,2,10.9216328231
28816,11229,11691,0,27,4,14,3,9.54915370978
28817,11229,10470,1,27,6,14,4,21.2198510728
28818,11229,11366,1,27,7,14,5,11.6460928311
28819,11229,10041,0,27,2,14,2,8.02500261799
28820,11229,10278,0,27,1,14,1,8.68686816042
28821,11229,10106,0,27,4,14,1,11.6375857187
28822,11229,11428,0,27,2,14,2,13.4067646919
28823,11229,10286,0,27,1,14,1,8.76062978659
28824,11229,10279,0,27,1,14,1,8.61437317292
28825,11229,10103,0,27,1,14,1,11.3198772092
28826,11229,10196,0,27,1,14,1,12.665467746
28827,11229,10154,0,27,1,14,1,11.0768824556
28828,11229,10119,1,27,2,14,2,10.8055232068
28829,11229,10464,0,27,5,14,4,19.4970871894
28830,11229,10166,0,27,2,14,2,10.8754768076
28831,11229,10203,0,27,1,14,1,12.665467746
28832,11229,11359,0,27,2,14,2,15.9039562534
28833,11229,10177,0,27,1,14,1,10.9254474454
28834,11229,11040,0,27,1,14,1,16.9720589944
28835,11229,11364,0,27,2,14,2,13.9354605907
28836,11229,11692,0,27,2,14,2,7.66526743321
28837,11229,11423,0,27,1,14,1,12.0649250256
28838,11229,11415,0,27,2,14,2,9.45918867652
28839,11229,10175,0,27,2,14,1,10.8891594977
28840,11236,10012,1,15,445,9,357,7.71409194645
28841,11236,11222,1,15,110,9,71,6.31590304156
28842,11236,11231,1,15,65,9,44,5.83036771598
28843,11236,10019,1,15,637,9,440,9.65148484902
28844,11236,11102,1,15,35,9,30,9.08979127448
28845,11236,10003,0,15,493,9,400,7.78210424313
28846,11236,10020,0,15,143,9,116,9.09088745945
28847,11236,10018,1,15,339,9,256,9.20427436359
28848,11236,10001,2,15,670,9,468,9.03586022676
28849,11236,11365,1,15,21,9,9,8.97047135668
28850,11236,10007,4,15,1780,9,1042,7.47309014279
28851,11236,10022,2,15,228,9,164,8.83381856914
28852,11236,10013,0,15,745,9,406,7.68669801646
28853,11236,10472,1,15,23,9,8,13.2317388309
28854,11236,11226,1,15,195,9,123,2.74784973019
28855,11236,10027,1,15,141,9,83,12.1802015033
28856,11236,11210,1,15,34,9,20,2.36746413938
28857,11236,11693,0,15,6,9,6,5.33573870898
28858,11236,11432,0,15,49,9,36,7.70892108739
28859,11236,11103,1,15,35,9,26,8.45735746164
28860,11236,11237,1,15,64,9,53,4.41911583709
28861,11236,10010,2,15,218,9,181,7.94732529942
28862,11236,10014,1,15,397,9,286,8.41288766882
28863,11236,10009,0,15,135,9,91,7.15598955821
28864,11236,10036,1,15,826,9,656,9.38482815094
28865,11236,11216,1,15,60,9,49,3.6147164525
28866,11236,11418,0,15,15,9,11,5.43212206029
28867,11236,11109,0,15,5,9,5,1.88145386877
28868,11236,11371,1,15,71,9,65,9.19969180455
28869,11236,10460,1,15,42,9,22,13.8834801623
28870,11236,10048,0,15,86,9,65,7.54719818675
28871,11236,10128,1,15,51,9,40,10.0590067293
28872,11236,11375,1,15,44,9,27,6.30056588836
28873,11236,10023,1,15,210,9,134,10.2381443313
28874,11236,11211,1,15,352,9,256,5.60925550312
28875,11236,10011,1,15,437,9,352,8.58864494683
28876,11236,10025,0,15,143,9,65,11.4143425032
28877,11236,10032,1,15,65,9,28,13.9541396182
28878,11236,11232,1,15,125,9,24,5.38794383699
28879,11236,11377,1,15,46,9,33,7.06180700087
28880,11236,11361,1,15,19,9,11,10.8634648557
28881,11236,11206,0,15,90,9,63,4.73826611918
28882,11236,11430,1,15,187,9,143,5.71540197563
28883,11236,10021,1,15,62,9,45,9.31581972422
28884,11236,11201,2,15,234,9,176,5.8679912809
28885,11236,11238,0,15,109,9,64,4.13139504304
28886,11236,10016,2,15,162,9,110,8.2608064468
28887,11236,11218,1,15,26,9,19,3.81183931021
28888,11236,10301,1,15,45,9,32,10.0424342768
28889,11236,10452,1,15,54,9,34,13.7127952317
28890,11236,10314,1,15,51,9,30,12.9148261931
28891,11236,10461,1,15,50,9,20,14.3814233972
28892,11236,11101,1,15,193,9,96,7.46818852547
28893,11236,10029,1,15,50,9,38,10.6555302011
28894,11236,10467,1,15,33,9,22,16.091235646
28895,11236,11208,0,15,43,9,13,2.7560331754
28896,11236,10024,0,15,101,9,71,10.7785965277
28897,11236,10005,1,15,65,9,41,7.12942190094
28898,11236,10030,1,15,39,9,26,12.4340695364
28899,11236,10002,0,15,258,9,186,6.85996094711
28900,11236,11385,2,15,56,9,31,4.35244462629
28901,11236,11220,1,15,38,9,23,5.89356494898
28902,11236,11215,1,15,123,9,95,4.6932347771
28903,11236,10038,1,15,174,9,85,7.09808649069
28904,11236,11217,1,15,92,9,71,4.84050437798
28905,11236,10462,1,15,104,9,58,14.1131101505
28906,11236,10040,1,15,80,9,27,15.1114448303
28907,11236,10457,1,15,28,9,16,14.2320117163
28908,11236,10017,2,15,277,9,161,8.50574234965
28909,11236,11433,1,15,18,9,12,7.22921555303
28910,11236,10308,0,15,8,9,8,14.3920611184
28911,11236,10468,1,15,52,9,30,15.6363932752
28912,11236,10111,0,15,15,9,13,9.06914649995
28913,11236,10309,1,15,23,9,15,17.9826196534
28914,11236,10034,1,15,68,9,33,15.6958689982
28915,11236,10028,1,15,89,9,53,9.76806137773
28916,11236,10035,1,15,65,9,32,11.2795479122
28917,11236,11228,1,15,10,9,8,5.89768974958
28918,11236,11105,0,15,25,9,19,9.26033385215
28919,11236,11355,1,15,26,9,18,8.7213695659
28920,11236,11209,1,15,49,9,28,6.72365929085
28921,11236,11213,1,15,35,9,20,2.65550674405
28922,11236,11369,1,15,12,9,8,8.61804547048
28923,11236,10031,1,15,64,9,45,13.02950197
28924,11236,11221,0,15,120,9,61,3.6974196867
28925,11236,11212,1,15,12,9,10,1.57870212396
28926,11236,11233,0,15,74,9,34,2.63253116452
28927,11236,11368,1,15,62,9,41,7.72846940381
28928,11236,11205,0,15,37,9,31,4.92160984666
28929,11236,10069,0,15,14,9,8,10.3692959124
28930,11236,11203,0,15,39,9,8,1.65456217689
28931,11236,10459,1,15,16,9,8,12.7704669627
28932,11236,11219,0,15,6,9,4,4.90301675395
28933,11236,11434,1,15,32,9,16,7.27677102368
28934,11236,11230,0,15,11,9,5,3.41012534446
28935,11236,11373,1,15,53,9,27,6.72857765945
28936,11236,11362,1,15,8,9,5,12.1524785006
28937,11236,10305,0,15,11,9,8,9.4565798595
28938,11236,11104,0,15,8,9,6,7.17435173872
28939,11236,10004,1,15,168,9,99,8.28485546815
28940,11236,10275,0,15,13,9,7,10.418234404
28941,11236,10118,0,15,4,9,3,8.65754108722
28942,11236,10026,0,15,57,9,43,11.5175317635
28943,11236,11235,2,15,19,9,14,4.61696998391
28944,11236,10469,0,15,44,9,12,16.0151649542
28945,11236,10281,0,15,31,9,24,7.76945242503
28946,11236,11223,1,15,10,9,7,4.64647072856
28947,11236,11379,1,15,33,9,13,5.36470071052
28948,11236,10465,1,15,37,9,16,13.554849892
28949,11236,10455,0,15,20,9,11,12.0795423673
28950,11236,10466,0,15,16,9,11,17.5331942141
28951,11236,11239,0,15,4,9,2,1.33550382474
28952,11236,11207,2,15,86,9,31,2.15122481079
28953,11236,11367,1,15,35,9,17,7.45477630731
28954,11236,11106,0,15,21,9,19,8.5093485928
28955,11236,10471,1,15,19,9,15,17.9609166947
28956,11236,11234,0,15,50,9,15,1.78626335051
28957,11236,10167,0,15,11,9,4,8.73354570631
28958,11236,10453,1,15,21,9,16,14.6691908671
28959,11236,10451,1,15,20,9,12,12.4041954695
28960,11236,10033,1,15,86,9,31,14.4627272845
28961,11236,11354,2,15,38,9,25,9.71557075354
28962,11236,10463,1,15,36,9,16,16.6004931991
28963,11236,10169,0,15,4,9,4,8.73392175328
28964,11236,10456,1,15,21,9,12,13.0543329312
28965,11236,11420,0,15,8,9,7,5.19906595365
28966,11236,10153,0,15,6,9,5,9.24326210514
28967,11236,10307,0,15,6,9,3,20.0936108678
28968,11236,10306,0,15,17,9,8,12.289094714
28969,11236,10165,0,15,2,9,2,8.67017495056
28970,11236,10303,1,15,11,9,7,13.6240989622
28971,11236,11224,0,15,22,9,13,6.39749542756
28972,11236,10304,0,15,8,9,5,10.0500684248
28973,11236,10458,1,15,34,9,31,15.4512569706
28974,11236,11414,1,15,13,9,7,3.40070949129
28975,11236,11204,0,15,9,9,8,4.51659310008
28976,11236,11372,1,15,16,9,11,7.63147898726
28977,11236,11357,0,15,9,9,6,11.0993829385
28978,11236,10044,0,15,9,9,8,8.72807972677
28979,11236,11229,1,15,27,9,14,3.46549599201
28980,11236,11236,9,15,15,9,9,0.0
28981,11236,10302,1,15,5,9,5,12.292826434
28982,11236,11422,0,15,11,9,8,8.98353717855
28983,11236,10312,0,15,4,9,2,15.8388718546
28984,11236,10310,0,15,27,9,6,11.1531920558
28985,11236,11429,1,15,8,9,6,9.84792727214
28986,11236,10152,0,15,2,9,2,8.90915301082
28987,11236,11214,0,15,10,9,6,5.64460261811
28988,11236,11435,1,15,41,9,23,6.41444300445
28989,11236,10039,1,15,8,9,7,12.9305628375
28990,11236,10121,0,15,1,9,1,8.84177854445
28991,11236,11413,1,15,14,9,7,8.25555641671
28992,11236,10473,1,15,14,9,9,12.5035738679
28993,11236,10454,1,15,19,9,10,11.435152481
28994,11236,11416,1,15,5,9,5,4.06950237466
28995,11236,10280,0,15,5,9,3,7.57083674799
28996,11236,11694,0,15,5,9,4,5.32202899499
28997,11236,11358,0,15,6,9,4,10.0213300105
28998,11236,11421,1,15,4,9,4,4.21214668213
28999,11236,11412,0,15,4,9,4,8.52277843962
29000,11236,10174,0,15,2,9,2,8.53912047128
29001,11236,11417,1,15,3,9,3,3.92447264723
29002,11236,11427,1,15,5,9,4,10.1785013162
29003,11236,11411,0,15,4,9,2,9.54901259417
29004,11236,11374,1,15,10,9,9,6.24230431685
29005,11236,10096,0,15,2,9,2,10.418234404
29006,11236,10006,0,15,19,9,18,7.40872135155
29007,11236,10037,1,15,15,9,10,12.0493135435
29008,11236,11370,0,15,8,9,4,8.47988224494
29009,11236,10475,1,15,15,9,11,16.9272567742
29010,11236,11225,1,15,17,9,13,3.1141832534
29011,11236,10282,0,15,10,9,9,7.86121754078
29012,11236,11426,1,15,12,9,5,11.4882383154
29013,11236,11378,1,15,18,9,7,5.76661679514
29014,11236,10107,0,15,1,9,1,9.62964049562
29015,11236,11251,0,15,4,9,3,2.19937382864
29016,11236,11436,1,15,6,9,3,6.07033501245
29017,11236,11360,1,15,10,9,5,11.6289307581
29018,11236,11356,0,15,2,9,2,10.4846598512
29019,11236,10474,1,15,8,9,7,11.9453693219
29020,11236,11697,0,15,1,9,1,5.55188823902
29021,11236,10172,0,15,2,9,2,8.76221824962
29022,11236,11691,0,15,4,9,3,8.07067892718
29023,11236,10470,1,15,6,9,4,18.0883541042
29024,11236,11366,0,15,7,9,5,8.21207192643
29025,11236,10041,0,15,2,9,2,7.063768162
29026,11236,10278,0,15,1,9,1,7.39594675204
29027,11236,10106,0,15,4,9,1,9.50422973615
29028,11236,11428,0,15,2,9,2,10.1386004378
29029,11236,10286,0,15,1,9,1,7.63008667347
29030,11236,10279,0,15,1,9,1,7.44635575162
29031,11236,10103,0,15,1,9,1,9.17619163475
29032,11236,10196,0,15,1,9,1,10.418234404
29033,11236,10154,0,15,1,9,1,8.87914640213
29034,11236,10119,0,15,2,9,2,8.93889001757
29035,11236,10464,0,15,5,9,4,16.1032879223
29036,11236,10166,0,15,2,9,2,8.74594366583
29037,11236,10203,0,15,1,9,1,10.418234404
29038,11236,11359,0,15,2,9,2,12.4408540732
29039,11236,10177,0,15,1,9,1,8.78941634008
29040,11236,11040,0,15,1,9,1,13.7529224334
29041,11236,11364,0,15,2,9,2,10.5183157613
29042,11236,11692,0,15,2,9,2,6.55700680848
29043,11236,11423,0,15,1,9,1,8.74444594082
29044,11236,11415,0,15,2,9,2,6.00383843542
29045,11236,10175,0,15,2,9,1,8.81110693572
29046,10302,10012,2,5,445,5,357,9.79759224151
29047,10302,11222,2,5,110,5,71,12.0164079883
29048,10302,11231,2,5,65,5,44,7.80131456497
29049,10302,10019,3,5,637,5,440,12.2306382556
29050,10302,11102,2,5,35,5,30,14.7681834912
29051,10302,10003,0,5,493,5,400,10.4506362544
29052,10302,10020,0,5,143,5,116,12.0565510224
29053,10302,10018,2,5,339,5,256,11.4106583928
29054,10302,10001,2,5,670,5,468,11.0757421506
29055,10302,11365,3,5,21,5,9,19.5934693249
29056,10302,10007,2,5,1780,5,1042,8.93870344135
29057,10302,10022,3,5,228,5,164,12.5470044781
29058,10302,10013,0,5,745,5,406,9.28330744385
29059,10302,10472,2,5,23,5,8,19.6982867267
29060,10302,11226,2,5,195,5,123,9.59632496022
29061,10302,10027,2,5,141,5,83,15.7596604393
29062,10302,11210,2,5,34,5,20,10.0765310736
29063,10302,11693,0,5,6,5,6,16.8539541127
29064,10302,11432,1,5,49,5,36,18.9542999692
29065,10302,11103,2,5,35,5,26,14.9644170955
29066,10302,11237,2,5,64,5,53,12.4537282011
29067,10302,10010,2,5,218,5,181,11.036327939
29068,10302,10014,2,5,397,5,286,9.95226351595
29069,10302,10009,0,5,135,5,91,10.6388303966
29070,10302,10036,2,5,826,5,656,11.7493999046
29071,10302,11216,2,5,60,5,49,10.4932826166
29072,10302,11418,0,5,15,5,11,16.6103446387
29073,10302,11109,0,5,5,5,5,14.0704409003
29074,10302,11371,2,5,71,5,65,16.8515399839
29075,10302,10460,3,5,42,5,22,19.7808591441
29076,10302,10048,0,5,86,5,65,8.61699097294
29077,10302,10128,3,5,51,5,40,14.2969064636
29078,10302,11375,2,5,44,5,27,16.5014875701
29079,10302,10023,3,5,210,5,134,12.873277217
29080,10302,11211,2,5,352,5,256,11.1142117469
29081,10302,10011,2,5,437,5,352,10.45455523
29082,10302,10025,1,5,143,5,65,14.5655495533
29083,10302,10032,2,5,65,5,28,17.7343225833
29084,10302,11232,3,5,125,5,24,7.18502856758
29085,10302,11377,2,5,46,5,33,14.481708049
29086,10302,11361,2,5,19,5,11,21.1404096092
29087,10302,11206,0,5,90,5,63,11.3286846077
29088,10302,11430,2,5,187,5,143,17.9986493939
29089,10302,10021,2,5,62,5,45,13.2610947299
29090,10302,11201,3,5,234,5,176,8.95206136273
29091,10302,11238,0,5,109,5,64,9.77786490913
29092,10302,10016,2,5,162,5,110,11.5439807512
29093,10302,11218,2,5,26,5,19,8.52384730978
29094,10302,10301,2,5,45,5,32,2.2519869074
29095,10302,10452,3,5,54,5,34,18.2308307421
29096,10302,10314,3,5,51,5,30,1.76124653468
29097,10302,10461,1,5,50,5,20,21.442653552
29098,10302,11101,3,5,193,5,96,13.0520169525
29099,10302,10029,3,5,50,5,38,14.9528345019
29100,10302,10467,3,5,33,5,22,21.7787070439
29101,10302,11208,0,5,43,5,13,14.2015165183
29102,10302,10024,0,5,101,5,71,13.6165482572
29103,10302,10005,2,5,65,5,41,8.50506320492
29104,10302,10030,1,5,39,5,26,16.4278965946
29105,10302,10002,0,5,258,5,186,9.86749856901
29106,10302,11385,1,5,56,5,31,13.7623143656
29107,10302,11220,2,5,38,5,23,6.42149823991
29108,10302,11215,3,5,123,5,95,8.35099364577
29109,10302,10038,2,5,174,5,85,8.86410771526
29110,10302,11217,0,5,92,5,71,9.08072708166
29111,10302,10462,2,5,104,5,58,20.6346870702
29112,10302,10040,2,5,80,5,27,19.1432641612
29113,10302,10457,3,5,28,5,16,19.4449006721
29114,10302,10017,2,5,277,5,161,12.029256613
29115,10302,11433,2,5,18,5,12,18.9264151688
29116,10302,10308,0,5,8,5,8,5.55233238746
29117,10302,10468,2,5,52,5,30,20.5211640813
29118,10302,10111,0,5,15,5,13,12.1747146003
29119,10302,10309,2,5,23,5,15,8.05433456162
29120,10302,10034,1,5,68,5,33,19.9054087792
29121,10302,10028,2,5,89,5,53,13.9069659364
29122,10302,10035,3,5,65,5,32,15.9336781478
29123,10302,11228,1,5,10,5,8,6.66263331963
29124,10302,11105,1,5,25,5,19,15.5796904276
29125,10302,11355,2,5,26,5,18,18.5791831289
29126,10302,11209,2,5,49,5,28,5.68535131345
29127,10302,11213,0,5,35,5,20,10.9940271053
29128,10302,11369,2,5,12,5,8,16.694657401
29129,10302,10031,1,5,64,5,45,16.7018306838
29130,10302,11221,0,5,120,5,61,11.8267207613
29131,10302,11212,0,5,12,5,10,11.9596624717
29132,10302,11233,0,5,74,5,34,11.9132197971
29133,10302,11368,2,5,62,5,41,16.6864015889
29134,10302,11205,0,5,37,5,31,10.0248051861
29135,10302,10069,0,5,14,5,8,12.5903256904
29136,10302,11203,0,5,39,5,8,10.7996490892
29137,10302,10459,1,5,16,5,8,18.5379005246
29138,10302,11219,0,5,6,5,4,7.40543509205
29139,10302,11434,3,5,32,5,16,19.3892719636
29140,10302,11230,0,5,11,5,5,9.1060827031
29141,10302,11373,3,5,53,5,27,15.4172251597
29142,10302,11362,1,5,8,5,5,22.9940414179
29143,10302,10305,0,5,11,5,8,3.94679026587
29144,10302,11104,0,5,8,5,6,13.8255801842
29145,10302,10004,3,5,168,5,99,6.89255028747
29146,10302,10275,0,5,13,5,7,13.3099056711
29147,10302,10118,0,5,4,5,3,11.3484910135
29148,10302,10026,0,5,57,5,43,15.2367214925
29149,10302,11235,2,5,19,5,14,10.3599471778
29150,10302,10469,0,5,44,5,12,22.3579554281
29151,10302,10281,0,5,31,5,24,8.62671612183
29152,10302,11223,0,5,10,5,7,8.96255237321
29153,10302,11379,2,5,33,5,13,14.7613594647
29154,10302,10465,3,5,37,5,16,21.4900227904
29155,10302,10455,1,5,20,5,11,17.522490705
29156,10302,10466,0,5,16,5,11,23.5191853777
29157,10302,11239,1,5,4,5,2,13.5973413001
29158,10302,11207,2,5,86,5,31,13.0571636123
29159,10302,11367,2,5,35,5,17,17.8964410136
29160,10302,11106,0,5,21,5,19,14.0800122378
29161,10302,10471,2,5,19,5,15,22.2848366854
29162,10302,11234,1,5,50,5,15,11.3655482658
29163,10302,10167,0,5,11,5,4,12.0610320498
29164,10302,10453,1,5,21,5,16,19.3359759698
29165,10302,10451,2,5,20,5,12,17.2212600844
29166,10302,10033,3,5,86,5,31,18.3884413377
29167,10302,11354,2,5,38,5,25,18.9196063876
29168,10302,10463,3,5,36,5,16,21.0405460675
29169,10302,10169,0,5,4,5,4,12.0004028373
29170,10302,10456,2,5,21,5,12,18.2120019987
29171,10302,11420,0,5,8,5,7,17.2058706049
29172,10302,10153,0,5,6,5,5,12.5834305052
29173,10302,10307,0,5,6,5,3,10.1681095136
29174,10302,10306,0,5,17,5,8,4.37890584279
29175,10302,10165,0,5,2,5,2,11.7921292071
29176,10302,10303,2,5,11,5,7,1.33192022504
29177,10302,11224,0,5,22,5,13,8.52396191025
29178,10302,10304,0,5,8,5,5,2.95712628741
29179,10302,10458,2,5,34,5,31,20.6982880082
29180,10302,11414,2,5,13,5,7,15.5615993702
29181,10302,11204,0,5,9,5,8,8.05735111885
29182,10302,11372,1,5,16,5,11,15.6132278731
29183,10302,11357,0,5,9,5,6,20.2098911676
29184,10302,10044,0,5,9,5,8,13.3876930517
29185,10302,11229,2,5,27,5,14,10.5365521791
29186,10302,11236,1,5,15,5,9,12.292826434
29187,10302,10302,5,5,5,5,5,0.0
29188,10302,11422,1,5,11,5,8,21.239391478
29189,10302,10312,0,5,4,5,2,6.4121255038
29190,10302,10310,0,5,27,5,6,1.13965824749
29191,10302,11429,1,5,8,5,6,21.5931301485
29192,10302,10152,0,5,2,5,2,12.3451600769
29193,10302,11214,0,5,10,5,6,7.74053172819
29194,10302,11435,3,5,41,5,23,17.8424600568
29195,10302,10039,2,5,8,5,7,17.0711869831
29196,10302,10121,0,5,1,5,1,11.1840796695
29197,10302,11413,2,5,14,5,7,20.4501930333
29198,10302,10473,2,5,14,5,9,19.5065853158
29199,10302,10454,2,5,19,5,10,16.7336379493
29200,10302,11416,2,5,5,5,5,15.4976449306
29201,10302,10280,0,5,5,5,3,8.1895025141
29202,10302,11694,0,5,5,5,4,15.7073567478
29203,10302,11358,0,5,6,5,4,20.0125689538
29204,10302,11421,1,5,4,5,4,15.2223443177
29205,10302,11412,0,5,4,5,4,20.3609447689
29206,10302,10174,0,5,2,5,2,11.8977110544
29207,10302,11417,0,5,3,5,3,15.6682508077
29208,10302,11427,2,5,5,5,4,21.521726187
29209,10302,11411,0,5,4,5,2,21.5272411308
29210,10302,11374,2,5,10,5,9,15.8905781128
29211,10302,10096,0,5,2,5,2,13.3099056711
29212,10302,10006,0,5,19,5,18,8.38601466831
29213,10302,10037,2,5,15,5,10,16.4163657702
29214,10302,11370,0,5,8,5,4,15.8299058031
29215,10302,10475,2,5,15,5,11,23.6429977544
29216,10302,11225,1,5,17,5,13,9.81637053967
29217,10302,10282,0,5,10,5,9,8.76874055387
29218,10302,11426,2,5,12,5,5,22.9426586711
29219,10302,11378,3,5,18,5,7,13.8864221352
29220,10302,10107,0,5,1,5,1,12.3664953243
29221,10302,11251,0,5,4,5,3,10.1444179403
29222,10302,11436,2,5,6,5,3,18.1273032229
29223,10302,11360,2,5,10,5,5,21.393864944
29224,10302,11356,0,5,2,5,2,18.7324552817
29225,10302,10474,1,5,8,5,7,18.1537815287
29226,10302,11697,0,5,1,5,1,12.9649290666
29227,10302,10172,0,5,2,5,2,12.1096879198
29228,10302,11691,0,5,4,5,3,19.9668749804
29229,10302,10470,1,5,6,5,4,23.5828160675
29230,10302,11366,0,5,7,5,5,19.1311977563
29231,10302,10041,0,5,2,5,2,8.31815209193
29232,10302,10278,0,5,1,5,1,9.11273545558
29233,10302,10106,0,5,4,5,1,12.3844687464
29234,10302,11428,0,5,2,5,2,21.6823088889
29235,10302,10286,0,5,1,5,1,8.72843744414
29236,10302,10279,0,5,1,5,1,8.80893717725
29237,10302,10103,0,5,1,5,1,12.2554857221
29238,10302,10196,0,5,1,5,1,13.3099056711
29239,10302,10154,0,5,1,5,1,12.2982525931
29240,10302,10119,0,5,2,5,2,11.208301239
29241,10302,10464,0,5,5,5,4,24.0152591353
29242,10302,10166,0,5,2,5,2,12.000076599
29243,10302,10203,0,5,1,5,1,13.3099056711
29244,10302,11359,0,5,2,5,2,21.9682680491
29245,10302,10177,0,5,1,5,1,12.0424941506
29246,10302,11040,0,5,1,5,1,25.2728389026
29247,10302,11364,0,5,2,5,2,21.3578296302
29248,10302,11692,0,5,2,5,2,18.1483362763
29249,10302,11423,0,5,1,5,1,20.2124765691
29250,10302,11415,0,5,2,5,2,16.9770166792
29251,10302,10175,0,5,2,5,1,11.8555795607
29252,11422,10012,0,11,445,8,357,14.4994513004
29253,11422,11222,1,11,110,8,71,11.8963498693
29254,11422,11231,0,11,65,8,44,14.0935384317
29255,11422,10019,2,11,637,8,440,14.9537435852
29256,11422,11102,0,11,35,8,30,12.4608551791
29257,11422,10003,0,11,493,8,400,14.1966743118
29258,11422,10020,0,11,143,8,116,14.4783365474
29259,11422,10018,0,11,339,8,256,14.9882782968
29260,11422,10001,0,11,670,8,468,15.014534616
29261,11422,11365,1,11,21,8,9,6.0637147841
29262,11422,10007,0,11,1780,8,1042,14.7375249782
29263,11422,10022,1,11,228,8,164,13.8902729401
29264,11422,10013,1,11,745,8,406,14.7433403165
29265,11422,10472,0,11,23,8,8,13.5322592089
29266,11422,11226,1,11,195,8,123,11.6430920623
29267,11422,10027,0,11,141,8,83,15.5068047931
29268,11422,11210,0,11,34,8,20,11.3119432297
29269,11422,11693,0,11,6,8,6,6.34623245701
29270,11422,11432,1,11,49,8,36,4.68965673354
29271,11422,11103,0,11,35,8,26,11.5410465823
29272,11422,11237,0,11,64,8,53,10.1071550047
29273,11422,10010,0,11,218,8,181,13.9993313591
29274,11422,10014,0,11,397,8,286,15.0376711296
29275,11422,10009,0,11,135,8,91,13.5420787784
29276,11422,10036,0,11,826,8,656,14.9705088526
29277,11422,11216,0,11,60,8,49,11.2634460253
29278,11422,11418,1,11,15,8,11,5.73856091597
29279,11422,11109,0,11,5,8,5,7.16920890385
29280,11422,11371,0,11,71,8,65,10.5409978703
29281,11422,10460,1,11,42,8,22,14.4785657662
29282,11422,10048,0,11,86,8,65,14.9524906058
29283,11422,10128,1,11,51,8,40,13.9829751739
29284,11422,11375,0,11,44,8,27,7.05747751639
29285,11422,10023,1,11,210,8,134,15.1831641702
29286,11422,11211,0,11,352,8,256,12.0070243821
29287,11422,10011,0,11,437,8,352,14.9316128859
29288,11422,10025,1,11,143,8,65,15.4131779386
29289,11422,10032,0,11,65,8,28,16.3834331512
29290,11422,11232,1,11,125,8,24,14.1489566934
29291,11422,11377,1,11,46,8,33,10.4470945363
29292,11422,11361,0,11,19,8,11,7.23667678578
29293,11422,11206,0,11,90,8,63,11.2528647914
29294,11422,11430,0,11,187,8,143,3.28716592381
29295,11422,10021,0,11,62,8,45,13.9038351447
29296,11422,11201,1,11,234,8,176,13.5294984514
29297,11422,11238,0,11,109,8,64,12.0103200325
29298,11422,10016,0,11,162,8,110,13.9786341847
29299,11422,11218,0,11,26,8,19,12.7157440351
29300,11422,10301,0,11,45,8,32,18.9963713068
29301,11422,10452,1,11,54,8,34,15.6312312011
29302,11422,10314,1,11,51,8,30,21.8980135617
29303,11422,10461,0,11,50,8,20,13.570534435
29304,11422,11101,1,11,193,8,96,12.1377311207
29305,11422,10029,1,11,50,8,38,14.1958834813
29306,11422,10467,1,11,33,8,22,16.0941736653
29307,11422,11208,0,11,43,8,13,7.24973340354
29308,11422,10024,0,11,101,8,71,15.3087953469
29309,11422,10005,0,11,65,8,41,14.6732191275
29310,11422,10030,0,11,39,8,26,15.3262873183
29311,11422,10002,0,11,258,8,186,13.7527527845
29312,11422,11385,2,11,56,8,31,8.74368538147
29313,11422,11220,0,11,38,8,23,14.8181306582
29314,11422,11215,1,11,123,8,95,13.1643730322
29315,11422,10038,0,11,174,8,85,14.4740733453
29316,11422,11217,0,11,92,8,71,12.821435709
29317,11422,10462,0,11,104,8,58,13.9867018767
29318,11422,10040,0,11,80,8,27,16.9168525689
29319,11422,10457,1,11,28,8,16,15.3342993721
29320,11422,10017,0,11,277,8,161,13.9045918881
29321,11422,11433,0,11,18,8,12,3.60879279327
29322,11422,10308,0,11,8,8,8,23.1750615835
29323,11422,10468,0,11,52,8,30,16.5320003969
29324,11422,10111,0,11,15,8,13,14.3803422744
29325,11422,10309,0,11,23,8,15,26.753938532
29326,11422,10034,0,11,68,8,33,17.1576215163
29327,11422,10028,0,11,89,8,53,13.9385145386
29328,11422,10035,1,11,65,8,32,14.1999277247
29329,11422,11228,0,11,10,8,8,14.8632287035
29330,11422,11105,1,11,25,8,19,11.9330422689
29331,11422,11355,1,11,26,8,18,7.45369202428
29332,11422,11209,0,11,49,8,28,15.7071155984
29333,11422,11213,0,11,35,8,20,10.4954359383
29334,11422,11369,0,11,12,8,8,9.92136426754
29335,11422,10031,0,11,64,8,45,15.9140011088
29336,11422,11221,0,11,120,8,61,10.239285558
29337,11422,11212,0,11,12,8,10,9.36040364667
29338,11422,11233,0,11,74,8,34,9.6888843705
29339,11422,11368,0,11,62,8,41,8.71392224693
29340,11422,11205,0,11,37,8,31,12.2863244602
29341,11422,10069,0,11,14,8,8,15.5069935235
29342,11422,11203,0,11,39,8,8,10.4411887137
29343,11422,10459,0,11,16,8,8,13.9717666682
29344,11422,11219,0,11,6,8,4,13.8813228479
29345,11422,11434,1,11,32,8,16,2.1495400304
29346,11422,11230,0,11,11,8,5,12.3484027501
29347,11422,11373,1,11,53,8,27,9.05905083878
29348,11422,11362,0,11,8,8,5,6.70418685922
29349,11422,10305,0,11,11,8,8,18.3976067701
29350,11422,11104,0,11,8,8,6,11.1872910228
29351,11422,10004,1,11,168,8,99,16.2745283019
29352,11422,10275,0,11,13,8,7,15.0996621974
29353,11422,10118,0,11,4,8,3,14.4832348335
29354,11422,10026,0,11,57,8,43,15.0523240099
29355,11422,11235,1,11,19,8,14,12.5439424254
29356,11422,10469,0,11,44,8,12,15.3921129237
29357,11422,10281,0,11,31,8,24,15.1306514537
29358,11422,11223,0,11,10,8,7,13.2351872565
29359,11422,11379,0,11,33,8,13,8.42116070026
29360,11422,10465,1,11,37,8,16,12.0619099968
29361,11422,10455,1,11,20,8,11,13.9112813444
29362,11422,10466,0,11,16,8,11,16.818268464
29363,11422,11239,1,11,4,8,2,7.65713526297
29364,11422,11207,0,11,86,8,31,8.37913967877
29365,11422,11367,0,11,35,8,17,6.42924785797
29366,11422,11106,0,11,21,8,19,12.3845898707
29367,11422,10471,0,11,19,8,15,18.6627036286
29368,11422,11234,1,11,50,8,15,10.2597513973
29369,11422,10167,0,11,11,8,4,14.1118708062
29370,11422,10453,0,11,21,8,16,16.0936543613
29371,11422,10451,1,11,20,8,12,14.6333413668
29372,11422,10033,1,11,86,8,31,16.584880874
29373,11422,11354,1,11,38,8,25,8.66975777567
29374,11422,10463,1,11,36,8,16,17.5830986184
29375,11422,10169,0,11,4,8,4,14.1515747649
29376,11422,10456,0,11,21,8,12,14.6913739685
29377,11422,11420,0,11,8,8,7,4.22967631683
29378,11422,10153,0,11,6,8,5,14.2940236506
29379,11422,10307,0,11,6,8,3,28.8010379011
29380,11422,10306,0,11,17,8,8,21.1248393014
29381,11422,10165,0,11,2,8,2,14.221198312
29382,11422,10303,0,11,11,8,7,22.5711184726
29383,11422,11224,0,11,22,8,13,14.7366348576
29384,11422,10304,0,11,8,8,5,19.0266282512
29385,11422,10458,0,11,34,8,31,16.0801489181
29386,11422,11414,0,11,13,8,7,5.68663967057
29387,11422,11204,0,11,9,8,8,13.4593876185
29388,11422,11372,0,11,16,8,11,9.89524885507
29389,11422,11357,0,11,9,8,6,9.26785050323
29390,11422,10044,0,11,9,8,8,13.1740443916
29391,11422,11229,0,11,27,8,14,11.6784954555
29392,11422,11236,0,11,15,8,9,8.98353717855
29393,11422,10302,1,11,5,8,5,21.239391478
29394,11422,11422,8,11,11,8,8,0.0
29395,11422,10312,0,11,4,8,2,24.6201811322
29396,11422,10310,0,11,27,8,6,20.1009108538
29397,11422,11429,0,11,8,8,6,3.20097238244
29398,11422,10152,0,11,2,8,2,14.1039938707
29399,11422,11214,0,11,10,8,6,14.4027682859
29400,11422,11435,1,11,41,8,23,4.70237096894
29401,11422,10039,0,11,8,8,7,15.4868661745
29402,11422,10121,0,11,1,8,1,14.761061203
29403,11422,11413,0,11,14,8,7,1.00289064618
29404,11422,10473,0,11,14,8,9,12.571675623
29405,11422,10454,0,11,19,8,10,13.7240288136
29406,11422,11416,0,11,5,8,5,6.21745071701
29407,11422,10280,0,11,5,8,3,15.1675655603
29408,11422,11694,0,11,5,8,4,8.36506110649
29409,11422,11358,0,11,6,8,4,7.48094038854
29410,11422,11421,0,11,4,8,4,6.75795555267
29411,11422,11412,0,11,4,8,4,2.7113318309
29412,11422,10174,0,11,2,8,2,14.0235751305
29413,11422,11417,0,11,3,8,3,5.82880777647
29414,11422,11427,0,11,5,8,4,4.58188045893
29415,11422,11411,0,11,4,8,2,2.13928911133
29416,11422,11374,0,11,10,8,9,7.88473295679
29417,11422,10096,0,11,2,8,2,15.0996621974
29418,11422,10006,0,11,19,8,18,14.9486661462
29419,11422,10037,0,11,15,8,10,14.8209347719
29420,11422,11370,0,11,8,8,4,10.7063624609
29421,11422,10475,0,11,15,8,11,15.6378006545
29422,11422,11225,0,11,17,8,13,11.557245331
29423,11422,10282,0,11,10,8,9,15.1409667916
29424,11422,11426,0,11,12,8,5,4.86586537948
29425,11422,11378,1,11,18,8,7,9.77231590509
29426,11422,10107,0,11,1,8,1,14.845012422
29427,11422,11251,0,11,4,8,3,11.0956323864
29428,11422,11436,0,11,6,8,3,3.34075666392
29429,11422,11360,0,11,10,8,5,8.46668839379
29430,11422,11356,0,11,2,8,2,10.2176416686
29431,11422,10474,0,11,8,8,7,13.1180018914
29432,11422,11697,0,11,1,8,1,11.5496098431
29433,11422,10172,0,11,2,8,2,14.1091045601
29434,11422,11691,0,11,4,8,3,4.50168501556
29435,11422,10470,0,11,6,8,4,17.7002466424
29436,11422,11366,0,11,7,8,5,5.39897585606
29437,11422,10041,0,11,2,8,2,14.7107782332
29438,11422,10278,0,11,1,8,1,14.588094857
29439,11422,10106,0,11,4,8,1,14.7003133759
29440,11422,11428,0,11,2,8,2,3.97673621307
29441,11422,10286,0,11,1,8,1,14.9676691851
29442,11422,10279,0,11,1,8,1,14.7790014377
29443,11422,10103,0,11,1,8,1,14.4389878112
29444,11422,10196,0,11,1,8,1,15.0996621974
29445,11422,10154,0,11,1,8,1,14.1042516622
29446,11422,10119,0,11,2,8,2,14.8423212324
29447,11422,10464,0,11,5,8,4,13.714245216
29448,11422,10166,0,11,2,8,2,14.1638783519
29449,11422,10203,0,11,1,8,1,15.0996621974
29450,11422,11359,0,11,2,8,2,9.24803824724
29451,11422,10177,0,11,1,8,1,14.1802889582
29452,11422,11040,0,11,1,8,1,6.28141902316
29453,11422,11364,0,11,2,8,2,5.95279926125
29454,11422,11692,0,11,2,8,2,5.76132959529
29455,11422,11423,0,11,1,8,1,3.96992243212
29456,11422,11415,0,11,2,8,2,5.83593323039
29457,11422,10175,0,11,2,8,1,14.321738688
29458,10312,10012,0,4,445,2,357,15.7056073474
29459,10312,11222,0,4,110,2,71,17.5163986633
29460,10312,11231,0,4,65,2,44,13.0813492892
29461,10312,10019,0,4,637,2,440,18.3391650536
29462,10312,11102,0,4,35,2,30,20.561151499
29463,10312,10003,0,4,493,2,400,16.3501532161
29464,10312,10020,0,4,143,2,116,18.0930764474
29465,10312,10018,0,4,339,2,256,17.5032316139
29466,10312,10001,0,4,670,2,468,17.1608518782
29467,10312,11365,0,4,21,2,9,24.2989667683
29468,10312,10007,0,4,1780,2,1042,14.8074619209
29469,10312,10022,0,4,228,2,164,18.5074488805
29470,10312,10013,0,4,745,2,406,15.1959100869
29471,10312,10472,0,4,23,2,8,25.5815427487
29472,10312,11226,0,4,195,2,123,13.5826243409
29473,10312,10027,0,4,141,2,83,21.9333962434
29474,10312,11210,0,4,34,2,20,13.4766695319
29475,10312,11693,0,4,6,2,6,19.1224587457
29476,10312,11432,0,4,49,2,36,23.3401410653
29477,10312,11103,0,4,35,2,26,20.6062030091
29478,10312,11237,0,4,64,2,53,17.4326986007
29479,10312,10010,0,4,218,2,181,16.9396996344
29480,10312,10014,0,4,397,2,286,15.9856208387
29481,10312,10009,0,4,135,2,91,16.403910744
29482,10312,10036,0,4,826,2,656,17.8491639338
29483,10312,11216,0,4,60,2,49,15.2814529653
29484,10312,11418,0,4,15,2,11,20.9632600827
29485,10312,11109,0,4,5,2,5,17.7197022589
29486,10312,11371,0,4,71,2,65,22.3625352722
29487,10312,10460,0,4,42,2,22,25.7663700786
29488,10312,10048,0,4,86,2,65,14.5010078463
29489,10312,10128,0,4,51,2,40,20.306160266
29490,10312,11375,0,4,44,2,27,21.2521029794
29491,10312,10023,0,4,210,2,134,19.0197973144
29492,10312,11211,0,4,352,2,256,16.4974454683
29493,10312,10011,0,4,437,2,352,16.4982215404
29494,10312,10025,0,4,143,2,65,20.740079065
29495,10312,10032,0,4,65,2,28,23.94996457
29496,10312,11232,0,4,125,2,24,11.9157476285
29497,10312,11377,0,4,46,2,33,19.8778470385
29498,10312,11361,0,4,19,2,11,26.0321745506
29499,10312,11206,0,4,90,2,63,16.4712049655
29500,10312,11430,0,4,187,2,143,21.3464078111
29501,10312,10021,0,4,62,2,45,19.2438208108
29502,10312,11201,0,4,234,2,176,14.3922464281
29503,10312,11238,0,4,109,2,64,14.6863440649
29504,10312,10016,0,4,162,2,110,17.4751404276
29505,10312,11218,0,4,26,2,19,12.6498234106
29506,10312,10301,0,4,45,2,32,7.48409217052
29507,10312,10452,0,4,54,2,34,24.3722382256
29508,10312,10314,0,4,51,2,30,4.65993526103
29509,10312,10461,0,4,50,2,20,27.2625349883
29510,10312,11101,0,4,193,2,96,18.7122175814
29511,10312,10029,0,4,50,2,38,20.991684737
29512,10312,10467,0,4,33,2,22,27.8485986517
29513,10312,11208,0,4,43,2,13,18.3069145503
29514,10312,10024,0,4,101,2,71,19.7815370248
29515,10312,10005,0,4,65,2,41,14.2857508942
29516,10312,10030,0,4,39,2,26,22.575909113
29517,10312,10002,0,4,258,2,186,15.5895581781
29518,10312,11385,0,4,56,2,31,18.5437018668
29519,10312,11220,0,4,38,2,23,10.8319797197
29520,10312,11215,0,4,123,2,95,13.1994931788
29521,10312,10038,0,4,174,2,85,14.6442462749
29522,10312,11217,0,4,92,2,71,14.1721495484
29523,10312,10462,0,4,104,2,58,26.536256512
29524,10312,10040,0,4,80,2,27,25.3667922418
29525,10312,10457,0,4,28,2,16,25.5265924061
29526,10312,10017,0,4,277,2,161,17.9715052034
29527,10312,11433,0,4,18,2,12,23.0274382464
29528,10312,10308,0,4,8,2,8,1.44786096884
29529,10312,10468,0,4,52,2,30,26.6748833515
29530,10312,10111,0,4,15,2,13,18.1999842034
29531,10312,10309,0,4,23,2,15,2.14376935123
29532,10312,10034,0,4,68,2,33,26.126273945
29533,10312,10028,0,4,89,2,53,19.9060451552
29534,10312,10035,0,4,65,2,32,21.9690942145
29535,10312,11228,0,4,10,2,8,10.0684581464
29536,10312,11105,0,4,25,2,19,21.3030187933
29537,10312,11355,0,4,26,2,18,23.5482669522
29538,10312,11209,0,4,49,2,28,9.49799341453
29539,10312,11213,0,4,35,2,20,15.4704098147
29540,10312,11369,0,4,12,2,8,22.0930275262
29541,10312,10031,0,4,64,2,45,22.8984854752
29542,10312,11221,0,4,120,2,61,16.6470021319
29543,10312,11212,0,4,12,2,10,16.0879072139
29544,10312,11233,0,4,74,2,34,16.398287454
29545,10312,11368,0,4,62,2,41,21.8469489693
29546,10312,11205,0,4,37,2,31,15.2239534701
29547,10312,10069,0,4,14,2,8,18.7713969117
29548,10312,11203,0,4,39,2,8,14.7348524963
29549,10312,10459,0,4,16,2,8,24.5045840357
29550,10312,11219,0,4,6,2,4,11.2977692724
29551,10312,11434,0,4,32,2,16,23.0886480437
29552,10312,11230,0,4,11,2,5,12.4407578725
29553,10312,11373,0,4,53,2,27,20.5674878767
29554,10312,11362,0,4,8,2,5,27.6671616958
29555,10312,10305,0,4,11,2,8,6.57731857447
29556,10312,11104,0,4,8,2,6,19.336687005
29557,10312,10004,0,4,168,2,99,12.9029028019
29558,10312,10275,0,4,13,2,7,19.4502518355
29559,10312,10118,0,4,4,2,3,17.3590423278
29560,10312,10026,0,4,57,2,43,21.3707432426
29561,10312,11235,0,4,19,2,14,12.2241644181
29562,10312,10469,0,4,44,2,12,28.3350400189
29563,10312,10281,0,4,31,2,24,14.5603872521
29564,10312,11223,0,4,10,2,7,11.385066855
29565,10312,11379,0,4,33,2,13,19.6514877597
29566,10312,10465,0,4,37,2,16,27.1182620302
29567,10312,10455,0,4,20,2,11,23.5042412472
29568,10312,10466,0,4,16,2,11,29.5785933821
29569,10312,11239,0,4,4,2,2,17.1590157612
29570,10312,11207,0,4,86,2,31,17.2539807049
29571,10312,11367,0,4,35,2,17,22.6212613109
29572,10312,11106,0,4,21,2,19,19.8406704956
29573,10312,10471,0,4,19,2,15,28.536534427
29574,10312,11234,0,4,50,2,15,14.3741950304
29575,10312,10167,0,4,11,2,4,18.0396892619
29576,10312,10453,0,4,21,2,16,25.4890353112
29577,10312,10451,0,4,20,2,12,23.2873515913
29578,10312,10033,0,4,86,2,31,24.6053573708
29579,10312,11354,0,4,38,2,25,24.1156253933
29580,10312,10463,0,4,36,2,16,27.2585490457
29581,10312,10169,0,4,4,2,4,17.9832190621
29582,10312,10456,0,4,21,2,12,24.2636266689
29583,10312,11420,0,4,8,2,7,21.0376829933
29584,10312,10153,0,4,6,2,5,18.6073854695
29585,10312,10307,0,4,6,2,3,4.29473864783
29586,10312,10306,0,4,17,2,8,3.56979703924
29587,10312,10165,0,4,2,2,2,17.7780017457
29588,10312,10303,0,4,11,2,7,6.00154808377
29589,10312,11224,0,4,22,2,13,9.98336885949
29590,10312,10304,0,4,8,2,5,6.37281098798
29591,10312,10458,0,4,34,2,31,26.8074577443
29592,10312,11414,0,4,13,2,7,19.2327504723
29593,10312,11204,0,4,9,2,8,11.3545266578
29594,10312,11372,0,4,16,2,11,20.9645218594
29595,10312,11357,0,4,9,2,6,25.4810913861
29596,10312,10044,0,4,9,2,8,19.2592989441
29597,10312,11229,0,4,27,2,14,12.9624586112
29598,10312,11236,0,4,15,2,9,15.8388718546
29599,10312,10302,0,4,5,2,5,6.4121255038
29600,10312,11422,0,4,11,2,8,24.6201811322
29601,10312,10312,2,4,4,2,2,0.0
29602,10312,10310,0,4,27,2,6,6.92345894183
29603,10312,11429,0,4,8,2,6,25.6746373621
29604,10312,10152,0,4,2,2,2,18.3329143478
29605,10312,11214,0,4,10,2,6,10.2339826571
29606,10312,11435,0,4,41,2,23,22.1005455548
29607,10312,10039,0,4,8,2,7,23.2236691511
29608,10312,10121,0,4,1,2,1,17.2334415466
29609,10312,11413,0,4,14,2,7,24.0008966634
29610,10312,10473,0,4,14,2,9,25.2787764746
29611,10312,10454,0,4,19,2,10,22.7053072159
29612,10312,11416,0,4,5,2,5,19.6820711608
29613,10312,10280,0,4,5,2,3,14.07212379
29614,10312,11694,0,4,5,2,4,17.4698750308
29615,10312,11358,0,4,6,2,4,24.9836623272
29616,10312,11421,0,4,4,2,4,19.5836545963
29617,10312,11412,0,4,4,2,4,24.3570639624
29618,10312,10174,0,4,2,2,2,17.8546017601
29619,10312,11417,0,4,3,2,3,19.6827349739
29620,10312,11427,0,4,5,2,4,25.8924021281
29621,10312,11411,0,4,4,2,2,25.3824681263
29622,10312,11374,0,4,10,2,9,20.7909249091
29623,10312,10096,0,4,2,2,2,19.4502518355
29624,10312,10006,0,4,19,2,18,14.2337380935
29625,10312,10037,0,4,15,2,10,22.5144359189
29626,10312,11370,0,4,8,2,4,21.3482777677
29627,10312,10475,0,4,15,2,11,29.5810536914
29628,10312,11225,0,4,17,2,13,14.2696782139
29629,10312,10282,0,4,10,2,9,14.7219569566
29630,10312,11426,0,4,12,2,5,27.2544993588
29631,10312,11378,0,4,18,2,7,19.0461273916
29632,10312,10107,0,4,1,2,1,18.4631899396
29633,10312,11251,0,4,4,2,3,14.0521587032
29634,10312,11436,0,4,6,2,3,21.9049632583
29635,10312,11360,0,4,10,2,5,26.4861320796
29636,10312,11356,0,4,2,2,2,24.1883667441
29637,10312,10474,0,4,8,2,7,24.0290163878
29638,10312,11697,0,4,1,2,1,14.1212592831
29639,10312,10172,0,4,2,2,2,18.0897774219
29640,10312,11691,0,4,4,2,3,22.2718766059
29641,10312,10470,0,4,6,2,4,29.7154758319
29642,10312,11366,0,4,7,2,5,23.6885393845
29643,10312,10041,0,4,2,2,2,14.0753928097
29644,10312,10278,0,4,1,2,1,14.9639768201
29645,10312,10106,0,4,4,2,1,18.46181092
29646,10312,11428,0,4,2,2,2,25.9207067773
29647,10312,10286,0,4,1,2,1,14.6318289048
29648,10312,10279,0,4,1,2,1,14.6712390864
29649,10312,10103,0,4,1,2,1,18.2920185249
29650,10312,10196,0,4,1,2,1,19.4502518355
29651,10312,10154,0,4,1,2,1,18.2844396763
29652,10312,10119,0,4,2,2,2,17.2715979031
29653,10312,10464,0,4,5,2,4,29.7105835275
29654,10312,10166,0,4,2,2,2,17.9849062365
29655,10312,10203,0,4,1,2,1,19.4502518355
29656,10312,11359,0,4,2,2,2,27.1574434094
29657,10312,10177,0,4,1,2,1,18.0316474637
29658,10312,11040,0,4,1,2,1,29.5520006659
29659,10312,11364,0,4,2,2,2,26.0038539404
29660,10312,11692,0,4,2,2,2,20.3196900509
29661,10312,11423,0,4,1,2,1,24.4869481623
29662,10312,11415,0,4,2,2,2,21.4400670715
29663,10312,10175,0,4,2,2,1,17.8605738121
29664,10310,10012,0,27,445,6,357,8.93383636331
29665,10310,11222,0,27,110,6,71,11.041314239
29666,10310,11231,0,27,65,6,44,6.75413303101
29667,10310,10019,0,27,637,6,440,11.4682805738
29668,10310,11102,0,27,35,6,30,13.8817060007
29669,10310,10003,0,27,493,6,400,9.58656674394
29670,10310,10020,0,27,143,6,116,11.2569224931
29671,10310,10018,0,27,339,6,256,10.6377376072
29672,10310,10001,0,27,670,6,468,10.2979559232
29673,10310,11365,0,27,21,6,9,18.5194948597
29674,10310,10007,0,27,1780,6,1042,8.05506711019
29675,10310,10022,0,27,228,6,164,11.7149258117
29676,10310,10013,0,27,745,6,406,8.41878260082
29677,10310,10472,0,27,23,6,8,18.8517369486
29678,10310,11226,0,27,195,6,123,8.45783549468
29679,10310,10027,0,27,141,6,83,15.0404820158
29680,10310,11210,0,27,34,6,20,8.94108247864
29681,10310,11693,0,27,6,6,6,15.7383574503
29682,10310,11432,0,27,49,6,36,17.8519070126
29683,10310,11103,0,27,35,6,26,14.0347837105
29684,10310,11237,0,27,64,6,53,11.3910184663
29685,10310,10010,0,27,218,6,181,10.1762078785
29686,10310,10014,0,27,397,6,286,9.14445101009
29687,10310,10009,0,27,135,6,91,9.72840152885
29688,10310,10036,0,27,826,6,656,10.9811852672
29689,10310,11216,0,27,60,6,49,9.40008197247
29690,10310,11418,0,27,15,6,11,15.5015101518
29691,10310,11109,0,27,5,6,5,12.9318099529
29692,10310,11371,0,27,71,6,65,15.8951961047
29693,10310,10460,0,27,42,6,22,18.9729634696
29694,10310,10048,0,27,86,6,65,7.73727361764
29695,10310,10128,0,27,51,6,40,13.4901172917
29696,10310,11375,0,27,44,6,27,15.4256061715
29697,10310,10023,0,27,210,6,134,12.1338530878
29698,10310,11211,0,27,352,6,256,10.1098519864
29699,10310,10011,0,27,437,6,352,9.65360159028
29700,10310,10025,0,27,143,6,65,13.8455589002
29701,10310,10032,0,27,65,6,28,17.0439187654
29702,10310,11232,1,27,125,6,24,6.06638756862
29703,10310,11377,0,27,46,6,33,13.4941050664
29704,10310,11361,0,27,19,6,11,20.089818262
29705,10310,11206,0,27,90,6,63,10.2835109786
29706,10310,11430,1,27,187,6,143,16.8591482634
29707,10310,10021,0,27,62,6,45,12.440355357
29708,10310,11201,0,27,234,6,176,7.94577069817
29709,10310,11238,0,27,109,6,64,8.69335441642
29710,10310,10016,0,27,162,6,110,10.6967165847
29711,10310,11218,0,27,26,6,19,7.38580200603
29712,10310,10301,1,27,45,6,32,1.11418949518
29713,10310,10452,0,27,54,6,34,17.4951496524
29714,10310,10314,0,27,51,6,30,2.36442238531
29715,10310,10461,0,27,50,6,20,20.5774607895
29716,10310,11101,0,27,193,6,96,12.1210241822
29717,10310,10029,0,27,50,6,38,14.1607444681
29718,10310,10467,0,27,33,6,22,21.0097775296
29719,10310,11208,0,27,43,6,13,13.0747561524
29720,10310,10024,0,27,101,6,71,12.8894323726
29721,10310,10005,0,27,65,6,41,7.58710848219
29722,10310,10030,0,27,39,6,26,15.6941196381
29723,10310,10002,0,27,258,6,186,8.93956033702
29724,10310,11385,0,27,56,6,31,12.6817949905
29725,10310,11220,0,27,38,6,23,5.28367032444
29726,10310,11215,1,27,123,6,95,7.25092909773
29727,10310,10038,0,27,174,6,85,7.94843927366
29728,10310,11217,0,27,92,6,71,8.01458298052
29729,10310,10462,0,27,104,6,58,19.7959025891
29730,10310,10040,0,27,80,6,27,18.4590934356
29731,10310,10457,0,27,28,6,16,18.6793734085
29732,10310,10017,0,27,277,6,161,11.1881132913
29733,10310,11433,0,27,18,6,12,17.8068848768
29734,10310,10308,0,27,8,6,8,5.87700309456
29735,10310,10468,0,27,52,6,30,19.7943001963
29736,10310,10111,0,27,15,6,13,11.3700948026
29737,10310,10309,0,27,23,6,15,8.73051988759
29738,10310,10034,0,27,68,6,33,19.2197981722
29739,10310,10028,0,27,89,6,53,13.0948475646
29740,10310,10035,0,27,65,6,32,15.1417282729
29741,10310,11228,0,27,10,6,8,5.55045088965
29742,10310,11105,0,27,25,6,19,14.6742488041
29743,10310,11355,0,27,26,6,18,17.5334940177
29744,10310,11209,0,27,49,6,28,4.56278700201
29745,10310,11213,0,27,35,6,20,9.87804596943
29746,10310,11369,0,27,12,6,8,15.7140274712
29747,10310,10031,0,27,64,6,45,15.9980317607
29748,10310,11221,0,27,120,6,61,10.7429558935
29749,10310,11212,0,27,12,6,10,10.8292394206
29750,10310,11233,0,27,74,6,34,10.8010850506
29751,10310,11368,0,27,62,6,41,15.6635954233
29752,10310,11205,0,27,37,6,31,8.98112608872
29753,10310,10069,0,27,14,6,8,11.8719942092
29754,10310,11203,0,27,39,6,8,9.66196676788
29755,10310,10459,0,27,16,6,8,17.7207363423
29756,10310,11219,0,27,6,6,4,6.26727437447
29757,10310,11434,0,27,32,6,16,18.2554416283
29758,10310,11230,0,27,11,6,5,7.97593807559
29759,10310,11373,0,27,53,6,27,14.3892405867
29760,10310,11362,0,27,8,6,5,21.9221536038
29761,10310,10305,0,27,11,6,8,3.12195440011
29762,10310,11104,0,27,8,6,6,12.8602716352
29763,10310,10004,0,27,168,6,99,6.05752640594
29764,10310,10275,0,27,13,6,7,12.5675550301
29765,10310,10118,0,27,4,6,3,10.5346372128
29766,10310,10026,0,27,57,6,43,14.4935589625
29767,10310,11235,0,27,19,6,14,9.31113140645
29768,10310,10469,0,27,44,6,12,21.5495842516
29769,10310,10281,0,27,31,6,24,7.76727542095
29770,10310,11223,0,27,10,6,7,7.88731971137
29771,10310,11379,0,27,33,6,13,13.6960719661
29772,10310,10465,0,27,37,6,16,20.5707002724
29773,10310,10455,0,27,20,6,11,16.7098855772
29774,10310,10466,0,27,16,6,11,22.7468541202
29775,10310,11239,0,27,4,6,2,12.4578414287
29776,10310,11207,0,27,86,6,31,11.9320297786
29777,10310,11367,0,27,35,6,17,16.8210989129
29778,10310,11106,0,27,21,6,19,13.1814802206
29779,10310,10471,0,27,19,6,15,21.6221765878
29780,10310,11234,0,27,50,6,15,10.2374801061
29781,10310,10167,0,27,11,6,4,11.2352014658
29782,10310,10453,0,27,21,6,16,18.6078259182
29783,10310,10451,0,27,20,6,12,16.4455761405
29784,10310,10033,0,27,86,6,31,17.6993074009
29785,10310,11354,0,27,38,6,25,17.9077252817
29786,10310,10463,0,27,36,6,16,20.3535492369
29787,10310,10169,0,27,4,6,4,11.1761855137
29788,10310,10456,0,27,21,6,12,17.4308066808
29789,10310,11420,0,27,8,6,7,16.0737000579
29790,10310,10153,0,27,6,6,5,11.7792792578
29791,10310,10307,0,27,6,6,3,10.8922191967
29792,10310,10306,0,27,17,6,8,4.32990035688
29793,10310,10165,0,27,2,6,2,10.9686025406
29794,10310,10303,0,27,11,6,7,2.47136009354
29795,10310,11224,0,27,22,6,13,7.5540935659
29796,10310,10304,0,27,8,6,5,2.14746004681
29797,10310,10458,0,27,34,6,31,19.9476335213
29798,10310,11414,0,27,13,6,7,14.4242786091
29799,10310,11204,0,27,9,6,8,6.93546751202
29800,10310,11372,0,27,16,6,11,14.6204173665
29801,10310,11357,0,27,9,6,6,19.2132547411
29802,10310,10044,0,27,9,6,8,12.5238441578
29803,10310,11229,0,27,27,6,14,9.44288293989
29804,10310,11236,0,27,15,6,9,11.1531920558
29805,10310,10302,0,27,5,6,5,1.13965824749
29806,10310,11422,0,27,11,6,8,20.1009108538
29807,10310,10312,0,27,4,6,2,6.92345894183
29808,10310,10310,6,27,27,6,6,0.0
29809,10310,11429,0,27,8,6,6,20.4757800193
29810,10310,10152,0,27,2,6,2,11.5241076502
29811,10310,11214,0,27,10,6,6,6.68140163583
29812,10310,11435,0,27,41,6,23,16.7298964576
29813,10310,10039,0,27,8,6,7,16.3406605925
29814,10310,10121,0,27,1,6,1,10.388237411
29815,10310,11413,0,27,14,6,7,19.3138306041
29816,10310,10473,0,27,14,6,9,18.6237398935
29817,10310,10454,0,27,19,6,10,15.9156108658
29818,10310,11416,0,27,5,6,5,14.3769319218
29819,10310,10280,0,27,5,6,3,7.306454216
29820,10310,11694,0,27,5,6,4,14.6228465759
29821,10310,11358,0,27,6,6,4,18.9700012908
29822,10310,11421,0,27,4,6,4,14.1111614252
29823,10310,11412,0,27,4,6,4,19.2382058516
29824,10310,10174,0,27,2,6,2,11.0621566154
29825,10310,11417,0,27,3,6,3,14.5403084817
29826,10310,11427,0,27,5,6,4,20.4220232986
29827,10310,11411,0,27,4,6,2,20.3999317862
29828,10310,11374,0,27,10,6,9,14.8297901314
29829,10310,10096,0,27,2,6,2,12.5675550301
29830,10310,10006,0,27,19,6,18,7.49094143429
29831,10310,10037,0,27,15,6,10,15.6554577767
29832,10310,11370,0,27,8,6,4,14.872543037
29833,10310,10475,0,27,15,6,11,22.8209183216
29834,10310,11225,0,27,17,6,13,8.69440432385
29835,10310,10282,0,27,10,6,9,7.91850049988
29836,10310,11426,0,27,12,6,5,21.8405703136
29837,10310,11378,0,27,18,6,7,12.8548491731
29838,10310,10107,0,27,1,6,1,11.598005242
29839,10310,11251,0,27,4,6,3,9.00559108686
29840,10310,11436,0,27,6,6,3,16.9944880519
29841,10310,11360,0,27,10,6,5,20.3705957537
29842,10310,11356,0,27,2,6,2,17.7683967296
29843,10310,10474,0,27,8,6,7,17.3019827492
29844,10310,11697,0,27,1,6,1,11.9470042208
29845,10310,10172,0,27,2,6,2,11.2846215783
29846,10310,11691,0,27,4,6,3,18.8437925502
29847,10310,10470,0,27,6,6,4,22.8464902901
29848,10310,11366,0,27,7,6,5,18.0425663531
29849,10310,10041,0,27,2,6,2,7.39105665182
29850,10310,10278,0,27,1,6,1,8.22357839922
29851,10310,10106,0,27,4,6,1,11.6058657431
29852,10310,11428,0,27,2,6,2,20.5739336574
29853,10310,10286,0,27,1,6,1,7.85708877783
29854,10310,10279,0,27,1,6,1,7.92206907773
29855,10310,10103,0,27,1,6,1,11.4563872741
29856,10310,10196,0,27,1,6,1,12.5675550301
29857,10310,10154,0,27,1,6,1,11.4763830021
29858,10310,10119,0,27,2,6,2,10.419523319
29859,10310,10464,0,27,5,6,4,23.1168750721
29860,10310,10166,0,27,2,6,2,11.1767334023
29861,10310,10203,0,27,1,6,1,12.5675550301
29862,10310,11359,0,27,2,6,2,20.9608994903
29863,10310,10177,0,27,1,6,1,11.2211674269
29864,10310,11040,0,27,1,6,1,24.1709787978
29865,10310,11364,0,27,2,6,2,20.2809376281
29866,10310,11692,0,27,2,6,2,17.0338866887
29867,10310,11423,0,27,1,6,1,19.104479796
29868,10310,11415,0,27,2,6,2,15.8766730823
29869,10310,10175,0,27,2,6,1,11.0407459739
29870,11429,10012,1,8,445,6,357,13.6654440245
29871,11429,11222,1,8,110,6,71,10.9115340918
29872,11429,11231,1,8,65,6,44,13.9939288867
29873,11429,10019,1,8,637,6,440,13.5236115656
29874,11429,11102,1,8,35,6,30,10.6512239489
29875,11429,10003,0,8,493,6,400,13.2427685691
29876,11429,10020,0,8,143,6,116,13.1195243819
29877,11429,10018,1,8,339,6,256,13.726831749
29878,11429,10001,1,8,670,6,468,13.8225939761
29879,11429,11365,1,8,21,6,9,3.47664079699
29880,11429,10007,1,8,1780,6,1042,14.0870435997
29881,11429,10022,1,8,228,6,164,12.472958069
29882,11429,10013,0,8,745,6,406,14.0019392648
29883,11429,10472,1,8,23,6,8,10.7923082782
29884,11429,11226,1,8,195,6,123,12.1902307741
29885,11429,10027,1,8,141,6,83,13.4060782309
29886,11429,11210,2,8,34,6,20,12.2005391834
29887,11429,11693,0,8,6,6,6,8.80900457876
29888,11429,11432,0,8,49,6,36,2.86987072262
29889,11429,11103,1,8,35,6,26,9.76428796447
29890,11429,11237,1,8,64,6,53,9.50670441276
29891,11429,10010,1,8,218,6,181,12.9266939709
29892,11429,10014,1,8,397,6,286,14.093432579
29893,11429,10009,0,8,135,6,91,12.6427961845
29894,11429,10036,1,8,826,6,656,13.6389533423
29895,11429,11216,1,8,60,6,49,11.1614594803
29896,11429,11418,0,8,15,6,11,5.01978762828
29897,11429,11109,0,8,5,6,5,7.97599061111
29898,11429,11371,1,8,71,6,65,8.36865608941
29899,11429,10460,1,8,42,6,22,11.7504392349
29900,11429,10048,0,8,86,6,65,14.3488410329
29901,11429,10128,1,8,51,6,40,12.1840577032
29902,11429,11375,1,8,44,6,27,5.66474259752
29903,11429,10023,1,8,210,6,134,13.6119884459
29904,11429,11211,1,8,352,6,256,11.3038995511
29905,11429,10011,1,8,437,6,352,13.8848476178
29906,11429,10025,0,8,143,6,65,13.5195573794
29907,11429,10032,1,8,65,6,28,13.986652147
29908,11429,11232,1,8,125,6,24,14.4095452252
29909,11429,11377,1,8,46,6,33,8.96128602079
29910,11429,11361,1,8,19,6,11,4.1731442713
29911,11429,11206,0,8,90,6,63,10.7137365602
29912,11429,11430,1,8,187,6,143,5.00436339504
29913,11429,10021,1,8,62,6,45,12.3271795884
29914,11429,11201,1,8,234,6,176,13.163798503
29915,11429,11238,0,8,109,6,64,11.9059940449
29916,11429,10016,1,8,162,6,110,12.785347023
29917,11429,11218,1,8,26,6,19,13.2130297857
29918,11429,10301,1,8,45,6,32,19.4090213754
29919,11429,10452,1,8,54,6,34,13.1463295294
29920,11429,10314,1,8,51,6,30,22.4814567317
29921,11429,10461,1,8,50,6,20,10.6140945323
29922,11429,11101,2,8,193,6,96,10.7988816223
29923,11429,10029,1,8,50,6,38,12.2589506935
29924,11429,10467,1,8,33,6,22,13.187242444
29925,11429,11208,0,8,43,6,13,7.44018457336
29926,11429,10024,0,8,101,6,71,13.5908457841
29927,11429,10005,1,8,65,6,41,14.1553076676
29928,11429,10030,1,8,39,6,26,13.1146521451
29929,11429,10002,0,8,258,6,186,13.0320550387
29930,11429,11385,1,8,56,6,31,8.08700082566
29931,11429,11220,1,8,38,6,23,15.2627136947
29932,11429,11215,1,8,123,6,95,13.2612340492
29933,11429,10038,1,8,174,6,85,13.8948453719
29934,11429,11217,0,8,92,6,71,12.6765790254
29935,11429,10462,1,8,104,6,58,11.1359425244
29936,11429,10040,1,8,80,6,27,14.3434874581
29937,11429,10457,1,8,28,6,16,12.67394118
29938,11429,10017,1,8,277,6,161,12.6048879449
29939,11429,11433,1,8,18,6,12,2.67501842458
29940,11429,10308,0,8,8,6,8,24.2295901768
29941,11429,10468,1,8,52,6,30,13.7770560044
29942,11429,10111,0,8,15,6,13,13.0038173155
29943,11429,10309,1,8,23,6,15,27.818031179
29944,11429,10034,1,8,68,6,33,14.4977137364
29945,11429,10028,1,8,89,6,53,12.2222244515
29946,11429,10035,1,8,65,6,32,12.0789988116
29947,11429,11228,1,8,10,6,8,15.649363325
29948,11429,11105,0,8,25,6,19,9.97188939518
29949,11429,11355,1,8,26,6,18,5.06586213301
29950,11429,11209,1,8,49,6,28,16.3640749041
29951,11429,11213,0,8,35,6,20,10.5991056696
29952,11429,11369,1,8,12,6,8,7.8434156464
29953,11429,10031,1,8,64,6,45,13.6634105629
29954,11429,11221,0,8,120,6,61,9.91291063282
29955,11429,11212,0,8,12,6,10,9.70215856407
29956,11429,11233,0,8,74,6,34,9.68356918033
29957,11429,11368,1,8,62,6,41,6.79897159903
29958,11429,11205,0,8,37,6,31,11.9246262773
29959,11429,10069,0,8,14,6,8,13.9759611148
29960,11429,11203,0,8,39,6,8,10.9946859719
29961,11429,10459,1,8,16,6,8,11.4109949355
29962,11429,11219,0,8,6,6,4,14.5073568911
29963,11429,11434,2,8,32,6,16,2.93488051536
29964,11429,11230,0,8,11,6,5,13.2340622086
29965,11429,11373,1,8,53,6,27,7.53595290741
29966,11429,11362,1,8,8,6,5,3.52221135942
29967,11429,10305,0,8,11,6,8,19.2144635596
29968,11429,11104,0,8,8,6,6,9.7755874564
29969,11429,10004,1,8,168,6,99,15.8804367562
29970,11429,10275,0,8,13,6,7,13.4474467781
29971,11429,10118,0,8,4,6,3,13.2810471726
29972,11429,10026,0,8,57,6,43,13.0447538735
29973,11429,11235,1,8,19,6,14,14.0568997404
29974,11429,10469,0,8,44,6,12,12.4046875422
29975,11429,10281,0,8,31,6,24,14.4934932593
29976,11429,11223,0,8,10,6,7,14.4430604072
29977,11429,11379,1,8,33,6,13,7.37907432397
29978,11429,10465,1,8,37,6,16,9.05632144185
29979,11429,10455,0,8,20,6,11,11.5133836428
29980,11429,10466,0,8,16,6,11,13.7835774662
29981,11429,11239,0,8,4,6,2,8.55003676769
29982,11429,11207,1,8,86,6,31,8.56260839466
29983,11429,11367,1,8,35,6,17,4.53728708488
29984,11429,11106,0,8,21,6,19,10.7466162246
29985,11429,10471,1,8,19,6,15,15.8063688997
29986,11429,11234,0,8,50,6,15,11.4378396418
29987,11429,10167,0,8,11,6,4,12.7843660711
29988,11429,10453,1,8,21,6,16,13.4696192192
29989,11429,10451,1,8,20,6,12,12.2885451783
29990,11429,10033,1,8,86,6,31,14.1015269484
29991,11429,11354,1,8,38,6,25,6.0820591991
29992,11429,10463,1,8,36,6,16,14.8094557882
29993,11429,10169,0,8,4,6,4,12.8340657306
29994,11429,10456,1,8,21,6,12,12.1913566752
29995,11429,11420,0,8,8,6,7,4.66365724794
29996,11429,10153,0,8,6,6,5,12.8355318373
29997,11429,10307,0,8,6,6,3,29.9384619571
29998,11429,10306,0,8,17,6,8,22.1147100896
29999,11429,10165,0,8,2,6,2,12.9442937438
30000,11429,10303,1,8,11,6,7,22.907746141
30001,11429,11224,0,8,22,6,13,16.1140938544
30002,11429,10304,0,8,8,6,5,19.7103230196
30003,11429,10458,1,8,34,6,31,13.2889278219
30004,11429,11414,1,8,13,6,7,6.49303793684
30005,11429,11204,0,8,9,6,8,14.3226881597
30006,11429,11372,1,8,16,6,11,8.14246086637
30007,11429,11357,0,8,9,6,6,6.38712946413
30008,11429,10044,0,8,9,6,8,11.6276610636
30009,11429,11229,1,8,27,6,14,13.0392798763
30010,11429,11236,1,8,15,6,9,9.84792727214
30011,11429,10302,1,8,5,6,5,21.5931301485
30012,11429,11422,0,8,11,6,8,3.20097238244
30013,11429,10312,0,8,4,6,2,25.6746373621
30014,11429,10310,0,8,27,6,6,20.4757800193
30015,11429,11429,6,8,8,6,6,0.0
30016,11429,10152,0,8,2,6,2,12.7132245091
30017,11429,11214,0,8,10,6,6,15.4906926076
30018,11429,11435,1,8,41,6,23,3.76827707843
30019,11429,10039,1,8,8,6,7,13.1736395124
30020,11429,10121,0,8,1,6,1,13.5685882202
30021,11429,11413,1,8,14,6,7,2.74806926516
30022,11429,10473,1,8,14,6,9,9.84128692509
30023,11429,10454,1,8,19,6,10,11.463925478
30024,11429,11416,1,8,5,6,5,6.10353438057
30025,11429,10280,0,8,5,6,3,14.6382593549
30026,11429,11694,0,8,5,6,4,10.7573810632
30027,11429,11358,0,8,6,6,4,4.65837734644
30028,11429,11421,1,8,4,6,4,6.38396936143
30029,11429,11412,1,8,4,6,4,1.34123368501
30030,11429,10174,0,8,2,6,2,12.742221295
30031,11429,11417,0,8,3,6,3,6.00969818442
30032,11429,11427,2,8,5,6,4,1.4160885671
30033,11429,11411,0,8,4,6,2,1.06943577555
30034,11429,11374,1,8,10,6,9,6.49431633278
30035,11429,10096,0,8,2,6,2,13.4474467781
30036,11429,10006,0,8,19,6,18,14.4080618209
30037,11429,10037,1,8,15,6,10,12.6104352534
30038,11429,11370,0,8,8,6,4,8.78640702981
30039,11429,10475,1,8,15,6,11,12.5547973454
30040,11429,11225,1,8,17,6,13,11.7833104838
30041,11429,10282,0,8,10,6,9,14.4661669772
30042,11429,11426,1,8,12,6,5,1.86989219261
30043,11429,11378,1,8,18,6,7,8.65791454684
30044,11429,10107,0,8,1,6,1,13.3939220169
30045,11429,11251,0,8,4,6,3,11.6814563312
30046,11429,11436,1,8,6,6,3,3.86748525776
30047,11429,11360,1,8,10,6,5,5.38625126558
30048,11429,11356,0,8,2,6,2,7.6228515378
30049,11429,10474,1,8,8,6,7,10.6111229625
30050,11429,11697,0,8,1,6,1,13.6005712421
30051,11429,10172,0,8,2,6,2,12.7708303812
30052,11429,11691,0,8,4,6,3,7.58583195945
30053,11429,10470,1,8,6,6,4,14.6923653511
30054,11429,11366,0,8,7,6,5,3.17281714434
30055,11429,10041,0,8,2,6,2,14.2391901782
30056,11429,10278,0,8,1,6,1,13.9179645967
30057,11429,10106,0,8,4,6,1,13.2550351097
30058,11429,11428,0,8,2,6,2,0.778176088138
30059,11429,10286,0,8,1,6,1,14.3320060664
30060,11429,10279,0,8,1,6,1,14.1557132387
30061,11429,10103,0,8,1,6,1,13.0401938271
30062,11429,10196,0,8,1,6,1,13.4474467781
30063,11429,10154,0,8,1,6,1,12.7239539357
30064,11429,10119,0,8,2,6,2,13.6370028905
30065,11429,10464,0,8,5,6,4,10.5561053757
30066,11429,10166,0,8,2,6,2,12.8452803221
30067,11429,10203,0,8,1,6,1,13.4474467781
30068,11429,11359,0,8,2,6,2,6.12059123698
30069,11429,10177,0,8,1,6,1,12.8505773064
30070,11429,11040,0,8,1,6,1,3.93361017371
30071,11429,11364,0,8,2,6,2,2.83524906917
30072,11429,11692,0,8,2,6,2,8.53307791314
30073,11429,11423,0,8,1,6,1,1.57878386518
30074,11429,11415,0,8,2,6,2,4.76445690102
30075,11429,10175,0,8,2,6,1,13.0209363368
30076,10152,10012,0,2,445,2,357,2.6370026611
30077,10152,11222,0,2,110,2,71,2.63153933503
30078,10152,11231,0,2,65,2,44,5.73244034552
30079,10152,10019,0,2,637,2,440,0.855743919818
30080,10152,11102,0,2,35,2,30,2.64652880945
30081,10152,10003,0,2,493,2,400,2.01276017482
30082,10152,10020,0,2,143,2,116,0.42029783972
30083,10152,10018,0,2,339,2,256,1.13536737758
30084,10152,10001,0,2,670,2,468,1.38588094921
30085,10152,11365,0,2,21,2,9,9.54976386748
30086,10152,10007,0,2,1780,2,1042,3.53963162786
30087,10152,10022,2,2,228,2,164,0.259128076125
30088,10152,10013,0,2,745,2,406,3.14018044227
30089,10152,10472,0,2,23,2,8,7.35963125179
30090,10152,11226,0,2,195,2,123,7.87074622198
30091,10152,10027,0,2,141,2,83,3.83792993127
30092,10152,11210,0,2,34,2,20,9.12462968371
30093,10152,11693,0,2,6,2,6,13.7315816657
30094,10152,11432,0,2,49,2,36,9.88300526118
30095,10152,11103,0,2,35,2,26,3.23133774506
30096,10152,11237,0,2,64,2,53,4.69830293183
30097,10152,10010,0,2,218,2,181,1.44659461045
30098,10152,10014,0,2,397,2,286,2.39450732759
30099,10152,10009,0,2,135,2,91,2.20068890203
30100,10152,10036,0,2,826,2,656,0.94438899874
30101,10152,11216,0,2,60,2,49,5.54189454527
30102,10152,11418,0,2,15,2,11,8.3744291711
30103,10152,11109,0,2,5,2,5,9.11758838108
30104,10152,11371,0,2,71,2,65,5.18032044877
30105,10152,10460,0,2,42,2,22,7.44906339672
30106,10152,10048,0,2,86,2,65,3.8370635399
30107,10152,10128,0,2,51,2,40,1.9732846965
30108,10152,11375,0,2,44,2,27,7.13584091482
30109,10152,10023,0,2,210,2,134,1.32913463212
30110,10152,11211,0,2,352,2,256,3.34561963444
30111,10152,10011,0,2,437,2,352,1.90177277513
30112,10152,10025,0,2,143,2,65,2.76107076264
30113,10152,10032,0,2,65,2,28,5.88765210783
30114,10152,11232,0,2,125,2,24,7.31200846916
30115,10152,11377,0,2,46,2,33,3.75311117754
30116,10152,11361,0,2,19,2,11,10.4096265954
30117,10152,11206,0,2,90,2,63,4.17680181735
30118,10152,11430,1,2,187,2,143,11.8992059549
30119,10152,10021,0,2,62,2,45,0.916571770203
30120,10152,11201,0,2,234,2,176,4.45810261416
30121,10152,11238,0,2,109,2,64,5.43803714468
30122,10152,10016,0,2,162,2,110,0.902708644124
30123,10152,11218,0,2,26,2,19,7.87273665276
30124,10152,10301,0,2,45,2,32,10.8494789845
30125,10152,10452,0,2,54,2,34,6.11715565465
30126,10152,10314,0,2,51,2,30,13.8884585725
30127,10152,10461,0,2,50,2,20,9.12374240845
30128,10152,11101,0,2,193,2,96,1.96627881304
30129,10152,10029,0,2,50,2,38,2.66585434015
30130,10152,10467,0,2,33,2,22,9.51751991633
30131,10152,11208,0,2,43,2,13,7.91188123713
30132,10152,10024,0,2,101,2,71,1.93350863305
30133,10152,10005,0,2,65,2,41,4.1000011955
30134,10152,10030,0,2,39,2,26,4.37585808234
30135,10152,10002,0,2,258,2,186,2.97141040663
30136,10152,11385,0,2,56,2,31,5.66128841873
30137,10152,11220,0,2,38,2,23,8.40198782694
30138,10152,11215,0,2,123,2,95,6.32538704818
30139,10152,10038,0,2,174,2,85,3.75779956432
30140,10152,11217,0,2,92,2,71,5.28830681473
30141,10152,10462,0,2,104,2,58,8.29077879715
30142,10152,10040,0,2,80,2,27,7.27687200979
30143,10152,10457,0,2,28,2,16,7.20323755888
30144,10152,10017,0,2,277,2,161,0.445225616245
30145,10152,11433,0,2,18,2,12,10.6086774075
30146,10152,10308,0,2,8,2,8,17.110201032
30147,10152,10468,0,2,52,2,30,8.40977734952
30148,10152,10111,0,2,15,2,13,0.292813073015
30149,10152,10309,0,2,23,2,15,20.2379624682
30150,10152,10034,0,2,68,2,33,8.00703791038
30151,10152,10028,0,2,89,2,53,1.5735150751
30152,10152,10035,0,2,65,2,32,3.63807134787
30153,10152,11228,0,2,10,2,8,9.95072265542
30154,10152,11105,0,2,25,2,19,3.53960347842
30155,10152,11355,0,2,26,2,18,8.04373575714
30156,10152,11209,0,2,49,2,28,9.81127032771
30157,10152,11213,0,2,35,2,20,6.36431344297
30158,10152,11369,0,2,12,2,8,5.34504659661
30159,10152,10031,0,2,64,2,45,4.82320373394
30160,10152,11221,0,2,120,2,61,5.23552290907
30161,10152,11212,0,2,12,2,10,7.33797757287
30162,10152,11233,0,2,74,2,34,6.3003266304
30163,10152,11368,0,2,62,2,41,6.02667711186
30164,10152,11205,0,2,37,2,31,4.45845803838
30165,10152,10069,0,2,14,2,8,1.50769729272
30166,10152,11203,0,2,39,2,8,7.8344481108
30167,10152,10459,0,2,16,2,8,6.19735472104
30168,10152,11219,0,2,6,2,4,8.79666516629
30169,10152,11434,0,2,32,2,16,11.9631424456
30170,10152,11230,0,2,11,2,5,9.36717731993
30171,10152,11373,0,2,53,2,27,5.18174825867
30172,10152,11362,0,2,8,2,5,12.5408365762
30173,10152,10305,0,2,11,2,8,12.2648870535
30174,10152,11104,0,2,8,2,6,2.9503144278
30175,10152,10004,0,2,168,2,99,5.4672770088
30176,10152,10275,0,2,13,2,7,1.54965548739
30177,10152,10118,0,2,4,2,3,0.999048780578
30178,10152,10026,0,2,57,2,43,3.18814690277
30179,10152,11235,0,2,19,2,14,12.1175112019
30180,10152,10469,0,2,44,2,12,10.0254822263
30181,10152,10281,0,2,31,2,24,3.77280557074
30182,10152,11223,0,2,10,2,7,11.07265664
30183,10152,11379,0,2,33,2,13,5.69647453465
30184,10152,10465,0,2,37,2,16,9.34218667235
30185,10152,10455,0,2,20,2,11,5.18578350161
30186,10152,10466,0,2,16,2,11,11.2457218841
30187,10152,11239,0,2,4,2,2,9.18770851602
30188,10152,11207,0,2,86,2,31,7.30881469284
30189,10152,11367,0,2,35,2,17,8.17935385189
30190,10152,11106,0,2,21,2,19,2.1514377087
30191,10152,10471,0,2,19,2,15,10.4537505253
30192,10152,11234,0,2,50,2,15,10.0229493581
30193,10152,10167,0,2,11,2,4,0.295449666249
30194,10152,10453,0,2,21,2,16,7.23623913958
30195,10152,10451,0,2,20,2,12,4.96416960886
30196,10152,10033,0,2,86,2,31,6.52058515478
30197,10152,11354,0,2,38,2,25,7.75356783832
30198,10152,10463,0,2,36,2,16,9.10716539294
30199,10152,10169,0,2,4,2,4,0.349729209062
30200,10152,10456,0,2,21,2,12,5.93253717808
30201,10152,11420,0,2,8,2,7,10.1698201128
30202,10152,10153,0,2,6,2,5,0.354839897423
30203,10152,10307,0,2,6,2,3,22.4115914116
30204,10152,10306,0,2,17,2,8,15.133101158
30205,10152,10165,0,2,2,2,2,0.555787405063
30206,10152,10303,0,2,11,2,7,13.3857233427
30207,10152,11224,0,2,22,2,13,12.601505175
30208,10152,10304,0,2,8,2,5,12.0996364449
30209,10152,10458,0,2,34,2,31,8.49585070074
30210,10152,11414,0,2,13,2,7,9.69088193303
30211,10152,11204,0,2,9,2,8,9.65963572778
30212,10152,11372,0,2,16,2,11,4.64919511997
30213,10152,11357,0,2,9,2,6,8.73532607954
30214,10152,10044,0,2,9,2,8,1.23463977733
30215,10152,11229,0,2,27,2,14,11.1161111392
30216,10152,11236,0,2,15,2,9,8.90915301082
30217,10152,10302,0,2,5,2,5,12.3451600769
30218,10152,11422,0,2,11,2,8,14.1039938707
30219,10152,10312,0,2,4,2,2,18.3329143478
30220,10152,10310,0,2,27,2,6,11.5241076502
30221,10152,11429,0,2,8,2,6,12.7132245091
30222,10152,10152,2,2,2,2,2,0.0
30223,10152,11214,0,2,10,2,6,11.0850783348
30224,10152,11435,0,2,41,2,23,9.43203820563
30225,10152,10039,0,2,8,2,7,5.01332985814
30226,10152,10121,0,2,1,2,1,1.20304571061
30227,10152,11413,0,2,14,2,7,13.1030248608
30228,10152,10473,0,2,14,2,9,7.23840840009
30229,10152,10454,0,2,19,2,10,4.39208307958
30230,10152,11416,0,2,5,2,5,8.24498316092
30231,10152,10280,0,2,5,2,3,4.26329763679
30232,10152,11694,0,2,5,2,4,14.1798551886
30233,10152,11358,0,2,6,2,4,9.24120096866
30234,10152,11421,0,2,4,2,4,7.59160257036
30235,10152,11412,0,2,4,2,4,11.9452019363
30236,10152,10174,0,2,2,2,2,0.503939177001
30237,10152,11417,0,2,3,2,3,8.81194350946
30238,10152,11427,0,2,5,2,4,11.9624055488
30239,10152,11411,0,2,4,2,2,13.2016163523
30240,10152,11374,0,2,10,2,9,6.28776227524
30241,10152,10096,0,2,2,2,2,1.54965548739
30242,10152,10006,0,2,19,2,18,4.11300049344
30243,10152,10037,0,2,15,2,10,4.22659398114
30244,10152,11370,0,2,8,2,4,4.29789361676
30245,10152,10475,0,2,15,2,11,11.3005260191
30246,10152,11225,0,2,17,2,13,6.66585705554
30247,10152,10282,0,2,10,2,9,3.61330000645
30248,10152,11426,0,2,12,2,5,13.3053278082
30249,10152,11378,0,2,18,2,7,4.35712678615
30250,10152,10107,0,2,1,2,1,0.770969185175
30251,10152,11251,0,2,4,2,3,7.9617276024
30252,10152,11436,0,2,6,2,3,10.8965624295
30253,10152,11360,0,2,10,2,5,10.193279342
30254,10152,11356,0,2,2,2,2,6.99449850094
30255,10152,10474,0,2,8,2,7,5.82401582698
30256,10152,11697,0,2,1,2,1,14.0914133838
30257,10152,10172,0,2,2,2,2,0.245100874533
30258,10152,11691,0,2,4,2,3,15.6362408078
30259,10152,10470,0,2,6,2,4,11.4103040691
30260,10152,11366,0,2,7,2,5,9.56650576035
30261,10152,10041,0,2,2,2,2,4.3188018254
30262,10152,10278,0,2,1,2,1,3.3956634483
30263,10152,10106,0,2,4,2,1,0.628394666589
30264,10152,11428,0,2,2,2,2,12.4114625336
30265,10152,10286,0,2,1,2,1,3.70299281491
30266,10152,10279,0,2,1,2,1,3.6764876832
30267,10152,10103,0,2,1,2,1,0.335000938345
30268,10152,10196,0,2,1,2,1,1.54965548739
30269,10152,10154,1,2,1,2,1,0.0489173844457
30270,10152,10119,0,2,2,2,2,1.20993854509
30271,10152,10464,0,2,5,2,4,11.7631085155
30272,10152,10166,0,2,2,2,2,0.348099951283
30273,10152,10203,0,2,1,2,1,1.54965548739
30274,10152,11359,0,2,2,2,2,10.5241768685
30275,10152,10177,0,2,1,2,1,0.303001257842
30276,10152,11040,0,2,1,2,1,15.4281736656
30277,10152,11364,0,2,2,2,2,11.1699154406
30278,10152,11692,0,2,2,2,2,14.7210008842
30279,10152,11423,0,2,1,2,1,11.1355583429
30280,10152,11415,0,2,2,2,2,8.28720401089
30281,10152,10175,0,2,2,2,1,0.495285199407
30282,11214,10012,0,10,445,6,357,8.76164691931
30283,11214,11222,0,10,110,6,71,9.1767902316
30284,11214,11231,0,10,65,6,44,5.51708537243
30285,11214,10019,1,10,637,6,440,11.5172344021
30286,11214,11102,0,10,35,6,30,12.4674447171
30287,11214,10003,1,10,493,6,400,9.21960473119
30288,11214,10020,1,10,143,6,116,11.0492279551
30289,11214,10018,1,10,339,6,256,10.7726293822
30290,11214,10001,1,10,670,6,468,10.470908012
30291,11214,11365,0,10,21,6,9,14.4293516297
30292,11214,10007,1,10,1780,6,1042,8.00889248167
30293,11214,10022,1,10,228,6,164,11.1448400482
30294,11214,10013,1,10,745,6,406,8.40932109183
30295,11214,10472,0,10,23,6,8,17.3178393305
30296,11214,11226,0,10,195,6,123,3.83950238377
30297,11214,10027,1,10,141,6,83,14.9010358484
30298,11214,11210,1,10,34,6,20,3.32678697205
30299,11214,11693,0,10,6,6,6,9.27523301264
30300,11214,11432,1,10,49,6,36,13.2959616853
30301,11214,11103,0,10,35,6,26,12.1675423449
30302,11214,11237,0,10,64,6,53,8.23916053869
30303,11214,10010,1,10,218,6,181,9.69037126854
30304,11214,10014,1,10,397,6,286,9.37768052959
30305,11214,10009,0,10,135,6,91,8.88658082356
30306,11214,10036,1,10,826,6,656,11.0803350193
30307,11214,11216,1,10,60,6,49,6.15481323576
30308,11214,11418,0,10,15,6,11,10.9557955894
30309,11214,11109,0,10,5,6,5,7.51547012196
30310,11214,11371,0,10,71,6,65,13.5291262848
30311,11214,10460,0,10,42,6,22,17.7670673091
30312,11214,10048,0,10,86,6,65,7.84959667914
30313,11214,10128,1,10,51,6,40,12.8468890767
30314,11214,11375,1,10,44,6,27,11.5195960399
30315,11214,10023,1,10,210,6,134,12.2404214368
30316,11214,11211,1,10,352,6,256,8.10762765684
30317,11214,10011,1,10,437,6,352,9.80175347172
30318,11214,10025,1,10,143,6,65,13.8447782353
30319,11214,10032,1,10,65,6,28,16.9215983869
30320,11214,11232,1,10,125,6,24,3.92103722611
30321,11214,11377,0,10,46,6,33,11.0496020484
30322,11214,11361,0,10,19,6,11,16.2657126694
30323,11214,11206,0,10,90,6,63,7.66062928101
30324,11214,11430,0,10,187,6,143,11.1216152604
30325,11214,10021,1,10,62,6,45,11.8398297518
30326,11214,11201,1,10,234,6,176,6.65458323552
30327,11214,11238,1,10,109,6,64,5.87050003795
30328,11214,10016,1,10,162,6,110,10.2025955382
30329,11214,11218,0,10,26,6,19,3.31744347492
30330,11214,10301,0,10,45,6,32,5.63772075591
30331,11214,10452,0,10,54,6,34,16.9906789147
30332,11214,10314,1,10,51,6,30,7.85359986931
30333,11214,10461,0,10,50,6,20,18.7623512107
30334,11214,11101,1,10,193,6,96,10.5334727486
30335,11214,10029,1,10,50,6,38,13.5498795265
30336,11214,10467,0,10,33,6,22,19.9953944279
30337,11214,11208,0,10,43,6,13,8.25075341638
30338,11214,10024,1,10,101,6,71,12.9690238029
30339,11214,10005,1,10,65,6,41,7.4139086849
30340,11214,10030,0,10,39,6,26,15.3724697486
30341,11214,10002,1,10,258,6,186,8.15941767077
30342,11214,11385,0,10,56,6,31,9.00115502102
30343,11214,11220,0,10,38,6,23,3.10509770798
30344,11214,11215,0,10,123,6,95,4.75972891672
30345,11214,10038,1,10,174,6,85,7.64757054049
30346,11214,11217,1,10,92,6,71,5.81368823539
30347,11214,10462,1,10,104,6,58,18.2665527608
30348,11214,10040,0,10,80,6,27,18.2683673158
30349,11214,10457,0,10,28,6,16,17.8452220007
30350,11214,10017,1,10,277,6,161,10.6423643362
30351,11214,11433,0,10,18,6,12,12.8721220074
30352,11214,10308,0,10,8,6,8,8.78634286699
30353,11214,10468,0,10,52,6,30,19.1875894975
30354,11214,10111,0,10,15,6,13,11.0989109975
30355,11214,10309,0,10,23,6,15,12.3748442763
30356,11214,10034,1,10,68,6,33,18.9637113305
30357,11214,10028,1,10,89,6,53,12.4642463405
30358,11214,10035,0,10,65,6,32,14.4140056986
30359,11214,11228,0,10,10,6,8,1.52055554337
30360,11214,11105,0,10,25,6,19,12.9734487438
30361,11214,11355,0,10,26,6,18,13.9274588439
30362,11214,11209,2,10,49,6,28,2.42667733627
30363,11214,11213,0,10,35,6,20,5.92460685125
30364,11214,11369,0,10,12,6,8,13.090893341
30365,11214,10031,0,10,64,6,45,15.8734454309
30366,11214,11221,0,10,120,6,61,7.34470710625
30367,11214,11212,0,10,12,6,10,6.16246752343
30368,11214,11233,0,10,74,6,34,6.7478556351
30369,11214,11368,0,10,62,6,41,12.5222197652
30370,11214,11205,1,10,37,6,31,6.76704539095
30371,11214,10069,0,10,14,6,8,12.181234973
30372,11214,11203,0,10,39,6,8,4.78843944879
30373,11214,10459,0,10,16,6,8,16.531452411
30374,11214,11219,0,10,6,6,4,2.30845081485
30375,11214,11434,0,10,32,6,16,12.8582523954
30376,11214,11230,0,10,11,6,5,2.35494282077
30377,11214,11373,0,10,53,6,27,11.31168302
30378,11214,11362,0,10,8,6,5,17.7105080473
30379,11214,10305,0,10,11,6,8,4.15077655485
30380,11214,11104,0,10,8,6,6,10.7720101411
30381,11214,10004,1,10,168,6,99,7.31052953761
30382,11214,10275,0,10,13,6,7,12.5809339642
30383,11214,10118,1,10,4,6,3,10.3629343984
30384,11214,10026,0,10,57,6,43,14.2337214534
30385,11214,11235,0,10,19,6,14,2.63305468487
30386,11214,10469,0,10,44,6,12,20.1784208285
30387,11214,10281,1,10,31,6,24,8.04119488821
30388,11214,11223,0,10,10,6,7,1.25419329823
30389,11214,11379,0,10,33,6,13,10.1451624652
30390,11214,10465,0,10,37,6,16,18.2399737159
30391,11214,10455,0,10,20,6,11,15.6478042507
30392,11214,10466,0,10,16,6,11,21.6117870531
30393,11214,11239,0,10,4,6,2,6.94554470295
30394,11214,11207,0,10,86,6,31,7.2989932285
30395,11214,11367,0,10,35,6,17,12.8147621947
30396,11214,11106,0,10,21,6,19,11.7498852925
30397,11214,10471,0,10,19,6,15,21.3865875984
30398,11214,11234,0,10,50,6,15,4.14435375775
30399,11214,10167,0,10,11,6,4,10.8124691208
30400,11214,10453,0,10,21,6,16,18.0739656335
30401,11214,10451,0,10,20,6,12,15.7165507329
30402,11214,10033,0,10,86,6,31,17.5311422529
30403,11214,11354,0,10,38,6,25,14.7231290128
30404,11214,10463,1,10,36,6,16,20.0130479878
30405,11214,10169,1,10,4,6,4,10.7792294395
30406,11214,10456,0,10,21,6,12,16.5680232776
30407,11214,11420,0,10,8,6,7,10.8341482353
30408,11214,10153,0,10,6,6,5,11.4343537491
30409,11214,10307,0,10,6,6,3,14.4643332192
30410,11214,10306,1,10,17,6,8,6.72208891096
30411,11214,10165,0,10,2,6,2,10.6206702005
30412,11214,10303,0,10,11,6,7,8.99243758801
30413,11214,11224,0,10,22,6,13,1.56311437961
30414,11214,10304,0,10,8,6,5,4.97093377162
30415,11214,10458,1,10,34,6,31,19.1447509804
30416,11214,11414,0,10,13,6,7,9.01638786874
30417,11214,11204,0,10,9,6,8,1.50102454956
30418,11214,11372,0,10,16,6,11,11.9693383165
30419,11214,11357,0,10,9,6,6,16.1280694476
30420,11214,10044,0,10,9,6,8,11.5265571034
30421,11214,11229,0,10,27,6,14,2.8890800832
30422,11214,11236,0,10,15,6,9,5.64460261811
30423,11214,10302,0,10,5,6,5,7.74053172819
30424,11214,11422,0,10,11,6,8,14.4027682859
30425,11214,10312,0,10,4,6,2,10.2339826571
30426,11214,10310,0,10,27,6,6,6.68140163583
30427,11214,11429,0,10,8,6,6,15.4906926076
30428,11214,10152,0,10,2,6,2,11.0850783348
30429,11214,11214,6,10,10,6,6,0.0
30430,11214,11435,0,10,41,6,23,12.0188489889
30431,11214,10039,0,10,8,6,7,15.979666179
30432,11214,10121,0,10,1,6,1,10.3972088416
30433,11214,11413,0,10,14,6,7,13.7680055866
30434,11214,10473,0,10,14,6,9,16.772821615
30435,11214,10454,0,10,19,6,10,14.8842045791
30436,11214,11416,0,10,5,6,5,9.62175378042
30437,11214,10280,0,10,5,6,3,7.57110047089
30438,11214,11694,0,10,5,6,4,7.98510299305
30439,11214,11358,0,10,6,6,4,15.3165895623
30440,11214,11421,0,10,4,6,4,9.6264304187
30441,11214,11412,0,10,4,6,4,14.162318435
30442,11214,10174,0,10,2,6,2,10.5912936584
30443,11214,11417,0,10,3,6,3,9.5491091764
30444,11214,11427,0,10,5,6,4,15.8028492302
30445,11214,11411,0,10,4,6,2,15.1598815785
30446,11214,11374,0,10,10,6,9,11.225263491
30447,11214,10096,0,10,2,6,2,12.5809339642
30448,11214,10006,1,10,19,6,18,7.56981505528
30449,11214,10037,0,10,15,6,10,15.1246804702
30450,11214,11370,0,10,8,6,4,12.6038589477
30451,11214,10475,0,10,15,6,11,21.2673311418
30452,11214,11225,0,10,17,6,13,4.90813200333
30453,11214,10282,0,10,10,6,9,8.21096485841
30454,11214,11426,0,10,12,6,5,17.1276408134
30455,11214,11378,0,10,18,6,7,9.92984215666
30456,11214,10107,0,10,1,6,1,11.5746966639
30457,11214,11251,0,10,4,6,3,4.16324758563
30458,11214,11436,0,10,6,6,3,11.6865821071
30459,11214,11360,0,10,10,6,5,16.8950513269
30460,11214,11356,0,10,2,6,2,15.1545914434
30461,11214,10474,0,10,8,6,7,15.842511353
30462,11214,11697,0,10,1,6,1,5.31257700433
30463,11214,10172,0,10,2,6,2,10.8584591843
30464,11214,11691,0,10,4,6,3,12.4382334065
30465,11214,10470,0,10,6,6,4,21.9928298049
30466,11214,11366,0,10,7,6,5,13.7336213613
30467,11214,10041,0,10,2,6,2,7.21696395951
30468,11214,10278,0,10,1,6,1,8.06487800521
30469,11214,10106,0,10,4,6,1,11.5009959818
30470,11214,11428,0,10,2,6,2,15.780265376
30471,11214,10286,0,10,1,6,1,7.99468375412
30472,11214,10279,0,10,1,6,1,7.89805938349
30473,11214,10103,0,10,1,6,1,11.2139501235
30474,11214,10196,0,10,1,6,1,12.5809339642
30475,11214,10154,0,10,1,6,1,11.0396283315
30476,11214,10119,1,10,2,6,2,10.4779086235
30477,11214,10464,0,10,5,6,4,20.8603447895
30478,11214,10166,0,10,2,6,2,10.7871104793
30479,11214,10203,0,10,1,6,1,12.5809339642
30480,11214,11359,0,10,2,6,2,17.6516704981
30481,11214,10177,0,10,1,6,1,10.8396465458
30482,11214,11040,0,10,1,6,1,19.3973737285
30483,11214,11364,0,10,2,6,2,16.0577189248
30484,11214,11692,0,10,2,6,2,10.5503134124
30485,11214,11423,0,10,1,6,1,14.3752364436
30486,11214,11415,0,10,2,6,2,11.4844664301
30487,11214,10175,0,10,2,6,1,10.751014846
30488,11435,10012,2,41,445,23,357,10.0561721743
30489,11435,11222,2,41,110,23,71,7.3528338922
30490,11435,11231,2,41,65,23,44,10.2261327153
30491,11435,10019,5,41,637,23,440,10.2766959732
30492,11435,11102,2,41,35,23,30,7.7737800814
30493,11435,10003,0,41,493,23,400,9.68592733859
30494,11435,10020,0,41,143,23,116,9.81522809813
30495,11435,10018,3,41,339,23,256,10.3545989753
30496,11435,10001,4,41,670,23,468,10.4044933216
30497,11435,11365,3,41,21,23,9,2.84267337429
30498,11435,10007,4,41,1780,23,1042,10.4122134603
30499,11435,10022,3,41,228,23,164,9.21204984732
30500,11435,10013,0,41,745,23,406,10.3579147059
30501,11435,10472,2,41,23,23,8,9.50468517142
30502,11435,11226,2,41,195,23,123,8.53661321965
30503,11435,10027,2,41,141,23,83,10.8791360087
30504,11435,11210,2,41,34,23,20,8.69341784522
30505,11435,11693,0,41,6,23,6,7.13375028213
30506,11435,11432,1,41,49,23,36,1.30575873222
30507,11435,11103,2,41,35,23,26,6.85362924427
30508,11435,11237,2,41,64,23,53,5.78468112854
30509,11435,10010,3,41,218,23,181,9.43114383367
30510,11435,10014,2,41,397,23,286,10.5368560083
30511,11435,10009,0,41,135,23,91,9.05584321291
30512,11435,10036,3,41,826,23,656,10.3163589697
30513,11435,11216,2,41,60,23,49,7.39379906992
30514,11435,11418,0,41,15,23,11,1.25412316073
30515,11435,11109,0,41,5,23,5,4.64002452931
30516,11435,11371,2,41,71,23,65,6.03386708079
30517,11435,10460,3,41,42,23,22,10.4010361473
30518,11435,10048,0,41,86,23,65,10.6609955923
30519,11435,10128,3,41,51,23,40,9.28855681368
30520,11435,11375,2,41,44,23,27,2.35789625627
30521,11435,10023,3,41,210,23,134,10.4862252206
30522,11435,11211,2,41,352,23,256,7.62831196242
30523,11435,10011,3,41,437,23,352,10.3803954037
30524,11435,10025,1,41,143,23,65,10.7283709587
30525,11435,10032,2,41,65,23,28,11.9108812481
30526,11435,11232,3,41,125,23,24,10.6647592529
30527,11435,11377,2,41,46,23,33,5.74706342889
30528,11435,11361,2,41,19,23,11,4.74575074013
30529,11435,11206,0,41,90,23,63,6.98725656803
30530,11435,11430,6,41,187,23,143,3.49929760672
30531,11435,10021,2,41,62,23,45,9.2044689603
30532,11435,11201,3,41,234,23,176,9.41741085835
30533,11435,11238,0,41,109,23,64,8.13778514041
30534,11435,10016,3,41,162,23,110,9.36262475404
30535,11435,11218,2,41,26,23,19,9.5297297687
30536,11435,10301,2,41,45,23,32,15.6714323959
30537,11435,10452,3,41,54,23,34,11.2422207394
30538,11435,10314,3,41,51,23,30,18.7687192165
30539,11435,10461,1,41,50,23,20,9.96841104478
30540,11435,11101,3,41,193,23,96,7.46800737599
30541,11435,10029,3,41,50,23,38,9.52556558747
30542,11435,10467,3,41,33,23,22,12.2852240058
30543,11435,11208,0,41,43,23,13,3.79392505202
30544,11435,10024,0,41,101,23,71,10.6067631703
30545,11435,10005,2,41,65,23,41,10.4434793143
30546,11435,10030,1,41,39,23,26,10.7501531913
30547,11435,10002,0,41,258,23,186,9.37483910305
30548,11435,11385,1,41,56,23,31,4.36307585936
30549,11435,11220,2,41,38,23,23,11.5484602511
30550,11435,11215,3,41,123,23,95,9.50077598013
30551,11435,10038,2,41,174,23,85,10.1978130716
30552,11435,11217,0,41,92,23,71,8.90899370416
30553,11435,10462,2,41,104,23,58,10.1338074246
30554,11435,10040,2,41,80,23,27,12.5924047871
30555,11435,10457,3,41,28,23,16,11.1405804878
30556,11435,10017,2,41,277,23,161,9.25436472186
30557,11435,11433,3,41,18,23,12,1.20750145847
30558,11435,10308,0,41,8,23,8,20.6621668426
30559,11435,10468,2,41,52,23,30,12.4415079107
30560,11435,10111,0,41,15,23,13,9.71265348757
30561,11435,10309,2,41,23,23,15,24.2395808514
30562,11435,10034,1,41,68,23,33,12.9265135008
30563,11435,10028,2,41,89,23,53,9.23738312746
30564,11435,10035,3,41,65,23,32,9.59225675813
30565,11435,11228,1,41,10,23,8,12.036619902
30566,11435,11105,1,41,25,23,19,7.2890145972
30567,11435,11355,2,41,26,23,18,3.44504685097
30568,11435,11209,2,41,49,23,28,12.6995499812
30569,11435,11213,0,41,35,23,20,6.8530987257
30570,11435,11369,2,41,12,23,8,5.37630806388
30571,11435,10031,1,41,64,23,45,11.3526319671
30572,11435,11221,0,41,120,23,61,6.14926556076
30573,11435,11212,0,41,12,23,10,6.02867201335
30574,11435,11233,0,41,74,23,34,5.92930782275
30575,11435,11368,2,41,62,23,41,4.12586684003
30576,11435,11205,0,41,37,23,31,8.17282067235
30577,11435,10069,0,41,14,23,8,10.8150613078
30578,11435,11203,0,41,39,23,8,7.36656885316
30579,11435,10459,1,41,16,23,8,9.69442287186
30580,11435,11219,0,41,6,23,4,10.8498748082
30581,11435,11434,3,41,32,23,16,2.61313669857
30582,11435,11230,0,41,11,23,5,9.70122426959
30583,11435,11373,3,41,53,23,27,4.35735135644
30584,11435,11362,1,41,8,23,5,5.75392843622
30585,11435,10305,0,41,11,23,8,15.5829106844
30586,11435,11104,0,41,8,23,6,6.49836657795
30587,11435,10004,3,41,168,23,99,12.148085426
30588,11435,10275,0,41,13,23,7,10.39774879
30589,11435,10118,0,41,4,23,3,9.86683590858
30590,11435,10026,0,41,57,23,43,10.3960620648
30591,11435,11235,2,41,19,23,14,10.89786389
30592,11435,10469,0,41,44,23,12,11.7972229388
30593,11435,10281,0,41,31,23,24,10.8164933123
30594,11435,11223,0,41,10,23,7,11.0606002816
30595,11435,11379,2,41,33,23,13,3.80640439523
30596,11435,10465,3,41,37,23,16,8.68013825519
30597,11435,10455,1,41,20,23,11,9.47987947441
30598,11435,10466,0,41,16,23,11,13.3148481192
30599,11435,11239,1,41,4,23,2,5.22149549023
30600,11435,11207,2,41,86,23,31,4.86852694261
30601,11435,11367,3,41,35,23,17,2.06159467134
30602,11435,11106,0,41,21,23,19,7.68231052293
30603,11435,10471,2,41,19,23,15,14.6964411541
30604,11435,11234,1,41,50,23,15,8.13061641443
30605,11435,10167,0,41,11,23,4,9.45508952566
30606,11435,10453,1,41,21,23,16,11.8393534152
30607,11435,10451,2,41,20,23,12,10.1479953905
30608,11435,10033,3,41,86,23,31,12.1795677334
30609,11435,11354,2,41,38,23,25,4.75190353022
30610,11435,10463,3,41,36,23,16,13.4994919041
30611,11435,10169,0,41,4,23,4,9.49763461452
30612,11435,10456,2,41,21,23,12,10.3342767259
30613,11435,11420,0,41,8,23,7,1.87366240264
30614,11435,10153,0,41,6,23,5,9.60972328613
30615,11435,10307,0,41,6,23,3,26.3839079781
30616,11435,10306,0,41,17,23,8,18.5315078321
30617,11435,10165,0,41,2,23,2,9.57913739086
30618,11435,10303,2,41,11,23,7,19.1532678001
30619,11435,11224,0,41,22,23,13,12.8052198531
30620,11435,10304,0,41,8,23,5,16.0332411334
30621,11435,10458,2,41,34,23,31,12.0567104571
30622,11435,11414,2,41,13,23,7,3.37938118056
30623,11435,11204,0,41,9,23,8,10.7596806359
30624,11435,11372,1,41,16,23,11,5.21762321994
30625,11435,11357,0,41,9,23,6,5.82288175079
30626,11435,10044,0,41,9,23,8,8.47574655509
30627,11435,11229,2,41,27,23,14,9.79894957618
30628,11435,11236,1,41,15,23,9,6.41444300445
30629,11435,10302,3,41,5,23,5,17.8424600568
30630,11435,11422,1,41,11,23,8,4.70237096894
30631,11435,10312,0,41,4,23,2,22.1005455548
30632,11435,10310,0,41,27,23,6,16.7298964576
30633,11435,11429,1,41,8,23,6,3.76827707843
30634,11435,10152,0,41,2,23,2,9.43203820563
30635,11435,11214,0,41,10,23,6,12.0188489889
30636,11435,11435,23,41,41,23,23,0.0
30637,11435,10039,2,41,8,23,7,10.9678281
30638,11435,10121,0,41,1,23,1,10.1495563228
30639,11435,11413,2,41,14,23,7,3.70018677368
30640,11435,10473,2,41,14,23,9,8.56904235786
30641,11435,10454,2,41,19,23,10,9.19684405484
30642,11435,11416,2,41,5,23,5,2.41865370276
30643,11435,10280,0,41,5,23,3,10.9313845782
30644,11435,11694,0,41,5,23,4,8.75014160012
30645,11435,11358,0,41,6,23,4,4.23336551233
30646,11435,11421,1,41,4,23,4,2.62097892125
30647,11435,11412,0,41,4,23,4,2.6532379046
30648,11435,10174,0,41,2,23,2,9.37921167144
30649,11435,11417,0,41,3,23,3,2.49524306434
30650,11435,11427,2,41,5,23,4,3.793151989
30651,11435,11411,0,41,4,23,2,3.91862630798
30652,11435,11374,2,41,10,23,9,3.18251753248
30653,11435,10096,0,41,2,23,2,10.39774879
30654,11435,10006,0,41,19,23,18,10.7030822396
30655,11435,10037,2,41,15,23,10,10.2497711941
30656,11435,11370,0,41,8,23,4,6.0656326738
30657,11435,10475,3,41,15,23,11,12.3408673469
30658,11435,11225,1,41,17,23,13,8.04866447744
30659,11435,10282,0,41,10,23,9,10.8011832116
30660,11435,11426,2,41,12,23,5,5.16281076874
30661,11435,11378,3,41,18,23,7,5.14940050208
30662,11435,10107,0,41,1,23,1,10.1636866398
30663,11435,11251,0,41,4,23,3,8.0509818882
30664,11435,11436,2,41,6,23,3,1.91438727547
30665,11435,11360,2,41,10,23,5,5.75875148725
30666,11435,11356,0,41,2,23,2,6.15362996879
30667,11435,10474,1,41,8,23,7,8.80730407593
30668,11435,11697,0,41,1,23,1,10.9681741422
30669,11435,10172,0,41,2,23,2,9.44952861008
30670,11435,11691,0,41,4,23,3,7.39115851806
30671,11435,10470,1,41,6,23,4,14.0939941479
30672,11435,11366,0,41,7,23,5,1.96032394377
30673,11435,10041,0,41,2,23,2,10.516934419
30674,11435,10278,0,41,1,23,1,10.2486020182
30675,11435,10106,0,41,4,23,1,10.0195948414
30676,11435,11428,0,41,2,23,2,3.85470847689
30677,11435,10286,0,41,1,23,1,10.6537504986
30678,11435,10279,0,41,1,23,1,10.4727803636
30679,11435,10103,0,41,1,23,1,9.76658759396
30680,11435,10196,0,41,1,23,1,10.39774879
30681,11435,10154,0,41,1,23,1,9.43460154133
30682,11435,10119,0,41,2,23,2,10.2266560803
30683,11435,10464,0,41,5,23,4,10.8849342926
30684,11435,10166,0,41,2,23,2,9.50970175796
30685,11435,10203,0,41,1,23,1,10.39774879
30686,11435,11359,0,41,2,23,2,6.62982077766
30687,11435,10177,0,41,1,23,1,9.5232404387
30688,11435,11040,0,41,1,23,1,7.48117559035
30689,11435,11364,0,41,2,23,2,4.15084919722
30690,11435,11692,0,41,2,23,2,7.42953082824
30691,11435,11423,0,41,1,23,1,2.39486158877
30692,11435,11415,0,41,2,23,2,1.14506671758
30693,11435,10175,0,41,2,23,1,9.6732075328
30694,10039,10012,2,8,445,7,357,7.62523901456
30695,10039,11222,1,8,110,7,71,6.90632582137
30696,10039,11231,2,8,65,7,44,10.7337957122
30697,10039,10019,2,8,637,7,440,4.88647927028
30698,10039,11102,2,8,35,7,30,3.84405059316
30699,10039,10003,0,8,493,7,400,7.02069239664
30700,10039,10020,0,8,143,7,116,5.17896753379
30701,10039,10018,2,8,339,7,256,5.72408591866
30702,10039,10001,2,8,670,7,468,6.06731993511
30703,10039,11365,2,8,21,7,9,9.69806822192
30704,10039,10007,2,8,1780,7,1042,8.5232049919
30705,10039,10022,2,8,228,7,164,4.89814368444
30706,10039,10013,0,8,745,7,406,8.11141928634
30707,10039,10472,2,8,23,7,8,3.61007130873
30708,10039,11226,2,8,195,7,123,12.5217033149
30709,10039,10027,2,8,141,7,83,1.32263000833
30710,10039,11210,2,8,34,7,20,13.6858347482
30711,10039,11693,0,8,6,7,6,16.9740454433
30712,10039,11432,0,8,49,7,36,10.8038367997
30713,10039,11103,2,8,35,7,26,4.5730191001
30714,10039,11237,2,8,64,7,53,8.52308517057
30715,10039,10010,2,8,218,7,181,6.45984614997
30716,10039,10014,2,8,397,7,286,7.25505109703
30717,10039,10009,0,8,135,7,91,7.17618592505
30718,10039,10036,2,8,826,7,656,5.37733243887
30719,10039,11216,2,8,60,7,49,10.0763961671
30720,10039,11418,0,8,15,7,11,10.3489136623
30721,10039,11109,0,8,5,7,5,12.5540712774
30722,10039,11371,2,8,71,7,65,4.95113709337
30723,10039,10460,2,8,42,7,22,3.14354942529
30724,10039,10048,0,8,86,7,65,8.80531689403
30725,10039,10128,2,8,51,7,40,3.13439457062
30726,10039,11375,2,8,44,7,27,8.72185602203
30727,10039,10023,3,8,210,7,134,4.20685892157
30728,10039,11211,3,8,352,7,256,7.92397633312
30729,10039,10011,2,8,437,7,352,6.74268633956
30730,10039,10025,0,8,143,7,65,2.50818905769
30731,10039,10032,2,8,65,7,28,1.02759368336
30732,10039,11232,2,8,125,7,24,12.2945293409
30733,10039,11377,2,8,46,7,33,6.00870226261
30734,10039,11361,2,8,19,7,11,9.59835987777
30735,10039,11206,0,8,90,7,63,8.55021162747
30736,10039,11430,2,8,187,7,143,14.2134655016
30737,10039,10021,2,8,62,7,45,4.1695401836
30738,10039,11201,2,8,234,7,176,9.43474641015
30739,10039,11238,0,8,109,7,64,10.1651280437
30740,10039,10016,2,8,162,7,110,5.91469736136
30741,10039,11218,2,8,26,7,19,12.6976640911
30742,10039,10301,2,8,45,7,32,15.7498824106
30743,10039,10452,2,8,54,7,34,1.16192389708
30744,10039,10314,2,8,51,7,30,18.6926109181
30745,10039,10461,1,8,50,7,20,5.31092171411
30746,10039,11101,2,8,193,7,96,5.5791696381
30747,10039,10029,2,8,50,7,38,2.42987099105
30748,10039,10467,2,8,33,7,22,4.7651980179
30749,10039,11208,0,8,43,7,13,11.122486075
30750,10039,10024,0,8,101,7,71,3.45491709287
30751,10039,10005,2,8,65,7,41,9.10014226815
30752,10039,10030,1,8,39,7,26,0.648017800841
30753,10039,10002,1,8,258,7,186,7.97302747991
30754,10039,11385,1,8,56,7,31,8.80659219169
30755,10039,11220,2,8,38,7,23,13.3994865138
30756,10039,11215,2,8,123,7,95,11.2408020962
30757,10039,10038,2,8,174,7,85,8.76452594569
30758,10039,11217,0,8,92,7,71,10.1697838398
30759,10039,10462,2,8,104,7,58,4.25859255346
30760,10039,10040,2,8,80,7,27,2.28870510299
30761,10039,10457,2,8,28,7,16,2.4662927321
30762,10039,10017,2,8,277,7,161,5.43130522379
30763,10039,11433,2,8,18,7,12,11.9065687323
30764,10039,10308,0,8,8,7,8,22.0413376044
30765,10039,10468,2,8,52,7,30,3.45364444664
30766,10039,10111,0,8,15,7,13,5.08765335638
30767,10039,10309,2,8,23,7,15,25.0701015413
30768,10039,10034,2,8,68,7,33,2.99872871791
30769,10039,10028,2,8,89,7,53,3.5236570977
30770,10039,10035,2,8,65,7,32,1.65159955875
30771,10039,11228,1,8,10,7,8,14.918096799
30772,10039,11105,0,8,25,7,19,3.86380208383
30773,10039,11355,2,8,26,7,18,8.1316022281
30774,10039,11209,2,8,49,7,28,14.8177686551
30775,10039,11213,0,8,35,7,20,10.7130620122
30776,10039,11369,2,8,12,7,8,5.59368802817
30777,10039,10031,1,8,64,7,45,0.612747771078
30778,10039,11221,1,8,120,7,61,9.32872536423
30779,10039,11212,0,8,12,7,10,11.3845827194
30780,10039,11233,0,8,74,7,34,10.3439268305
30781,10039,11368,2,8,62,7,41,6.84239502098
30782,10039,11205,0,8,37,7,31,9.22543444569
30783,10039,10069,0,8,14,7,8,4.48126519497
30784,10039,11203,0,8,39,7,8,12.2237271952
30785,10039,10459,1,8,16,7,8,2.29799971389
30786,10039,11219,0,8,6,7,4,13.724305595
30787,10039,11434,2,8,32,7,16,13.5429361767
30788,10039,11230,0,8,11,7,5,14.0927536025
30789,10039,11373,2,8,53,7,27,6.94650503995
30790,10039,11362,1,8,8,7,5,11.6349121646
30791,10039,10305,0,8,11,7,8,17.2667108661
30792,10039,11104,0,8,8,7,6,5.75936422498
30793,10039,10004,2,8,168,7,99,10.3228454581
30794,10039,10275,0,8,13,7,7,3.77413652113
30795,10039,10118,0,8,4,7,3,5.92186651866
30796,10039,10026,0,8,57,7,43,1.85566619718
30797,10039,11235,1,8,19,7,14,16.7387247071
30798,10039,10469,0,8,44,7,12,5.54094208011
30799,10039,10281,0,8,31,7,24,8.7130940395
30800,10039,11223,0,8,10,7,7,15.8433119288
30801,10039,11379,2,8,33,7,13,8.18433528545
30802,10039,10465,2,8,37,7,16,6.26803794279
30803,10039,10455,0,8,20,7,11,1.70610300234
30804,10039,10466,0,8,16,7,11,6.49978306727
30805,10039,11239,0,8,4,7,2,12.8092848132
30806,10039,11207,2,8,86,7,31,10.9500823278
30807,10039,11367,2,8,35,7,17,9.06236292146
30808,10039,11106,0,8,21,7,19,4.4377005286
30809,10039,10471,2,8,19,7,15,5.44331548887
30810,10039,11234,0,8,50,7,15,14.3493619606
30811,10039,10167,0,8,11,7,4,5.30649426285
30812,10039,10453,1,8,21,7,16,2.26717764535
30813,10039,10451,2,8,20,7,12,0.894469810259
30814,10039,10033,2,8,86,7,31,1.56234221276
30815,10039,11354,2,8,38,7,25,7.12147838032
30816,10039,10463,2,8,36,7,16,4.09399741972
30817,10039,10169,0,8,4,7,4,5.35398409667
30818,10039,10456,2,8,21,7,12,1.51523679036
30819,10039,11420,0,8,8,7,7,12.3677091757
30820,10039,10153,0,8,6,7,5,4.69515620255
30821,10039,10307,0,8,6,7,3,27.2210116097
30822,10039,10306,0,8,17,7,8,20.101342919
30823,10039,10165,0,8,2,7,2,5.54595941538
30824,10039,10303,2,8,11,7,7,18.0039679651
30825,10039,11224,0,8,22,7,13,17.4595977153
30826,10039,10304,0,8,8,7,5,17.0671850073
30827,10039,10458,2,8,34,7,31,3.64327442096
30828,10039,11414,2,8,13,7,7,12.5958042748
30829,10039,11204,0,8,9,7,8,14.5168131311
30830,10039,11372,1,8,16,7,11,5.93185613418
30831,10039,11357,0,8,9,7,6,7.29719524239
30832,10039,10044,0,8,9,7,8,4.46181537089
30833,10039,11229,2,8,27,7,14,15.6598012236
30834,10039,11236,1,8,15,7,9,12.9305628375
30835,10039,10302,2,8,5,7,5,17.0711869831
30836,10039,11422,0,8,11,7,8,15.4868661745
30837,10039,10312,0,8,4,7,2,23.2236691511
30838,10039,10310,0,8,27,7,6,16.3406605925
30839,10039,11429,1,8,8,7,6,13.1736395124
30840,10039,10152,0,8,2,7,2,5.01332985814
30841,10039,11214,0,8,10,7,6,15.979666179
30842,10039,11435,2,8,41,7,23,10.9678281
30843,10039,10039,7,8,8,7,7,0.0
30844,10039,10121,0,8,1,7,1,6.01264517143
30845,10039,11413,2,8,14,7,7,14.5221599207
30846,10039,10473,2,8,14,7,9,4.13162851503
30847,10039,10454,2,8,19,7,10,1.77107000192
30848,10039,11416,2,8,5,7,5,10.8603211818
30849,10039,10280,0,8,5,7,3,9.22101983822
30850,10039,11694,0,8,5,7,4,17.8641767116
30851,10039,11358,0,8,6,7,4,8.67108927509
30852,10039,11421,1,8,4,7,4,10.2117624327
30853,10039,11412,0,8,4,7,4,12.8869291157
30854,10039,10174,0,8,2,7,2,5.51627018946
30855,10039,11417,0,8,3,7,3,11.4689492707
30856,10039,11427,2,8,5,7,4,12.0106708385
30857,10039,11411,0,8,4,7,2,13.9782948899
30858,10039,11374,2,8,10,7,9,8.04833419278
30859,10039,10096,0,8,2,7,2,3.77413652113
30860,10039,10006,0,8,19,7,18,9.09071295845
30861,10039,10037,2,8,15,7,10,0.884343151353
30862,10039,11370,0,8,8,7,4,4.99647106922
30863,10039,10475,2,8,15,7,11,6.87687165166
30864,10039,11225,1,8,17,7,13,11.3068570611
30865,10039,10282,0,8,10,7,9,8.54320589722
30866,10039,11426,2,8,12,7,5,13.0541289366
30867,10039,11378,2,8,18,7,7,7.2714977596
30868,10039,10107,0,8,1,7,1,4.76706725545
30869,10039,11251,0,8,4,7,3,12.5020494847
30870,10039,11436,2,8,6,7,3,12.814370476
30871,10039,11360,2,8,10,7,5,8.82029899212
30872,10039,11356,0,8,2,7,2,5.6477935741
30873,10039,10474,1,8,8,7,7,2.74736339195
30874,10039,11697,0,8,1,7,1,18.4151168684
30875,10039,10172,0,8,2,7,2,5.25663521346
30876,10039,11691,0,8,4,7,3,18.1761308006
30877,10039,10470,2,8,6,7,4,6.51164273289
30878,10039,11366,0,8,7,7,5,10.1588236714
30879,10039,10041,0,8,2,7,2,9.31999786872
30880,10039,10278,0,8,1,7,1,8.39014055049
30881,10039,10106,0,8,4,7,1,4.77978189505
30882,10039,11428,0,8,2,7,2,12.6187502607
30883,10039,10286,0,8,1,7,1,8.66427806784
30884,10039,10279,0,8,1,7,1,8.65934624823
30885,10039,10103,0,8,1,7,1,4.9848671966
30886,10039,10196,0,8,1,7,1,3.77413652113
30887,10039,10154,0,8,1,7,1,5.06192499334
30888,10039,10119,0,8,2,7,2,5.96656433852
30889,10039,10464,0,8,5,7,4,8.04593443547
30890,10039,10166,0,8,2,7,2,5.34939547462
30891,10039,10203,0,8,1,7,1,3.77413652113
30892,10039,11359,0,8,2,7,2,8.71973829227
30893,10039,10177,0,8,1,7,1,5.29838255504
30894,10039,11040,0,8,1,7,1,14.7087398068
30895,10039,11364,0,8,2,7,2,10.7888528311
30896,10039,11692,0,8,2,7,2,17.7246778742
30897,10039,11423,0,8,1,7,1,11.7521824618
30898,10039,11415,0,8,2,7,2,9.97356238474
30899,10039,10175,0,8,2,7,1,5.44141153167
30900,10121,10012,0,1,445,1,357,1.66869184674
30901,10121,11222,0,1,110,1,71,2.91520049744
30902,10121,11231,0,1,65,1,44,4.92000563942
30903,10121,10019,0,1,637,1,440,1.15719734152
30904,10121,11102,0,1,35,1,30,3.8325053281
30905,10121,10003,0,1,493,1,400,1.18957051956
30906,10121,10020,0,1,143,1,116,0.872711185214
30907,10121,10018,0,1,339,1,256,0.384754195234
30908,10121,10001,1,1,670,1,468,0.255136534593
30909,10121,11365,0,1,21,1,9,10.5113404785
30910,10121,10007,0,1,1780,1,1042,2.53800177132
30911,10121,10022,0,1,228,1,164,1.44240387214
30912,10121,10013,0,1,745,1,406,2.11888215518
30913,10121,10472,0,1,23,1,8,8.54230466882
30914,10121,11226,0,1,195,1,123,7.4515222801
30915,10121,10027,0,1,141,1,83,4.76013934728
30916,10121,11210,0,1,34,1,20,8.74318928985
30917,10121,11693,0,1,6,1,6,13.8834170422
30918,10121,11432,0,1,49,1,36,10.710978009
30919,10121,11103,0,1,35,1,26,4.34745742503
30920,10121,11237,0,1,64,1,53,4.946660506
30921,10121,10010,0,1,218,1,181,0.89634262882
30922,10121,10014,0,1,397,1,286,1.24782371635
30923,10121,10009,0,1,135,1,91,1.70413235191
30924,10121,10036,0,1,826,1,656,0.686935780667
30925,10121,11216,0,1,60,1,49,5.29905175426
30926,10121,11418,0,1,15,1,11,9.02585078255
30927,10121,11109,0,1,5,1,5,9.29640505898
30928,10121,11371,0,1,71,1,65,6.32063269794
30929,10121,10460,0,1,42,1,22,8.59681822885
30930,10121,10048,0,1,86,1,65,2.80347223371
30931,10121,10128,0,1,51,1,40,3.11344862673
30932,10121,11375,0,1,44,1,27,7.92553300504
30933,10121,10023,0,1,210,1,134,1.88633368495
30934,10121,11211,0,1,352,1,256,3.25773195647
30935,10121,10011,0,1,437,1,352,0.735553176001
30936,10121,10025,0,1,143,1,65,3.59496999051
30937,10121,10032,0,1,65,1,28,6.81474789001
30938,10121,11232,0,1,125,1,24,6.5294648837
30939,10121,11377,0,1,46,1,33,4.64795303643
30940,10121,11361,0,1,19,1,11,11.4751680831
30941,10121,11206,0,1,90,1,63,4.15545722307
30942,10121,11430,0,1,187,1,143,12.3678085674
30943,10121,10021,0,1,62,1,45,2.09771033685
30944,10121,11201,0,1,234,1,176,3.75347334632
30945,10121,11238,0,1,109,1,64,5.03633344635
30946,10121,10016,0,1,162,1,110,0.787446937601
30947,10121,11218,0,1,26,1,19,7.29944480977
30948,10121,10301,0,1,45,1,32,9.7513249853
30949,10121,10452,0,1,54,1,34,7.14890790717
30950,10121,10314,0,1,51,1,30,12.750730154
30951,10121,10461,0,1,50,1,20,10.3145599165
30952,10121,11101,0,1,193,1,96,2.78767346715
30953,10121,10029,0,1,50,1,38,3.77307902854
30954,10121,10467,0,1,33,1,22,10.6234891349
30955,10121,11208,0,1,43,1,13,8.21710533407
30956,10121,10024,0,1,101,1,71,2.65184773568
30957,10121,10005,0,1,65,1,41,3.13488530141
30958,10121,10030,0,1,39,1,26,5.36541475064
30959,10121,10002,0,1,258,1,186,2.2640717196
30960,10121,11385,0,1,56,1,31,6.11200346147
30961,10121,11220,0,1,38,1,23,7.57064580476
30962,10121,11215,0,1,123,1,95,5.6769016919
30963,10121,10038,0,1,174,1,85,2.82580770866
30964,10121,11217,0,1,92,1,71,4.71918924427
30965,10121,10462,0,1,104,1,58,9.46627040034
30966,10121,10040,0,1,80,1,27,8.22642026337
30967,10121,10457,0,1,28,1,16,8.2959781396
30968,10121,10017,0,1,277,1,161,1.04201742009
30969,10121,11433,0,1,18,1,12,11.3462219672
30970,10121,10308,0,1,8,1,8,16.0344857305
30971,10121,10468,0,1,52,1,30,9.45189245251
30972,10121,10111,0,1,15,1,13,0.994376692984
30973,10121,10309,0,1,23,1,15,19.1138059808
30974,10121,10034,0,1,68,1,33,8.97328014188
30975,10121,10028,0,1,89,1,53,2.72712245844
30976,10121,10035,0,1,65,1,32,4.75431718
30977,10121,11228,0,1,10,1,8,9.17266575423
30978,10121,11105,0,1,25,1,19,4.72071024927
30979,10121,11355,0,1,26,1,18,9.05111270821
30980,10121,11209,0,1,49,1,28,8.94076647529
30981,10121,11213,0,1,35,1,20,6.20839040462
30982,10121,11369,0,1,12,1,8,6.43385168638
30983,10121,10031,0,1,64,1,45,5.74620851695
30984,10121,11221,0,1,120,1,61,5.29846454613
30985,10121,11212,0,1,12,1,10,7.31096100906
30986,10121,11233,0,1,74,1,34,6.32311730918
30987,10121,11368,0,1,62,1,41,7.00839863455
30988,10121,11205,0,1,37,1,31,4.07147735817
30989,10121,10069,0,1,14,1,8,1.78431544277
30990,10121,11203,0,1,39,1,8,7.59730399963
30991,10121,10459,0,1,16,1,8,7.35552665404
30992,10121,11219,0,1,6,1,4,8.08971545522
30993,10121,11434,0,1,32,1,16,12.6117323762
30994,10121,11230,0,1,11,1,5,8.85841693605
30995,10121,11373,0,1,53,1,27,6.04786489421
30996,10121,11362,0,1,8,1,5,13.5907069501
30997,10121,10305,0,1,11,1,8,11.2735209203
30998,10121,11104,0,1,8,1,6,3.82075182231
30999,10121,10004,0,1,168,1,99,4.33554027352
31000,10121,10275,0,1,13,1,7,2.28120226497
31001,10121,10118,0,1,4,1,3,0.287956911725
31002,10121,10026,0,1,57,1,43,4.15764288115
31003,10121,11235,0,1,19,1,14,11.6508894708
31004,10121,10469,0,1,44,1,12,11.1740162384
31005,10121,10281,0,1,31,1,24,2.70146589654
31006,10121,11223,0,1,10,1,7,10.5042189965
31007,10121,11379,0,1,33,1,13,6.35102613482
31008,10121,10465,0,1,37,1,16,10.5450016542
31009,10121,10455,0,1,20,1,11,6.33910144782
31010,10121,10466,0,1,16,1,11,12.3592518282
31011,10121,11239,0,1,4,1,2,9.29099540124
31012,10121,11207,0,1,86,1,31,7.47186222444
31013,10121,11367,0,1,35,1,17,9.06234038932
31014,10121,11106,0,1,21,1,19,3.28321574682
31015,10121,10471,0,1,19,1,15,11.4150989818
31016,10121,11234,0,1,50,1,15,9.7692626753
31017,10121,10167,0,1,11,1,4,0.959124411608
31018,10121,10453,0,1,21,1,16,8.26870067303
31019,10121,10451,0,1,20,1,12,6.05903541234
31020,10121,10033,0,1,86,1,31,7.46294102513
31021,10121,11354,0,1,38,1,25,8.84948946729
31022,10121,10463,0,1,36,1,16,10.0918860466
31023,10121,10169,0,1,4,1,4,0.894810761235
31024,10121,10456,0,1,21,1,12,7.04266983599
31025,10121,11420,0,1,8,1,7,10.709174758
31026,10121,10153,0,1,6,1,5,1.40098927645
31027,10121,10307,0,1,6,1,3,21.2803928521
31028,10121,10306,0,1,17,1,8,14.0888387266
31029,10121,10165,0,1,2,1,2,0.706862410123
31030,10121,10303,0,1,11,1,7,12.2057359158
31031,10121,11224,0,1,22,1,13,11.9408089753
31032,10121,10304,0,1,8,1,5,11.0548624667
31033,10121,10458,0,1,34,1,31,9.57401914037
31034,10121,11414,0,1,13,1,7,10.0388184139
31035,10121,11204,0,1,9,1,8,9.02611053057
31036,10121,11372,0,1,16,1,11,5.64440591008
31037,10121,11357,0,1,9,1,6,9.87981353975
31038,10121,10044,0,1,9,1,8,2.4026004276
31039,10121,11229,0,1,27,1,14,10.7132760559
31040,10121,11236,0,1,15,1,9,8.84177854445
31041,10121,10302,0,1,5,1,5,11.1840796695
31042,10121,11422,0,1,11,1,8,14.761061203
31043,10121,10312,0,1,4,1,2,17.2334415466
31044,10121,10310,0,1,27,1,6,10.388237411
31045,10121,11429,0,1,8,1,6,13.5685882202
31046,10121,10152,0,1,2,1,2,1.20304571061
31047,10121,11214,0,1,10,1,6,10.3972088416
31048,10121,11435,0,1,41,1,23,10.1495563228
31049,10121,10039,0,1,8,1,7,6.01264517143
31050,10121,10121,1,1,1,1,1,0.0
31051,10121,11413,0,1,14,1,7,13.7671818638
31052,10121,10473,0,1,14,1,9,8.43906522631
31053,10121,10454,0,1,19,1,10,5.55306703547
31054,10121,11416,0,1,5,1,5,8.7301225735
31055,10121,10280,0,1,5,1,3,3.21221647998
31056,10121,11694,0,1,5,1,4,14.1611288261
31057,10121,11358,0,1,6,1,4,10.2998393898
31058,10121,11421,0,1,4,1,4,8.10229788518
31059,10121,11412,0,1,4,1,4,12.7263051912
31060,10121,10174,0,1,2,1,2,0.888819601093
31061,10121,11417,0,1,3,1,3,9.26416722289
31062,10121,11427,0,1,5,1,4,12.8948040581
31063,10121,11411,0,1,4,1,2,13.9935585353
31064,10121,11374,0,1,10,1,9,7.08314030483
31065,10121,10096,0,1,2,1,2,2.28120226497
31066,10121,10006,0,1,19,1,18,3.09372765931
31067,10121,10037,0,1,15,1,10,5.28128801666
31068,10121,11370,0,1,8,1,4,5.39843206113
31069,10121,10475,0,1,15,1,11,12.460544243
31070,10121,11225,0,1,17,1,13,6.28997074204
31071,10121,10282,0,1,10,1,9,2.53072773708
31072,10121,11426,0,1,12,1,5,14.2635824129
31073,10121,11378,0,1,18,1,7,5.00156799761
31074,10121,10107,0,1,1,1,1,1.25425052669
31075,10121,11251,0,1,4,1,3,7.62173478704
31076,10121,11436,0,1,6,1,3,11.4885892315
31077,10121,11360,0,1,10,1,5,11.3146869241
31078,10121,11356,0,1,2,1,2,8.15984557415
31079,10121,10474,0,1,8,1,7,7.01373272766
31080,10121,11697,0,1,1,1,1,13.7819688088
31081,10121,10172,0,1,2,1,2,0.99932623356
31082,10121,11691,0,1,4,1,3,15.9838065327
31083,10121,10470,0,1,6,1,4,12.4829268141
31084,10121,11366,0,1,7,1,5,10.4593082053
31085,10121,10041,0,1,2,1,2,3.35433050937
31086,10121,10278,0,1,1,1,1,2.42460493906
31087,10121,10106,0,1,4,1,1,1.23295691547
31088,10121,11428,0,1,2,1,2,13.3127700098
31089,10121,10286,0,1,1,1,1,2.65942040649
31090,10121,10279,0,1,1,1,1,2.67153757053
31091,10121,10103,0,1,1,1,1,1.071426442
31092,10121,10196,0,1,1,1,1,2.28120226497
31093,10121,10154,0,1,1,1,1,1.16133316041
31094,10121,10119,0,1,2,1,2,0.0971287968883
31095,10121,10464,0,1,5,1,4,12.9629997411
31096,10121,10166,0,1,2,1,2,0.88950114649
31097,10121,10203,0,1,1,1,1,2.28120226497
31098,10121,11359,0,1,2,1,2,11.6745488855
31099,10121,10177,0,1,1,1,1,0.917756621888
31100,10121,11040,0,1,1,1,1,16.4293450512
31101,10121,11364,0,1,2,1,2,12.173803926
31102,10121,11692,0,1,2,1,2,14.9391057359
31103,10121,11423,0,1,1,1,1,11.9905662247
31104,10121,11415,0,1,2,1,2,9.00860062849
31105,10121,10175,0,1,2,1,1,0.712206350888
31106,11413,10012,2,14,445,7,357,13.527982236
31107,11413,11222,1,14,110,7,71,10.9092913841
31108,11413,11231,2,14,65,7,44,13.2067790615
31109,11413,10019,2,14,637,7,440,13.9523459695
31110,11413,11102,2,14,35,7,30,11.4630884729
31111,11413,10003,0,14,493,7,400,13.2156822039
31112,11413,10020,0,14,143,7,116,13.4783191074
31113,11413,10018,2,14,339,7,256,13.9917247701
31114,11413,10001,2,14,670,7,468,14.0209173079
31115,11413,11365,2,14,21,7,9,5.20865531416
31116,11413,10007,2,14,1780,7,1042,13.783190597
31117,11413,10022,2,14,228,7,164,12.8886905269
31118,11413,10013,0,14,745,7,406,13.7803254957
31119,11413,10472,2,14,23,7,8,12.6501349083
31120,11413,11226,2,14,195,7,123,10.8627785951
31121,11413,10027,2,14,141,7,83,14.5217053268
31122,11413,11210,2,14,34,7,20,10.6088291555
31123,11413,11693,0,14,6,7,6,6.1979109141
31124,11413,11432,0,14,49,7,36,3.7479424837
31125,11413,11103,2,14,35,7,26,10.5430789745
31126,11413,11237,2,14,64,7,53,9.14359874719
31127,11413,10010,2,14,218,7,181,13.0106469958
31128,11413,10014,2,14,397,7,286,14.058642445
31129,11413,10009,0,14,135,7,91,12.5638211289
31130,11413,10036,2,14,826,7,656,13.9715458747
31131,11413,11216,2,14,60,7,49,10.3646528853
31132,11413,11418,0,14,15,7,11,4.74208332435
31133,11413,11109,0,14,5,7,5,6.4045804424
31134,11413,11371,2,14,71,7,65,9.57249235477
31135,11413,10460,2,14,42,7,22,13.5905686031
31136,11413,10048,0,14,86,7,65,14.0034187387
31137,11413,10128,2,14,51,7,40,12.9835992771
31138,11413,11375,2,14,44,7,27,6.05624053321
31139,11413,10023,2,14,210,7,134,14.1802972455
31140,11413,11211,2,14,352,7,256,11.0409458574
31141,11413,10011,2,14,437,7,352,13.9456478289
31142,11413,10025,0,14,143,7,65,14.4162377789
31143,11413,10032,2,14,65,7,28,15.4279825037
31144,11413,11232,2,14,125,7,24,13.3233121164
31145,11413,11377,2,14,46,7,33,9.44425823936
31146,11413,11361,2,14,19,7,11,6.52777895691
31147,11413,11206,0,14,90,7,63,10.2998636888
31148,11413,11430,2,14,187,7,143,2.69101601097
31149,11413,10021,2,14,62,7,45,12.9009540703
31150,11413,11201,2,14,234,7,176,12.6040780296
31151,11413,11238,0,14,109,7,64,11.114761207
31152,11413,10016,2,14,162,7,110,12.9839501322
31153,11413,11218,2,14,26,7,19,11.9306939841
31154,11413,10301,2,14,45,7,32,18.2146550303
31155,11413,10452,2,14,54,7,34,14.6902584759
31156,11413,10314,2,14,51,7,30,21.1585234299
31157,11413,10461,1,14,50,7,20,12.7621845881
31158,11413,11101,2,14,193,7,96,11.1367468026
31159,11413,10029,2,14,50,7,38,13.2019416226
31160,11413,10467,2,14,33,7,22,15.2584939873
31161,11413,11208,0,14,43,7,13,6.36316100465
31162,11413,10024,0,14,101,7,71,14.306909978
31163,11413,10005,2,14,65,7,41,13.7328403335
31164,11413,10030,1,14,39,7,26,14.3509213617
31165,11413,10002,0,14,258,7,186,12.78955076
31166,11413,11385,1,14,56,7,31,7.7690122147
31167,11413,11220,2,14,38,7,23,14.0310664145
31168,11413,11215,2,14,123,7,95,12.3056720585
31169,11413,10038,2,14,174,7,85,13.5265038369
31170,11413,11217,0,14,92,7,71,11.9233585728
31171,11413,10462,2,14,104,7,58,13.1363523107
31172,11413,10040,2,14,80,7,27,15.989163789
31173,11413,10457,2,14,28,7,16,14.4277655931
31174,11413,10017,2,14,277,7,161,12.9058925369
31175,11413,11433,2,14,18,7,12,2.62307198948
31176,11413,10308,0,14,8,7,8,22.5536080689
31177,11413,10468,2,14,52,7,30,15.646341473
31178,11413,10111,0,14,15,7,13,13.3798322671
31179,11413,10309,2,14,23,7,15,26.1400709323
31180,11413,10034,1,14,68,7,33,16.247366511
31181,11413,10028,2,14,89,7,53,12.9370837802
31182,11413,10035,2,14,65,7,32,13.2181086258
31183,11413,11228,1,14,10,7,8,14.1525274519
31184,11413,11105,0,14,25,7,19,10.9434804059
31185,11413,11355,2,14,26,7,18,6.53521138762
31186,11413,11209,2,14,49,7,28,14.9691704534
31187,11413,11213,0,14,35,7,20,9.62418289798
31188,11413,11369,2,14,12,7,8,8.94595672573
31189,11413,10031,1,14,64,7,45,14.9417205627
31190,11413,11221,0,14,120,7,61,9.30532612672
31191,11413,11212,0,14,12,7,10,8.52264201566
31192,11413,11233,0,14,74,7,34,8.79501328687
31193,11413,11368,2,14,62,7,41,7.73016146075
31194,11413,11205,0,14,37,7,31,11.3571667753
31195,11413,10069,0,14,14,7,8,14.5043705253
31196,11413,11203,0,14,39,7,8,9.6543415378
31197,11413,10459,1,14,16,7,8,13.0478751475
31198,11413,11219,0,14,6,7,4,13.1294846009
31199,11413,11434,3,14,32,7,16,1.16554716005
31200,11413,11230,0,14,11,7,5,11.6507237353
31201,11413,11373,2,14,53,7,27,8.05730254516
31202,11413,11362,1,14,8,7,5,6.25238726053
31203,11413,10305,0,14,11,7,8,17.7052863564
31204,11413,11104,0,14,8,7,6,10.1847261413
31205,11413,10004,2,14,168,7,99,15.3526610431
31206,11413,10275,0,14,13,7,7,14.0970248952
31207,11413,10118,0,14,4,7,3,13.4886621638
31208,11413,10026,0,14,57,7,43,14.0614313927
31209,11413,11235,1,14,19,7,14,12.0291194274
31210,11413,10469,0,14,44,7,12,14.5928601308
31211,11413,10281,0,14,31,7,24,14.1784871361
31212,11413,11223,0,14,10,7,7,12.6291470721
31213,11413,11379,2,14,33,7,13,7.42349153207
31214,11413,10465,2,14,37,7,16,11.2826861721
31215,11413,10455,0,14,20,7,11,12.9606087816
31216,11413,10466,0,14,16,7,11,16.0407866822
31217,11413,11239,0,14,4,7,2,6.9206631615
31218,11413,11207,2,14,86,7,31,7.50426745066
31219,11413,11367,2,14,35,7,17,5.45987647577
31220,11413,11106,0,14,21,7,19,11.3824958157
31221,11413,10471,2,14,19,7,15,17.803888576
31222,11413,11234,0,14,50,7,15,9.6270192236
31223,11413,10167,0,14,11,7,4,13.1124853935
31224,11413,10453,1,14,21,7,16,15.1775946926
31225,11413,10451,2,14,20,7,12,13.6739984975
31226,11413,10033,2,14,86,7,31,15.6419897453
31227,11413,11354,2,14,38,7,25,7.7769311954
31228,11413,10463,2,14,36,7,16,16.7006233425
31229,11413,10169,0,14,4,7,4,13.152507482
31230,11413,10456,2,14,21,7,12,13.7548274814
31231,11413,11420,0,14,8,7,7,3.31739495738
31232,11413,10153,0,14,6,7,5,13.2919350812
31233,11413,10307,0,14,6,7,3,28.2096628743
31234,11413,10306,0,14,17,7,8,20.4825137148
31235,11413,10165,0,14,2,7,2,13.2234877725
31236,11413,10303,2,14,11,7,7,21.7807173192
31237,11413,11224,0,14,22,7,13,14.1878848612
31238,11413,10304,0,14,8,7,5,18.3041069604
31239,11413,10458,2,14,34,7,31,15.2056689433
31240,11413,11414,2,14,13,7,7,4.89347736374
31241,11413,11204,0,14,9,7,8,12.7617048146
31242,11413,11372,1,14,16,7,11,8.89882426436
31243,11413,11357,0,14,9,7,6,8.45162829247
31244,11413,10044,0,14,9,7,8,12.1711537443
31245,11413,11229,2,14,27,7,14,11.1100752087
31246,11413,11236,1,14,15,7,9,8.25555641671
31247,11413,10302,2,14,5,7,5,20.4501930333
31248,11413,11422,0,14,11,7,8,1.00289064618
31249,11413,10312,0,14,4,7,2,24.0008966634
31250,11413,10310,0,14,27,7,6,19.3138306041
31251,11413,11429,1,14,8,7,6,2.74806926516
31252,11413,10152,0,14,2,7,2,13.1030248608
31253,11413,11214,0,14,10,7,6,13.7680055866
31254,11413,11435,2,14,41,7,23,3.70018677368
31255,11413,10039,2,14,8,7,7,14.5221599207
31256,11413,10121,0,14,1,7,1,13.7671818638
31257,11413,11413,7,14,14,7,7,0.0
31258,11413,10473,2,14,14,7,9,11.69032684
31259,11413,10454,2,14,19,7,10,12.7563885316
31260,11413,11416,2,14,5,7,5,5.27386564322
31261,11413,10280,0,14,5,7,3,14.2270522926
31262,11413,11694,0,14,5,7,4,8.1929225069
31263,11413,11358,0,14,6,7,4,6.66384860188
31264,11413,11421,1,14,4,7,4,5.79336613403
31265,11413,11412,0,14,4,7,4,1.9140329184
31266,11413,10174,0,14,2,7,2,13.0255591006
31267,11413,11417,0,14,3,7,3,4.91842611672
31268,11413,11427,2,14,5,7,4,4.0132452303
31269,11413,11411,0,14,4,7,2,1.81235674679
31270,11413,11374,2,14,10,7,9,6.88229678553
31271,11413,10096,0,14,2,7,2,14.0970248952
31272,11413,10006,0,14,19,7,18,14.0063946211
31273,11413,10037,2,14,15,7,10,13.8462026164
31274,11413,11370,0,14,8,7,4,9.71671720457
31275,11413,10475,2,14,15,7,11,14.893876987
31276,11413,11225,1,14,17,7,13,10.7133826568
31277,11413,10282,0,14,10,7,9,14.1850494936
31278,11413,11426,2,14,12,7,5,4.57154124013
31279,11413,11378,2,14,18,7,7,8.7749767774
31280,11413,10107,0,14,1,7,1,13.8432089668
31281,11413,11251,0,14,4,7,3,10.3202448326
31282,11413,11436,2,14,6,7,3,2.40430771804
31283,11413,11360,2,14,10,7,5,7.75452243937
31284,11413,11356,0,14,2,7,2,9.31526428748
31285,11413,10474,1,14,8,7,7,12.1866346436
31286,11413,11697,0,14,1,7,1,11.2323472539
31287,11413,10172,0,14,2,7,2,13.1094163096
31288,11413,11691,0,14,4,7,3,4.85744449151
31289,11413,10470,1,14,6,7,4,16.9063578142
31290,11413,11366,0,14,7,7,5,4.49178948541
31291,11413,10041,0,14,2,7,2,13.7758159848
31292,11413,10278,0,14,1,7,1,13.6314981386
31293,11413,10106,0,14,4,7,1,13.6985567475
31294,11413,11428,0,14,2,7,2,3.4802549665
31295,11413,10286,0,14,1,7,1,14.0153182703
31296,11413,10279,0,14,1,7,1,13.8275133611
31297,11413,10103,0,14,1,7,1,13.438005658
31298,11413,10196,0,14,1,7,1,14.0970248952
31299,11413,10154,0,14,1,7,1,13.1035124163
31300,11413,10119,0,14,2,7,2,13.8479461212
31301,11413,10464,0,14,5,7,4,13.0453634315
31302,11413,10166,0,14,2,7,2,13.1647869827
31303,11413,10203,0,14,1,7,1,14.0970248952
31304,11413,11359,0,14,2,7,2,8.56609591824
31305,11413,10177,0,14,1,7,1,13.1808849438
31306,11413,11040,0,14,1,7,1,6.29966353445
31307,11413,11364,0,14,2,7,2,5.30313706415
31308,11413,11692,0,14,2,7,2,5.81301611412
31309,11413,11423,0,14,1,7,1,3.17029775074
31310,11413,11415,0,14,2,7,2,4.83304600371
31311,11413,10175,0,14,2,7,1,13.3233069971
31312,10473,10012,2,14,445,9,357,9.70933980899
31313,10473,11222,1,14,110,9,71,7.82004983609
31314,10473,11231,2,14,65,9,44,12.236710288
31315,10473,10019,2,14,637,9,440,7.5764851468
31316,10473,11102,2,14,35,9,30,4.74207442124
31317,10473,10003,0,14,493,9,400,9.05667153876
31318,10473,10020,0,14,143,9,116,7.58495446262
31319,10473,10018,2,14,339,9,256,8.2984000585
31320,10473,10001,2,14,670,9,468,8.59966438126
31321,10473,11365,2,14,21,9,9,6.51220863875
31322,10473,10007,2,14,1780,9,1042,10.5725256367
31323,10473,10022,2,14,228,9,164,7.01218142116
31324,10473,10013,0,14,745,9,406,10.2233445111
31325,10473,10472,2,14,23,9,8,0.960586143812
31326,10473,11226,2,14,195,9,123,12.9860795805
31327,10473,10027,2,14,141,9,83,5.05205595689
31328,10473,11210,2,14,34,9,20,13.9131890383
31329,10473,11693,0,14,6,9,6,15.4253784802
31330,10473,11432,0,14,49,9,36,7.98395202055
31331,10473,11103,2,14,35,9,26,4.70341189005
31332,10473,11237,2,14,64,9,53,8.56662012792
31333,10473,10010,2,14,218,9,181,8.47314343475
31334,10473,10014,2,14,397,9,286,9.61246464068
31335,10473,10009,0,14,135,9,91,8.90115324216
31336,10473,10036,2,14,826,9,656,7.99785545924
31337,10473,11216,2,14,60,9,49,10.6204086599
31338,10473,11418,0,14,15,9,11,8.38787948162
31339,10473,11109,0,14,5,9,5,11.5495620924
31340,10473,11371,2,14,71,9,65,3.31480417512
31341,10473,10460,2,14,42,9,22,1.91270573502
31342,10473,10048,0,14,86,9,65,10.8927330739
31343,10473,10128,2,14,51,9,40,5.4208418638
31344,10473,11375,2,14,44,9,27,6.79573035789
31345,10473,10023,2,14,210,9,134,7.12693042308
31346,10473,11211,2,14,352,9,256,8.88522617659
31347,10473,10011,2,14,437,9,352,9.13486626355
31348,10473,10025,0,14,143,9,65,5.888531601
31349,10473,10032,2,14,65,9,28,4.59223898932
31350,10473,11232,2,14,125,9,24,13.5913044827
31351,10473,11377,2,14,46,9,33,5.72514855805
31352,10473,11361,2,14,19,9,11,5.86997343472
31353,10473,11206,0,14,90,9,63,9.14625771763
31354,10473,11430,2,14,187,9,143,12.0582496083
31355,10473,10021,2,14,62,9,45,6.34763500948
31356,10473,11201,2,14,234,9,176,10.9055623423
31357,10473,11238,0,14,109,9,64,10.9881943225
31358,10473,10016,2,14,162,9,110,7.97800401884
31359,10473,11218,2,14,26,9,19,13.4841094623
31360,10473,10301,2,14,45,9,32,17.852978396
31361,10473,10452,2,14,54,9,34,3.60487557695
31362,10473,10314,2,14,51,9,30,20.9800812925
31363,10473,10461,1,14,50,9,20,2.00428599837
31364,10473,11101,2,14,193,9,96,6.56984560974
31365,10473,10029,2,14,50,9,38,4.91684594426
31366,10473,10467,2,14,33,9,22,3.7491537659
31367,10473,11208,0,14,43,9,13,10.0889891392
31368,10473,10024,0,14,101,9,71,6.58037884798
31369,10473,10005,2,14,65,9,41,11.0410105519
31370,10473,10030,1,14,39,9,26,4.43396217282
31371,10473,10002,0,14,258,9,186,9.704162637
31372,10473,11385,1,14,56,9,31,8.16241417503
31373,10473,11220,2,14,38,9,23,14.7327187146
31374,10473,11215,2,14,123,9,95,12.3598682351
31375,10473,10038,2,14,174,9,85,10.6794626123
31376,10473,11217,0,14,92,9,71,11.2936396993
31377,10473,10462,2,14,104,9,58,1.63263849913
31378,10473,10040,2,14,80,9,27,4.58204893166
31379,10473,10457,2,14,28,9,16,2.84954841222
31380,10473,10017,2,14,277,9,161,7.50510343347
31381,10473,11433,2,14,18,9,12,9.21687089995
31382,10473,10308,0,14,8,9,8,23.9826585974
31383,10473,10468,2,14,52,9,30,3.96077226855
31384,10473,10111,0,14,15,9,13,7.45415321223
31385,10473,10309,2,14,23,9,15,27.2599229831
31386,10473,10034,1,14,68,9,33,4.66250704445
31387,10473,10028,2,14,89,9,53,5.76197637922
31388,10473,10035,2,14,65,9,32,4.06928314538
31389,10473,11228,1,14,10,9,8,16.0181679446
31390,10473,11105,0,14,25,9,19,3.97629145063
31391,10473,11355,2,14,26,9,18,5.1960752997
31392,10473,11209,2,14,49,9,28,16.1768462425
31393,10473,11213,0,14,35,9,20,10.9299471738
31394,10473,11369,2,14,12,9,8,3.88843515357
31395,10473,10031,1,14,64,9,45,4.74016860112
31396,10473,11221,0,14,120,9,61,9.46878841397
31397,10473,11212,0,14,12,9,10,11.1574820267
31398,10473,11233,0,14,74,9,34,10.2583912047
31399,10473,11368,2,14,62,9,41,4.9274572391
31400,10473,11205,0,14,37,9,31,10.2328593191
31401,10473,10069,0,14,14,9,8,7.51140673026
31402,10473,11203,0,14,39,9,8,12.3228953759
31403,10473,10459,1,14,16,9,8,1.86231001604
31404,10473,11219,0,14,6,9,4,14.7252630704
31405,10473,11434,2,14,32,9,16,10.8948310901
31406,10473,11230,0,14,11,9,5,14.580808206
31407,10473,11373,2,14,53,9,27,5.77611748661
31408,10473,11362,1,14,8,9,5,7.74239186851
31409,10473,10305,0,14,11,9,8,18.9246550428
31410,10473,11104,0,14,8,9,6,6.05573893695
31411,10473,10004,2,14,168,9,99,12.617226194
31412,10473,10275,0,14,13,9,7,6.72606636125
31413,10473,10118,0,14,4,9,3,8.2313931626
31414,10473,10026,0,14,57,9,43,5.13656438197
31415,10473,11235,1,14,19,9,14,16.8897535017
31416,10473,10469,0,14,44,9,12,3.51191599767
31417,10473,10281,0,14,31,9,24,10.8801488759
31418,10473,11223,0,14,10,9,7,16.3296718739
31419,10473,11379,2,14,33,9,13,7.15173032711
31420,10473,10465,3,14,37,9,16,2.2270215859
31421,10473,10455,0,14,20,9,11,2.56533381164
31422,10473,10466,0,14,16,9,11,5.03717142035
31423,10473,11239,0,14,4,9,2,11.9617494632
31424,10473,11207,2,14,86,9,31,10.3547121173
31425,10473,11367,2,14,35,9,17,6.50748618459
31426,10473,11106,0,14,21,9,19,5.44735568767
31427,10473,10471,2,14,19,9,15,6.14005486717
31428,10473,11234,0,14,50,9,15,14.1841078074
31429,10473,10167,0,14,11,9,4,7.5045204498
31430,10473,10453,1,14,21,9,16,3.66674924977
31431,10473,10451,2,14,20,9,12,3.32302956927
31432,10473,10033,2,14,86,9,31,4.49837926753
31433,10473,11354,2,14,38,9,25,3.91639223512
31434,10473,10463,2,14,36,9,16,5.01166271531
31435,10473,10169,0,14,4,9,4,7.56786237851
31436,10473,10456,2,14,21,9,12,2.71312467317
31437,10473,11420,0,14,8,9,7,10.2995802727
31438,10473,10153,0,14,6,9,5,7.06195772902
31439,10473,10307,0,14,6,9,3,29.4510680763
31440,10473,10306,0,14,17,9,8,21.918211652
31441,10473,10165,0,14,2,9,2,7.77390477371
31442,10473,10303,2,14,11,9,7,20.590834689
31443,10473,11224,0,14,22,9,13,18.0914513093
31444,10473,10304,0,14,8,9,5,18.9299397248
31445,10473,10458,2,14,34,9,31,3.5178652085
31446,10473,11414,2,14,13,9,7,11.0936283185
31447,10473,11204,0,14,9,9,8,15.2726992713
31448,10473,11372,1,14,16,9,11,4.90209920932
31449,10473,11357,0,14,9,9,6,3.50973930531
31450,10473,10044,0,14,9,9,8,6.12463417305
31451,10473,11229,2,14,27,9,14,15.7336411963
31452,10473,11236,1,14,15,9,9,12.5035738679
31453,10473,10302,2,14,5,9,5,19.5065853158
31454,10473,11422,0,14,11,9,8,12.571675623
31455,10473,10312,0,14,4,9,2,25.2787764746
31456,10473,10310,0,14,27,9,6,18.6237398935
31457,10473,11429,1,14,8,9,6,9.84128692509
31458,10473,10152,0,14,2,9,2,7.23840840009
31459,10473,11214,0,14,10,9,6,16.772821615
31460,10473,11435,2,14,41,9,23,8.56904235786
31461,10473,10039,2,14,8,9,7,4.13162851503
31462,10473,10121,0,14,1,9,1,8.43906522631
31463,10473,11413,2,14,14,9,7,11.69032684
31464,10473,10473,9,14,14,9,9,0.0
31465,10473,10454,2,14,19,9,10,3.12885424061
31466,10473,11416,2,14,5,9,5,9.34104742648
31467,10473,10280,0,14,5,9,3,11.322169526
31468,10473,11694,0,14,5,9,4,16.7114954249
31469,10473,11358,0,14,6,9,4,5.18305038936
31470,10473,11421,1,14,4,9,4,8.80785366338
31471,10473,11412,0,14,4,9,4,9.86491733171
31472,10473,10174,0,14,2,9,2,7.64499942058
31473,10473,11417,0,14,3,9,3,9.89398512759
31474,10473,11427,2,14,5,9,4,8.53108161257
31475,10473,11411,0,14,4,9,2,10.7773266433
31476,10473,11374,2,14,10,9,9,6.45736490065
31477,10473,10096,0,14,2,9,2,6.72606636125
31478,10473,10006,0,14,19,9,18,11.1333639898
31479,10473,10037,2,14,15,9,10,4.06417066288
31480,10473,11370,0,14,8,9,4,4.17259952612
31481,10473,10475,3,14,15,9,11,4.49789433211
31482,10473,11225,1,14,17,9,13,11.8651516422
31483,10473,10282,0,14,10,9,9,10.7405303124
31484,10473,11426,2,14,12,9,5,9.36641317129
31485,10473,11378,2,14,18,9,7,6.90807598418
31486,10473,10107,0,14,1,9,1,7.42072826359
31487,10473,11251,0,14,4,9,3,12.7911254034
31488,10473,11436,2,14,6,9,3,10.4806506444
31489,10473,11360,2,14,10,9,5,4.90209615953
31490,10473,11356,0,14,2,9,2,2.41716418543
31491,10473,10474,1,14,8,9,7,1.54438058469
31492,10473,11697,0,14,1,9,1,18.0187052208
31493,10473,10172,0,14,2,9,2,7.45858948144
31494,10473,11691,0,14,4,9,3,15.9528927209
31495,10473,10470,1,14,6,9,4,5.66704050713
31496,10473,11366,0,14,7,9,5,7.20219926659
31497,10473,10041,0,14,2,9,2,11.2422594147
31498,10473,10278,0,14,1,9,1,10.4016698133
31499,10473,10106,0,14,4,9,1,7.35648875358
31500,10473,11428,0,14,2,9,2,9.1830217056
31501,10473,10286,0,14,1,9,1,10.7787470976
31502,10473,10279,0,14,1,9,1,10.7042281472
31503,10473,10103,0,14,1,9,1,7.39553137717
31504,10473,10196,0,14,1,9,1,6.72606636125
31505,10473,10154,0,14,1,9,1,7.28203634313
31506,10473,10119,0,14,2,9,2,8.43694723767
31507,10473,10464,0,14,5,9,4,4.52529924927
31508,10473,10166,0,14,2,9,2,7.57028808042
31509,10473,10203,0,14,1,9,1,6.72606636125
31510,10473,11359,0,14,2,9,2,4.66282914272
31511,10473,10177,0,14,1,9,1,7.53373133227
31512,10473,11040,0,14,1,9,1,10.7862057488
31513,10473,11364,0,14,2,9,2,7.17643764211
31514,10473,11692,0,14,2,9,2,15.9155727371
31515,10473,11423,0,14,1,9,1,8.6248333615
31516,10473,11415,0,14,2,9,2,7.85237635964
31517,10473,10175,0,14,2,9,1,7.73341109176
31518,10454,10012,3,19,445,10,357,7.00096489898
31519,10454,11222,1,19,110,10,71,5.70820241237
31520,10454,11231,2,19,65,10,44,9.87390612307
31521,10454,10019,2,19,637,10,440,4.57532982007
31522,10454,11102,2,19,35,10,30,2.43281085776
31523,10454,10003,1,19,493,10,400,6.35515786487
31524,10454,10020,0,19,143,10,116,4.68054563306
31525,10454,10018,2,19,339,10,256,5.35445288777
31526,10454,10001,2,19,670,10,468,5.6781312738
31527,10454,11365,2,19,21,10,9,7.98794956372
31528,10454,10007,3,19,1780,10,1042,7.89787351707
31529,10454,10022,2,19,228,10,164,4.20282414635
31530,10454,10013,1,19,745,10,406,7.51265073778
31531,10454,10472,2,19,23,10,8,3.02179494017
31532,10454,11226,2,19,195,10,123,11.2793064949
31533,10454,10027,2,19,141,10,83,2.08149380785
31534,10454,11210,2,19,34,10,20,12.3794832282
31535,10454,11693,0,19,6,10,6,15.2864888564
31536,10454,11432,0,19,49,10,36,9.04557282807
31537,10454,11103,2,19,35,10,26,2.98047156167
31538,10454,11237,2,19,64,10,53,7.08316946399
31539,10454,10010,3,19,218,10,181,5.76570763958
31540,10454,10014,2,19,397,10,286,6.78161830414
31541,10454,10009,0,19,135,10,91,6.35022315105
31542,10454,10036,2,19,826,10,656,5.03035744679
31543,10454,11216,2,19,60,10,49,8.82551285121
31544,10454,11418,0,19,15,10,11,8.59108982216
31545,10454,11109,0,19,5,10,5,10.9312212336
31546,10454,11371,2,19,71,10,65,3.18389673748
31547,10454,10460,2,19,42,10,22,3.06137719073
31548,10454,10048,0,19,86,10,65,8.20563688784
31549,10454,10128,2,19,51,10,40,2.44116431616
31550,10454,11375,2,19,44,10,27,6.95832814044
31551,10454,10023,2,19,210,10,134,4.05418084743
31552,10454,11211,2,19,352,10,256,6.77759035505
31553,10454,10011,2,19,437,10,352,6.27954109411
31554,10454,10025,0,19,143,10,65,2.76611126415
31555,10454,10032,2,19,65,10,28,2.73723145947
31556,10454,11232,2,19,125,10,24,11.3641923208
31557,10454,11377,2,19,46,10,33,4.4031960168
31558,10454,11361,2,19,19,10,11,8.02927478185
31559,10454,11206,0,19,90,10,63,7.28502762178
31560,10454,11430,2,19,187,10,143,12.455482391
31561,10454,10021,2,19,62,10,45,3.47555347541
31562,10454,11201,2,19,234,10,176,8.53928461535
31563,10454,11238,0,19,109,10,64,9.01559771395
31564,10454,10016,2,19,162,10,110,5.23098613941
31565,10454,11218,2,19,26,10,19,11.5701812754
31566,10454,10301,2,19,45,10,32,15.2264246396
31567,10454,10452,2,19,54,10,34,2.28392875851
31568,10454,10314,2,19,51,10,30,18.2800222795
31569,10454,10461,1,19,50,10,20,4.82240440007
31570,10454,11101,2,19,193,10,96,4.3509044924
31571,10454,10029,2,19,50,10,38,1.83656049374
31572,10454,10467,2,19,33,10,22,5.19344312339
31573,10454,11208,0,19,43,10,13,9.48109277009
31574,10454,10024,0,19,101,10,71,3.46330841548
31575,10454,10005,2,19,65,10,41,8.4273991751
31576,10454,10030,1,19,39,10,26,1.65673181945
31577,10454,10002,1,19,258,10,186,7.17088721887
31578,10454,11385,1,19,56,10,31,7.20596767859
31579,10454,11220,2,19,38,10,23,12.4962078207
31580,10454,11215,2,19,123,10,95,10.2234245221
31581,10454,10038,2,19,174,10,85,8.07237482414
31582,10454,11217,0,19,92,10,71,9.13788263158
31583,10454,10462,2,19,104,10,58,3.92127397509
31584,10454,10040,2,19,80,10,27,3.69518323173
31585,10454,10457,2,19,28,10,16,2.96227636797
31586,10454,10017,2,19,277,10,161,4.73537234485
31587,10454,11433,2,19,18,10,12,10.1389307995
31588,10454,10308,0,19,8,10,8,21.4634025478
31589,10454,10468,2,19,52,10,30,4.31317212776
31590,10454,10111,0,19,15,10,13,4.56003124069
31591,10454,10309,2,19,23,10,15,24.6247053986
31592,10454,10034,1,19,68,10,33,4.26095810956
31593,10454,10028,2,19,89,10,53,2.82687932155
31594,10454,10035,2,19,65,10,32,0.940516114012
31595,10454,11228,1,19,10,10,8,13.9319963684
31596,10454,11105,0,19,25,10,19,2.20016324743
31597,10454,11355,2,19,26,10,18,6.40480437177
31598,10454,11209,2,19,49,10,28,13.9378203056
31599,10454,11213,0,19,35,10,20,9.36691257551
31600,10454,11369,2,19,12,10,8,3.82276005074
31601,10454,10031,1,19,64,10,45,2.20315826694
31602,10454,11221,0,19,120,10,61,7.93464059487
31603,10454,11212,0,19,12,10,10,9.92222309804
31604,10454,11233,0,19,74,10,34,8.90422320297
31605,10454,11368,2,19,62,10,41,5.07162813521
31606,10454,11205,0,19,37,10,31,8.12889967068
31607,10454,10069,0,19,14,10,8,4.42465263172
31608,10454,11203,0,19,39,10,8,10.8627888692
31609,10454,10459,1,19,16,10,8,1.80527174121
31610,10454,11219,0,19,6,10,4,12.6886770358
31611,10454,11434,2,19,32,10,16,11.7726323881
31612,10454,11230,0,19,11,10,5,12.8745897374
31613,10454,11373,2,19,53,10,27,5.22333483061
31614,10454,11362,1,19,8,10,5,10.1187543376
31615,10454,10305,0,19,11,10,8,16.5351021514
31616,10454,11104,0,19,8,10,6,4.29335764615
31617,10454,10004,2,19,168,10,99,9.85929106312
31618,10454,10275,0,19,13,10,7,3.63707780362
31619,10454,10118,0,19,4,10,3,5.38590486821
31620,10454,10026,1,19,57,10,43,2.02644808144
31621,10454,11235,1,19,19,10,14,15.4329403032
31622,10454,10469,0,19,44,10,12,5.63504854428
31623,10454,10281,0,19,31,10,24,8.15580506456
31624,10454,11223,0,19,10,10,7,14.6389657007
31625,10454,11379,2,19,33,10,13,6.50312347483
31626,10454,10465,2,19,37,10,16,5.35395186823
31627,10454,10455,0,19,20,10,11,0.79992237455
31628,10454,10466,0,19,16,10,11,6.89624151265
31629,10454,11239,0,19,4,10,2,11.2189122851
31630,10454,11207,2,19,86,10,31,9.39333153766
31631,10454,11367,2,19,35,10,17,7.29667232397
31632,10454,11106,0,19,21,10,19,3.13599136887
31633,10454,10471,2,19,19,10,15,6.57941615212
31634,10454,11234,0,19,50,10,15,12.934520436
31635,10454,10167,0,19,11,10,4,4.68040990334
31636,10454,10453,1,19,21,10,16,3.25379640547
31637,10454,10451,2,19,20,10,12,1.00063316034
31638,10454,10033,2,19,86,10,31,3.11116537909
31639,10454,11354,2,19,38,10,25,5.46023764123
31640,10454,10463,2,19,36,10,16,5.20385490763
31641,10454,10169,0,19,4,10,4,4.73951136319
31642,10454,10456,2,19,21,10,12,1.68525069359
31643,10454,11420,0,19,8,10,7,10.610522184
31644,10454,10153,0,19,6,10,5,4.15213501862
31645,10454,10307,0,19,6,10,3,26.800870289
31646,10454,10306,0,19,17,10,8,19.4568694105
31647,10454,10165,0,19,2,10,2,4.94724911598
31648,10454,10303,2,19,11,10,7,17.7571235094
31649,10454,11224,0,19,22,10,13,16.3160299084
31650,10454,10304,0,19,8,10,5,16.4308294405
31651,10454,10458,2,19,34,10,31,4.26614183557
31652,10454,11414,2,19,13,10,7,10.8946499561
31653,10454,11204,0,19,9,10,8,13.396190317
31654,10454,11372,1,19,16,10,11,4.20067979924
31655,10454,11357,0,19,9,10,6,5.80726908148
31656,10454,10044,0,19,9,10,8,3.47963353688
31657,10454,11229,2,19,27,10,14,14.3233778851
31658,10454,11236,1,19,15,10,9,11.435152481
31659,10454,10302,2,19,5,10,5,16.7336379493
31660,10454,11422,0,19,11,10,8,13.7240288136
31661,10454,10312,0,19,4,10,2,22.7053072159
31662,10454,10310,0,19,27,10,6,15.9156108658
31663,10454,11429,1,19,8,10,6,11.463925478
31664,10454,10152,0,19,2,10,2,4.39208307958
31665,10454,11214,0,19,10,10,6,14.8842045791
31666,10454,11435,2,19,41,10,23,9.19684405484
31667,10454,10039,2,19,8,10,7,1.77107000192
31668,10454,10121,0,19,1,10,1,5.55306703547
31669,10454,11413,2,19,14,10,7,12.7563885316
31670,10454,10473,2,19,14,10,9,3.12885424061
31671,10454,10454,10,19,19,10,10,0.0
31672,10454,11416,2,19,5,10,5,9.14522535268
31673,10454,10280,0,19,5,10,3,8.63552939549
31674,10454,11694,0,19,5,10,4,16.2446846711
31675,10454,11358,0,19,6,10,4,7.03947449815
31676,10454,11421,1,19,4,10,4,8.50532399031
31677,10454,11412,0,19,4,10,4,11.1374558384
31678,10454,10174,0,19,2,10,2,4.85631771232
31679,10454,11417,0,19,3,10,3,9.75165304616
31680,10454,11427,2,19,5,10,4,10.338201224
31681,10454,11411,0,19,4,10,2,12.2451794707
31682,10454,11374,2,19,10,10,9,6.30071163878
31683,10454,10096,0,19,2,10,2,3.63707780362
31684,10454,10006,0,19,19,10,18,8.4715738269
31685,10454,10037,2,19,15,10,10,1.16116930882
31686,10454,11370,0,19,8,10,4,3.25731299798
31687,10454,10475,3,19,15,10,11,6.90947992089
31688,10454,11225,1,19,17,10,13,10.0805740082
31689,10454,10282,0,19,10,10,9,8.00007529768
31690,10454,11426,2,19,12,10,5,11.4345548391
31691,10454,11378,2,19,18,10,7,5.69408666547
31692,10454,10107,0,19,1,10,1,4.42597546593
31693,10454,11251,0,19,4,10,3,11.2024931587
31694,10454,11436,2,19,6,10,3,11.0460390484
31695,10454,11360,2,19,10,10,5,7.3590609633
31696,10454,11356,0,19,2,10,2,4.06259090214
31697,10454,10474,1,19,8,10,7,1.587024675
31698,10454,11697,0,19,1,10,1,16.9651527162
31699,10454,10172,0,19,2,10,2,4.63099865686
31700,10454,11691,0,19,4,10,3,16.4203170389
31701,10454,10470,1,19,6,10,4,7.15129782146
31702,10454,11366,0,19,7,10,5,8.41522372731
31703,10454,10041,0,19,2,10,2,8.64126878583
31704,10454,10278,0,19,1,10,1,7.74194916553
31705,10454,10106,0,19,4,10,1,4.38406133594
31706,10454,11428,0,19,2,10,2,10.9322954865
31707,10454,10286,0,19,1,10,1,8.07701153641
31708,10454,10279,0,19,1,10,1,8.03406951642
31709,10454,10103,0,19,1,10,1,4.48255060607
31710,10454,10196,0,19,1,10,1,3.63707780362
31711,10454,10154,0,19,1,10,1,4.43961464716
31712,10454,10119,0,19,2,10,2,5.5341744974
31713,10454,10464,1,19,5,10,4,7.54253903425
31714,10454,10166,0,19,2,10,2,4.73908062567
31715,10454,10203,0,19,1,10,1,3.63707780362
31716,10454,11359,0,19,2,10,2,7.37551205287
31717,10454,10177,0,19,1,10,1,4.6950842661
31718,10454,11040,0,19,1,10,1,13.1882964091
31719,10454,11364,0,19,2,10,2,9.16350676482
31720,10454,11692,0,19,2,10,2,16.0058053176
31721,10454,11423,0,19,1,10,1,10.0188114468
31722,10454,11415,0,19,2,10,2,8.20680905879
31723,10454,10175,0,19,2,10,1,4.8788357545
31724,11416,10012,2,5,445,5,357,8.31248364524
31725,11416,11222,1,5,110,5,71,5.81742946089
31726,11416,11231,2,5,65,5,44,8.00325259185
31727,11416,10019,3,5,637,5,440,9.09875850873
31728,11416,11102,2,5,35,5,30,7.21663331132
31729,11416,10003,0,5,493,5,400,8.05231767878
31730,11416,10020,0,5,143,5,116,8.57789903885
31731,11416,10018,2,5,339,5,256,8.99802034724
31732,11416,10001,2,5,670,5,468,8.97764327193
31733,11416,11365,2,5,21,5,9,4.90958783551
31734,11416,10007,3,5,1780,5,1042,8.52134200426
31735,11416,10022,2,5,228,5,164,8.06451439098
31736,11416,10013,0,5,745,5,406,8.53623555153
31737,11416,10472,2,5,23,5,8,10.1954372452
31738,11416,11226,3,5,195,5,123,6.12070928424
31739,11416,10027,2,5,141,5,83,10.4816327808
31740,11416,11210,2,5,34,5,20,6.2950489068
31741,11416,11693,0,5,6,5,6,6.16991684213
31742,11416,11432,1,5,49,5,36,3.67544955468
31743,11416,11103,2,5,35,5,26,6.35166043397
31744,11416,11237,2,5,64,5,53,3.91006366031
31745,11416,10010,2,5,218,5,181,7.9144467055
31746,11416,10014,2,5,397,5,286,8.87945521971
31747,11416,10009,0,5,135,5,91,7.38574905094
31748,11416,10036,3,5,826,5,656,9.03263591411
31749,11416,11216,2,5,60,5,49,5.14866189619
31750,11416,11418,0,5,15,5,11,1.36472863075
31751,11416,11109,0,5,5,5,5,2.45149435869
31752,11416,11371,2,5,71,5,65,6.26211938819
31753,11416,10460,2,5,42,5,22,10.9919636885
31754,11416,10048,0,5,86,5,65,8.73504425297
31755,11416,10128,2,5,51,5,40,8.59560930996
31756,11416,11375,2,5,44,5,27,2.57997396124
31757,11416,10023,2,5,210,5,134,9.45587517565
31758,11416,11211,2,5,352,5,256,5.8103558393
31759,11416,10011,2,5,437,5,352,8.81695543648
31760,11416,10025,0,5,143,5,65,10.0707254967
31761,11416,10032,2,5,65,5,28,11.8682708885
31762,11416,11232,2,5,125,5,24,8.31262017512
31763,11416,11377,2,5,46,5,33,4.97760786899
31764,11416,11361,2,5,19,5,11,6.81587201869
31765,11416,11206,0,5,90,5,63,5.03689712114
31766,11416,11430,2,5,187,5,143,3.65452636198
31767,11416,10021,2,5,62,5,45,8.24211769994
31768,11416,11201,2,5,234,5,176,7.33550754116
31769,11416,11238,0,5,109,5,64,5.90154542504
31770,11416,10016,2,5,162,5,110,7.96809896502
31771,11416,11218,2,5,26,5,19,7.12299359125
31772,11416,10301,2,5,45,5,32,13.3067285978
31773,11416,10452,2,5,54,5,34,11.372566977
31774,11416,10314,3,5,51,5,30,16.3806528458
31775,11416,10461,1,5,50,5,20,11.032270624
31776,11416,11101,2,5,193,5,96,6.32844247339
31777,11416,10029,2,5,50,5,38,8.99599567512
31778,11416,10467,2,5,33,5,22,13.0774021128
31779,11416,11208,0,5,43,5,13,1.37700800836
31780,11416,10024,0,5,101,5,71,9.74094948151
31781,11416,10005,2,5,65,5,41,8.45932879707
31782,11416,10030,1,5,39,5,26,10.5122614611
31783,11416,10002,0,5,258,5,186,7.54690370792
31784,11416,11385,1,5,56,5,31,2.61815683657
31785,11416,11220,2,5,38,5,23,9.16045957835
31786,11416,11215,2,5,123,5,95,7.19101046549
31787,11416,10038,2,5,174,5,85,8.25675812323
31788,11416,11217,0,5,92,5,71,6.69955528593
31789,11416,10462,3,5,104,5,58,10.9713083605
31790,11416,10040,2,5,80,5,27,12.780164295
31791,11416,10457,2,5,28,5,16,11.5593962929
31792,11416,10017,2,5,277,5,161,7.97550144188
31793,11416,11433,2,5,18,5,12,3.43069654977
31794,11416,10308,0,5,8,5,8,18.2440197657
31795,11416,10468,2,5,52,5,30,12.9395417045
31796,11416,10111,0,5,15,5,13,8.49839621221
31797,11416,10309,2,5,23,5,15,21.8209654356
31798,11416,10034,1,5,68,5,33,13.2358432449
31799,11416,10028,2,5,89,5,53,8.44341873087
31800,11416,10035,2,5,65,5,32,9.30804290054
31801,11416,11228,1,5,10,5,8,9.6180409727
31802,11416,11105,0,5,25,5,19,6.99912304045
31803,11416,11355,2,5,26,5,18,4.84484175271
31804,11416,11209,2,5,49,5,28,10.2880749196
31805,11416,11213,0,5,35,5,20,4.50948270222
31806,11416,11369,2,5,12,5,8,5.59093732046
31807,11416,10031,1,5,64,5,45,11.1327294051
31808,11416,11221,0,5,120,5,61,4.03293621392
31809,11416,11212,0,5,12,5,10,3.61521053131
31810,11416,11233,0,5,74,5,34,3.61359657965
31811,11416,11368,2,5,62,5,41,4.42308195928
31812,11416,11205,0,5,37,5,31,6.08653311361
31813,11416,10069,0,5,14,5,8,9.72705314592
31814,11416,11203,0,5,39,5,8,4.94791731222
31815,11416,10459,1,5,16,5,8,10.0632796038
31816,11416,11219,0,5,6,5,4,8.43593835408
31817,11416,11434,2,5,32,5,16,4.11760313112
31818,11416,11230,0,5,11,5,5,7.29307281617
31819,11416,11373,2,5,53,5,27,3.92208924547
31820,11416,11362,1,5,8,5,5,8.09695386089
31821,11416,10305,0,5,11,5,8,13.1661274837
31822,11416,11104,0,5,8,5,6,5.53371710099
31823,11416,10004,2,5,168,5,99,10.0855075827
31824,11416,10275,0,5,13,5,7,9.46428660066
31825,11416,10118,0,5,4,5,3,8.46526021176
31826,11416,10026,0,5,57,5,43,9.90346891955
31827,11416,11235,1,5,19,5,14,8.64336548621
31828,11416,10469,0,5,44,5,12,12.7900920321
31829,11416,10281,0,5,31,5,24,8.91356713354
31830,11416,11223,0,5,10,5,7,8.69727954798
31831,11416,11379,2,5,33,5,13,2.72231832751
31832,11416,10465,2,5,37,5,16,9.97717190865
31833,11416,10455,0,5,20,5,11,9.61056806292
31834,11416,10466,0,5,16,5,11,14.3294664513
31835,11416,11239,0,5,4,5,2,2.99715865661
31836,11416,11207,2,5,86,5,31,2.46244392669
31837,11416,11367,2,5,35,5,17,3.47437161844
31838,11416,11106,0,5,21,5,19,6.90337405322
31839,11416,10471,2,5,19,5,15,15.2662504769
31840,11416,11234,0,5,50,5,15,5.83063138565
31841,11416,10167,0,5,11,5,4,8.19810952688
31842,11416,10453,1,5,21,5,16,12.1519653538
31843,11416,10451,2,5,20,5,12,10.1437837221
31844,11416,10033,2,5,86,5,31,12.2509220782
31845,11416,11354,3,5,38,5,25,5.99182250267
31846,11416,10463,2,5,36,5,16,13.9735370406
31847,11416,10169,0,5,4,5,4,8.22825900848
31848,11416,10456,2,5,21,5,12,10.5527586401
31849,11416,11420,0,5,8,5,7,2.01060376017
31850,11416,10153,0,5,6,5,5,8.49026878724
31851,11416,10307,0,5,6,5,3,23.9660487085
31852,11416,10306,0,5,17,5,8,16.1129398995
31853,11416,10165,0,5,2,5,2,8.26370419112
31854,11416,10303,2,5,11,5,7,16.8159476441
31855,11416,11224,0,5,22,5,13,10.4637284719
31856,11416,10304,0,5,8,5,5,13.6266589804
31857,11416,10458,2,5,34,5,31,12.6426643141
31858,11416,11414,3,5,13,5,7,1.7724254967
31859,11416,11204,0,5,9,5,8,8.34456053778
31860,11416,11372,1,5,16,5,11,4.94640393852
31861,11416,11357,0,5,9,5,6,7.30521539316
31862,11416,10044,0,5,9,5,8,7.52068140393
31863,11416,11229,2,5,27,5,14,7.51323868444
31864,11416,11236,1,5,15,5,9,4.06950237466
31865,11416,10302,2,5,5,5,5,15.4976449306
31866,11416,11422,0,5,11,5,8,6.21745071701
31867,11416,10312,0,5,4,5,2,19.6820711608
31868,11416,10310,0,5,27,5,6,14.3769319218
31869,11416,11429,1,5,8,5,6,6.10353438057
31870,11416,10152,0,5,2,5,2,8.24498316092
31871,11416,11214,0,5,10,5,6,9.62175378042
31872,11416,11435,2,5,41,5,23,2.41865370276
31873,11416,10039,2,5,8,5,7,10.8603211818
31874,11416,10121,0,5,1,5,1,8.7301225735
31875,11416,11413,2,5,14,5,7,5.27386564322
31876,11416,10473,2,5,14,5,9,9.34104742648
31877,11416,10454,2,5,19,5,10,9.14522535268
31878,11416,11416,5,5,5,5,5,0.0
31879,11416,10280,0,5,5,5,3,8.95359900747
31880,11416,11694,0,5,5,5,4,7.37188336962
31881,11416,11358,0,5,6,5,4,6.04007824711
31882,11416,11421,1,5,4,5,4,0.669673442423
31883,11416,11412,0,5,4,5,4,4.86544640594
31884,11416,10174,0,5,2,5,2,8.0758704547
31885,11416,11417,0,5,3,5,3,0.609856267809
31886,11416,11427,2,5,5,5,4,6.21063712514
31887,11416,11411,1,5,4,5,2,6.05853657837
31888,11416,11374,2,5,10,5,9,2.92694131681
31889,11416,10096,0,5,2,5,2,9.46428660066
31890,11416,10006,0,5,19,5,18,8.73347889277
31891,11416,10037,2,5,15,5,10,10.0435376736
31892,11416,11370,0,5,8,5,4,5.89179040895
31893,11416,10475,2,5,15,5,11,13.5339627978
31894,11416,11225,1,5,17,5,13,5.68257453502
31895,11416,10282,0,5,10,5,9,8.92564205334
31896,11416,11426,3,5,12,5,5,7.5791011293
31897,11416,11378,2,5,18,5,7,3.93680364886
31898,11416,10107,0,5,1,5,1,9.01284837038
31899,11416,11251,0,5,4,5,3,5.63246062516
31900,11416,11436,2,5,6,5,3,2.8770057934
31901,11416,11360,2,5,10,5,5,7.64691728907
31902,11416,11356,0,5,2,5,2,7.05797584758
31903,11416,10474,1,5,8,5,7,9.17473318522
31904,11416,11697,0,5,1,5,1,9.03794547584
31905,11416,10172,0,5,2,5,2,8.20438805296
31906,11416,11691,0,5,4,5,3,7.46589073269
31907,11416,10470,1,5,6,5,4,15.0062808581
31908,11416,11366,0,5,7,5,5,4.14284468983
31909,11416,10041,0,5,2,5,2,8.50213680893
31910,11416,10278,0,5,1,5,1,8.37342132345
31911,11416,10106,0,5,4,5,1,8.86809488787
31912,11416,11428,0,5,2,5,2,6.26008938919
31913,11416,10286,0,5,1,5,1,8.75065144062
31914,11416,10279,0,5,1,5,1,8.56177869919
31915,11416,10103,0,5,1,5,1,8.574388243
31916,11416,10196,0,5,1,5,1,9.46428660066
31917,11416,10154,0,5,1,5,1,8.23589917833
31918,11416,10119,0,5,2,5,2,8.81775550412
31919,11416,10464,0,5,5,5,4,12.4103779314
31920,11416,10166,0,5,2,5,2,8.2410235731
31921,11416,10203,0,5,1,5,1,9.46428660066
31922,11416,11359,0,5,2,5,2,8.48468072519
31923,11416,10177,0,5,1,5,1,8.26594616611
31924,11416,11040,0,5,1,5,1,9.89215474659
31925,11416,11364,0,5,2,5,2,6.45417809091
31926,11416,11692,0,5,2,5,2,6.86435708247
31927,11416,11423,0,5,1,5,1,4.80994697707
31928,11416,11415,0,5,2,5,2,1.95432610743
31929,11416,10175,0,5,2,5,1,8.37949503457
31930,10280,10012,0,5,445,3,357,1.63468375066
31931,10280,11222,0,5,110,3,71,4.00776834628
31932,10280,11231,0,5,65,3,44,2.13428112468
31933,10280,10019,0,5,637,3,440,4.36007366751
31934,10280,11102,0,5,35,3,30,6.58099156482
31935,10280,10003,0,5,493,3,400,2.28401673945
31936,10280,10020,0,5,143,3,116,4.04578986631
31937,10280,10018,0,5,339,3,256,3.52815867066
31938,10280,10001,0,5,670,3,468,3.18799191827
31939,10280,11365,0,5,21,3,9,12.0470594245
31940,10280,10007,0,5,1780,3,1042,0.749676727744
31941,10280,10022,0,5,228,3,164,4.43537444178
31942,10280,10013,0,5,745,3,406,1.1238254808
31943,10280,10472,0,5,23,3,8,11.5479885627
31944,10280,11226,0,5,195,3,123,5.3970738239
31945,10280,10027,0,5,141,3,83,7.97201438581
31946,10280,11210,0,5,34,3,20,6.67309991762
31947,10280,11693,0,5,6,3,6,12.9011652753
31948,10280,11432,0,5,49,3,36,11.7999699975
31949,10280,11103,0,5,35,3,26,6.79290240162
31950,10280,11237,0,5,64,3,53,5.1471025035
31951,10280,10010,0,5,218,3,181,2.87458337825
31952,10280,10014,0,5,397,3,286,1.991258426
31953,10280,10009,0,5,135,3,91,2.46190964478
31954,10280,10036,0,5,826,3,656,3.87256135364
31955,10280,11216,0,5,60,3,49,4.103097167
31956,10280,11418,0,5,15,3,11,9.69013810879
31957,10280,11109,0,5,5,3,5,8.63871890839
31958,10280,11371,0,5,71,3,65,8.71627594747
31959,10280,10460,0,5,42,3,22,11.6968958453
31960,10280,10048,0,5,86,3,65,0.4311576887
31961,10280,10128,0,5,51,3,40,6.2362115225
31962,10280,11375,0,5,44,3,27,9.07463516904
31963,10280,10023,0,5,210,3,134,5.07860376775
31964,10280,11211,0,5,352,3,256,3.35103959852
31965,10280,10011,0,5,437,3,352,2.49383366697
31966,10280,10025,0,5,143,3,65,6.80132117807
31967,10280,10032,0,5,65,3,28,10.0252349538
31968,10280,11232,0,5,125,3,24,3.65717029995
31969,10280,11377,0,5,46,3,33,6.4653405237
31970,10280,11361,0,5,19,3,11,13.3654572115
31971,10280,11206,0,5,90,3,63,3.94999733578
31972,10280,11430,0,5,187,3,143,12.312797221
31973,10280,10021,0,5,62,3,45,5.17205238023
31974,10280,11201,0,5,234,3,176,1.72706667274
31975,10280,11238,0,5,109,3,64,3.45952509833
31976,10280,10016,0,5,162,3,110,3.4045960747
31977,10280,11218,0,5,26,3,19,4.8662219112
31978,10280,10301,0,5,45,3,32,6.59100610529
31979,10280,10452,0,5,54,3,34,10.3505656741
31980,10280,10314,0,5,51,3,30,9.66773811237
31981,10280,10461,0,5,50,3,20,13.2711876081
31982,10280,11101,0,5,193,3,96,4.88986794818
31983,10280,10029,0,5,50,3,38,6.92726342726
31984,10280,10467,0,5,33,3,22,13.7807673731
31985,10280,11208,0,5,43,3,13,8.00151886472
31986,10280,10024,0,5,101,3,71,5.84976617003
31987,10280,10005,0,5,65,3,41,0.494346581934
31988,10280,10030,0,5,39,3,26,8.57459680594
31989,10280,10002,0,5,258,3,186,1.74688635053
31990,10280,11385,0,5,56,3,31,6.56830872654
31991,10280,11220,0,5,38,3,23,4.55754246987
31992,10280,11215,0,5,123,3,95,3.23465131013
31993,10280,10038,0,5,174,3,85,0.758486859836
31994,10280,11217,0,5,92,3,71,2.73366117744
31995,10280,10462,0,5,104,3,58,12.4949007268
31996,10280,10040,0,5,80,3,27,11.4380762628
31997,10280,10457,0,5,28,3,16,11.4652681198
31998,10280,10017,0,5,277,3,161,3.90026613214
31999,10280,11433,0,5,18,3,12,12.1258293752
32000,10280,10308,0,5,8,3,8,12.8474392818
32001,10280,10468,0,5,52,3,30,12.6515506469
32002,10280,10111,0,5,15,3,13,4.14478950607
32003,10280,10309,0,5,23,3,15,15.9924036607
32004,10280,10034,0,5,68,3,33,12.1854748221
32005,10280,10028,0,5,89,3,53,5.83519402973
32006,10280,10035,0,5,65,3,32,7.90134188621
32007,10280,11228,0,5,10,3,8,6.21185349974
32008,10280,11105,0,5,25,3,19,7.39088600484
32009,10280,11355,0,5,26,3,18,10.8097692485
32010,10280,11209,0,5,49,3,28,5.84216865014
32011,10280,11213,0,5,35,3,20,5.04530288901
32012,10280,11369,0,5,12,3,8,8.62402927336
32013,10280,10031,0,5,64,3,45,8.95728081486
32014,10280,11221,0,5,120,3,61,4.93045863644
32015,10280,11212,0,5,12,3,10,6.31681089921
32016,10280,11233,0,5,74,3,34,5.62086819416
32017,10280,11368,0,5,62,3,41,8.80424646457
32018,10280,11205,0,5,37,3,31,2.90523462098
32019,10280,10069,0,5,14,3,8,4.90671629835
32020,10280,11203,0,5,39,3,8,6.00576133469
32021,10280,10459,0,5,16,3,8,10.4375158221
32022,10280,11219,0,5,6,3,4,5.29830090789
32023,10280,11434,0,5,32,3,16,13.0680509548
32024,10280,11230,0,5,11,3,5,6.4718984115
32025,10280,11373,0,5,53,3,27,7.59810292495
32026,10280,11362,0,5,8,3,5,15.3657956871
32027,10280,10305,0,5,11,3,8,8.06472732116
32028,10280,11104,0,5,8,3,6,5.73742459618
32029,10280,10004,0,5,168,3,99,1.35304524188
32030,10280,10275,0,5,13,3,7,5.48772382101
32031,10280,10118,0,5,4,3,3,3.30420123712
32032,10280,10026,0,5,57,3,43,7.36753451035
32033,10280,11235,0,5,19,3,14,9.24332462819
32034,10280,10469,0,5,44,3,12,14.2690250655
32035,10280,10281,0,5,31,3,24,0.517156990219
32036,10280,11223,0,5,10,3,7,7.91364971328
32037,10280,11379,0,5,33,3,13,7.29868855222
32038,10280,10465,0,5,37,3,16,13.3039043282
32039,10280,10455,0,5,20,3,11,9.43371289673
32040,10280,10466,0,5,16,3,11,15.5079308513
32041,10280,11239,0,5,4,3,2,8.43216053903
32042,10280,11207,0,5,86,3,31,6.96375764413
32043,10280,11367,0,5,35,3,17,10.4113965381
32044,10280,11106,0,5,21,3,19,5.89054271012
32045,10280,10471,0,5,19,3,15,14.6268243702
32046,10280,11234,0,5,50,3,15,7.94889266296
32047,10280,10167,0,5,11,3,4,3.96918310709
32048,10280,10453,0,5,21,3,16,11.4710451619
32049,10280,10451,0,5,20,3,12,9.22558168285
32050,10280,10033,0,5,86,3,31,10.6743881116
32051,10280,11354,0,5,38,3,25,10.9485639043
32052,10280,10463,0,5,36,3,16,13.3037907996
32053,10280,10169,0,5,4,3,4,3.91361873406
32054,10280,10456,0,5,21,3,12,10.1958320099
32055,10280,11420,0,5,8,3,7,10.9411217182
32056,10280,10153,0,5,6,3,5,4.5483123532
32057,10280,10307,0,5,6,3,3,18.172729154
32058,10280,10306,0,5,17,3,8,10.882332462
32059,10280,10165,0,5,2,3,2,3.70983338732
32060,10280,10303,0,5,11,3,7,9.31089493569
32061,10280,11224,0,5,22,3,13,9.13421012577
32062,10280,10304,0,5,8,3,5,7.84779673933
32063,10280,10458,0,5,34,3,31,12.7547546991
32064,10280,11414,0,5,13,3,7,9.7811139687
32065,10280,11204,0,5,9,3,8,6.35058423428
32066,10280,11372,0,5,16,3,11,7.59999443574
32067,10280,11357,0,5,9,3,6,12.1670862555
32068,10280,10044,0,5,9,3,8,5.21788365229
32069,10280,11229,0,5,27,3,14,8.48321996149
32070,10280,11236,0,5,15,3,9,7.57083674799
32071,10280,10302,0,5,5,3,5,8.1895025141
32072,10280,11422,0,5,11,3,8,15.1675655603
32073,10280,10312,0,5,4,3,2,14.07212379
32074,10280,10310,0,5,27,3,6,7.306454216
32075,10280,11429,0,5,8,3,6,14.6382593549
32076,10280,10152,0,5,2,3,2,4.26329763679
32077,10280,11214,0,5,10,3,6,7.57110047089
32078,10280,11435,0,5,41,3,23,10.9313845782
32079,10280,10039,0,5,8,3,7,9.22101983822
32080,10280,10121,0,5,1,3,1,3.21221647998
32081,10280,11413,0,5,14,3,7,14.2270522926
32082,10280,10473,0,5,14,3,9,11.322169526
32083,10280,10454,0,5,19,3,10,8.63552939549
32084,10280,11416,0,5,5,3,5,8.95359900747
32085,10280,10280,3,5,5,3,3,0.0
32086,10280,11694,0,5,5,3,4,12.7308338593
32087,10280,11358,0,5,6,3,4,12.1980400879
32088,10280,11421,0,5,4,3,4,8.45529249215
32089,10280,11412,0,5,4,3,4,13.5838570566
32090,10280,10174,0,5,2,3,2,3.78248162538
32091,10280,11417,0,5,3,3,3,9.35172771254
32092,10280,11427,0,5,5,3,4,14.2466005175
32093,10280,11411,0,5,4,3,2,14.8435542529
32094,10280,11374,0,5,10,3,9,8.32549842392
32095,10280,10096,0,5,2,3,2,5.48772382101
32096,10280,10006,0,5,19,3,18,0.231959763392
32097,10280,10037,0,5,15,3,10,8.4713926758
32098,10280,11370,0,5,8,3,4,7.7021150537
32099,10280,10475,0,5,15,3,11,15.5278628369
32100,10280,11225,0,5,17,3,13,4.50672661886
32101,10280,10282,0,5,10,3,9,0.694475248832
32102,10280,11426,0,5,12,3,5,15.6712650774
32103,10280,11378,0,5,18,3,7,6.15056203339
32104,10280,10107,0,5,1,3,1,4.46558880436
32105,10280,11251,0,5,4,3,3,5.75621179268
32106,10280,11436,0,5,6,3,3,11.8294345126
32107,10280,11360,0,5,10,3,5,13.453670649
32108,10280,11356,0,5,2,3,2,10.6056618978
32109,10280,10474,0,5,8,3,7,9.99714653577
32110,10280,11697,0,5,1,3,1,11.6648877999
32111,10280,10172,0,5,2,3,2,4.01938859507
32112,10280,11691,0,5,4,3,3,15.4613434711
32113,10280,10470,0,5,6,3,4,15.6682399596
32114,10280,11366,0,5,7,3,5,11.7671927535
32115,10280,10041,0,5,2,3,2,0.507092695149
32116,10280,10278,0,5,1,3,1,0.923699345867
32117,10280,10106,0,5,4,3,1,4.44289179597
32118,10280,11428,0,5,2,3,2,14.5447793789
32119,10280,10286,0,5,1,3,1,0.560331335686
32120,10280,10279,0,5,1,3,1,0.619618870325
32121,10280,10103,0,5,1,3,1,4.24249471097
32122,10280,10196,0,5,1,3,1,5.48772382101
32123,10280,10154,0,5,1,3,1,4.21464975058
32124,10280,10119,0,5,2,3,2,3.26501096348
32125,10280,10464,0,5,5,3,4,15.8262536699
32126,10280,10166,0,5,2,3,2,3.91572586336
32127,10280,10203,0,5,1,3,1,5.48772382101
32128,10280,11359,0,5,2,3,2,13.9544299483
32129,10280,10177,0,5,1,3,1,3.96331623845
32130,10280,11040,0,5,1,3,1,17.9554141855
32131,10280,11364,0,5,2,3,2,13.804454474
32132,10280,11692,0,5,2,3,2,14.0968006957
32133,10280,11423,0,5,1,3,1,13.1120180832
32134,10280,11415,0,5,2,3,2,9.87560393349
32135,10280,10175,0,5,2,3,1,3.79840585
32136,11694,10012,0,5,445,4,357,13.0174478675
32137,11694,11222,0,5,110,4,71,11.5581163398
32138,11694,11231,0,5,65,4,44,10.7944942862
32139,11694,10019,0,5,637,4,440,14.9446809369
32140,11694,11102,0,5,35,4,30,14.0430301695
32141,11694,10003,0,5,493,4,400,13.1031442847
32142,11694,10020,0,5,143,4,116,14.3830240406
32143,11694,10018,0,5,339,4,256,14.5213040939
32144,11694,10001,0,5,670,4,468,14.3571057996
32145,11694,11365,0,5,21,4,9,11.5803593471
32146,11694,10007,1,5,1780,4,1042,12.717542624
32147,11694,10022,0,5,228,4,164,14.0871187153
32148,11694,10013,0,5,745,4,406,12.9602032447
32149,11694,10472,0,5,23,4,8,17.5564202733
32150,11694,11226,0,5,195,4,123,7.41345577212
32151,11694,10027,0,5,141,4,83,17.2516587348
32152,11694,11210,0,5,34,4,20,6.27204498602
32153,11694,11693,0,5,6,4,6,2.01912728886
32154,11694,11432,0,5,49,4,36,9.91283680418
32155,11694,11103,0,5,35,4,26,13.2954228239
32156,11694,11237,0,5,64,4,53,9.55198666749
32157,11694,10010,0,5,218,4,181,13.2658193944
32158,11694,10014,0,5,397,4,286,13.7199569914
32159,11694,10009,0,5,135,4,91,12.4779002155
32160,11694,10036,0,5,826,4,656,14.6941999383
32161,11694,11216,0,5,60,4,49,8.92276813935
32162,11694,11418,0,5,15,4,11,8.4479426643
32163,11694,11109,0,5,5,4,5,5.31389335223
32164,11694,11371,0,5,71,4,65,13.5747584276
32165,11694,10460,0,5,42,4,22,18.3311529698
32166,11694,10048,0,5,86,4,65,12.7594504018
32167,11694,10128,0,5,51,4,40,15.1743212967
32168,11694,11375,0,5,44,4,27,9.93958686317
32169,11694,10023,0,5,210,4,134,15.5074787794
32170,11694,11211,0,5,352,4,256,10.9182794919
32171,11694,10011,0,5,437,4,352,13.908160363
32172,11694,10025,0,5,143,4,65,16.5833058197
32173,11694,10032,0,5,65,4,28,18.8910115648
32174,11694,11232,0,5,125,4,24,9.89359756465
32175,11694,11377,0,5,46,4,33,11.8588869613
32176,11694,11361,0,5,19,4,11,13.4449228841
32177,11694,11206,0,5,90,4,63,10.0352489713
32178,11694,11430,0,5,187,4,143,5.78250547939
32179,11694,10021,0,5,62,4,45,14.5184246048
32180,11694,11201,0,5,234,4,176,11.0814589076
32181,11694,11238,0,5,109,4,64,9.37742014393
32182,11694,10016,0,5,162,4,110,13.5658817902
32183,11694,11218,0,5,26,4,19,8.23935602167
32184,11694,10301,0,5,45,4,32,13.5439994225
32185,11694,10452,0,5,54,4,34,18.5211932841
32186,11694,10314,0,5,51,4,30,15.8055365464
32187,11694,10461,0,5,50,4,20,18.3901530298
32188,11694,11101,0,5,193,4,96,12.6112846925
32189,11694,10029,0,5,50,4,38,15.718715575
32190,11694,10467,0,5,33,4,22,20.4423096519
32191,11694,11208,0,5,43,4,13,6.76793975887
32192,11694,10024,0,5,101,4,71,16.0097900536
32193,11694,10005,0,5,65,4,41,12.321692195
32194,11694,10030,0,5,39,4,26,17.4251792543
32195,11694,10002,0,5,258,4,186,12.166851565
32196,11694,11385,0,5,56,4,31,9.05759172414
32197,11694,11220,0,5,38,4,23,9.93105325602
32198,11694,11215,0,5,123,4,95,9.61167107962
32199,11694,10038,0,5,174,4,85,12.331561099
32200,11694,11217,0,5,92,4,71,10.0123302513
32201,11694,10462,0,5,104,4,58,18.3425013945
32202,11694,10040,0,5,80,4,27,19.9359467797
32203,11694,10457,0,5,28,4,16,18.8424782675
32204,11694,10017,0,5,277,4,161,13.7889959642
32205,11694,11433,0,5,18,4,12,8.86115437841
32206,11694,10308,0,5,8,4,8,16.0788674212
32207,11694,10468,0,5,52,4,30,20.2378669505
32208,11694,10111,0,5,15,4,13,14.3543084029
32209,11694,10309,0,5,23,4,15,19.5221129371
32210,11694,10034,0,5,68,4,33,20.4511179498
32211,11694,10028,0,5,89,4,53,14.9174056989
32212,11694,10035,0,5,65,4,32,16.2347362196
32213,11694,11228,0,5,10,4,8,9.10292671927
32214,11694,11105,0,5,25,4,19,14.045726813
32215,11694,11355,0,5,26,4,18,12.0244784236
32216,11694,11209,0,5,49,4,28,10.11615987
32217,11694,11213,0,5,35,4,20,7.97344622399
32218,11694,11369,0,5,12,4,8,12.9175755947
32219,11694,10031,0,5,64,4,45,18.0374331221
32220,11694,11221,0,5,120,4,61,8.94440868295
32221,11694,11212,0,5,12,4,10,6.85834679073
32222,11694,11233,0,5,74,4,34,7.88148154408
32223,11694,11368,0,5,62,4,41,11.7874056319
32224,11694,11205,1,5,37,4,31,10.2231116286
32225,11694,10069,0,5,14,4,8,15.6585731988
32226,11694,11203,0,5,39,4,8,6.74115059496
32227,11694,10459,0,5,16,4,8,17.3469886312
32228,11694,11219,0,5,6,4,4,8.73942310984
32229,11694,11434,0,5,32,4,16,7.83858652107
32230,11694,11230,0,5,11,4,5,6.94270183205
32231,11694,11373,0,5,53,4,27,11.1302276206
32232,11694,11362,0,5,8,4,5,13.9878513549
32233,11694,10305,0,5,11,4,8,12.0845561216
32234,11694,11104,0,5,8,4,6,12.1531157423
32235,11694,10004,0,5,168,4,99,13.2544015471
32236,11694,10275,0,5,13,4,7,15.6610785344
32237,11694,10118,0,5,4,4,3,13.9725108372
32238,11694,10026,0,5,57,4,43,16.6087034235
32239,11694,11235,0,5,19,4,14,5.44117543832
32240,11694,10469,0,5,44,4,12,20.1592506308
32241,11694,10281,0,5,31,4,24,12.9847848717
32242,11694,11223,1,5,10,4,7,6.7471791594
32243,11694,11379,0,5,33,4,13,9.77447278886
32244,11694,10465,0,5,37,4,16,17.2684111321
32245,11694,10455,0,5,20,4,11,16.7994638335
32246,11694,10466,0,5,16,4,11,21.6985295177
32247,11694,11239,0,5,4,4,2,5.07263822538
32248,11694,11207,0,5,86,4,31,6.96619748372
32249,11694,11367,0,5,35,4,17,10.5837249148
32250,11694,11106,0,5,21,4,19,13.5452008456
32251,11694,10471,0,5,19,4,15,22.57349089
32252,11694,11234,1,5,50,4,15,4.8719131162
32253,11694,10167,0,5,11,4,4,14.0190535556
32254,11694,10453,0,5,21,4,16,19.3831374098
32255,11694,10451,0,5,20,4,12,17.2410452824
32256,11694,10033,0,5,86,4,31,19.3442120904
32257,11694,11354,0,5,38,4,25,13.2639993309
32258,11694,10463,0,5,36,4,16,21.2547249437
32259,11694,10169,0,5,4,4,4,14.0229616895
32260,11694,10456,0,5,21,4,12,17.7649414819
32261,11694,11420,0,5,8,4,7,6.88791271109
32262,11694,10153,0,5,6,4,5,14.5051722045
32263,11694,10307,0,5,6,4,3,21.4037620163
32264,11694,10306,0,5,17,4,8,14.2481751445
32265,11694,10165,0,5,2,4,2,13.9690596037
32266,11694,10303,0,5,11,4,7,16.9738204307
32267,11694,11224,0,5,22,4,13,7.60301097729
32268,11694,10304,0,5,8,4,5,12.9483570454
32269,11694,10458,0,5,34,4,31,19.9700991955
32270,11694,11414,0,5,13,4,7,5.64117460168
32271,11694,11204,0,5,9,4,8,7.80365019888
32272,11694,11372,0,5,16,4,11,12.1402544674
32273,11694,11357,0,5,9,4,6,14.4879380533
32274,11694,10044,0,5,9,4,8,13.8873063124
32275,11694,11229,0,5,27,4,14,5.18674601452
32276,11694,11236,0,5,15,4,9,5.32202899499
32277,11694,10302,0,5,5,4,5,15.7073567478
32278,11694,11422,0,5,11,4,8,8.36506110649
32279,11694,10312,0,5,4,4,2,17.4698750308
32280,11694,10310,0,5,27,4,6,14.6228465759
32281,11694,11429,0,5,8,4,6,10.7573810632
32282,11694,10152,0,5,2,4,2,14.1798551886
32283,11694,11214,0,5,10,4,6,7.98510299305
32284,11694,11435,0,5,41,4,23,8.75014160012
32285,11694,10039,0,5,8,4,7,17.8641767116
32286,11694,10121,0,5,1,4,1,14.1611288261
32287,11694,11413,0,5,14,4,7,8.1929225069
32288,11694,10473,0,5,14,4,9,16.7114954249
32289,11694,10454,0,5,19,4,10,16.2446846711
32290,11694,11416,0,5,5,4,5,7.37188336962
32291,11694,10280,0,5,5,4,3,12.7308338593
32292,11694,11694,4,5,5,4,4,0.0
32293,11694,11358,0,5,6,4,4,12.9791321386
32294,11694,11421,0,5,4,4,4,7.91379327452
32295,11694,11412,0,5,4,4,4,9.51983172157
32296,11694,10174,0,5,2,4,2,13.8306760474
32297,11694,11417,0,5,3,4,3,6.83536972229
32298,11694,11427,0,5,5,4,4,11.7011254088
32299,11694,11411,0,5,4,4,2,9.97817822243
32300,11694,11374,0,5,10,4,9,10.2688538264
32301,11694,10096,0,5,2,4,2,15.6610785344
32302,11694,10006,0,5,19,4,18,12.5914316941
32303,11694,10037,0,5,15,4,10,17.0006854633
32304,11694,11370,0,5,8,4,4,13.0701491354
32305,11694,10475,0,5,15,4,11,20.8723360564
32306,11694,11225,0,5,17,4,13,8.22903314185
32307,11694,10282,0,5,10,4,9,13.0915120932
32308,11694,11426,0,5,12,4,5,12.6265828044
32309,11694,11378,0,5,18,4,7,10.5944570511
32310,11694,10107,0,5,1,4,1,14.9151720298
32311,11694,11251,0,5,4,4,3,6.99088931809
32312,11694,11436,0,5,6,4,3,7.2394867503
32313,11694,11360,0,5,10,4,5,14.5048150311
32314,11694,11356,0,5,2,4,2,14.4206647523
32315,11694,10474,0,5,8,4,7,16.4709885649
32316,11694,11697,0,5,1,4,1,3.4363948238
32317,11694,10172,0,5,2,4,2,14.0453168899
32318,11694,11691,0,5,4,4,3,4.88520102238
32319,11694,10470,0,5,6,4,4,22.3776581426
32320,11694,11366,0,5,7,4,5,10.6839321235
32321,11694,10041,0,5,2,4,2,12.22907538
32322,11694,10278,0,5,1,4,1,12.6554415479
32323,11694,10106,0,5,4,4,1,14.7860089829
32324,11694,11428,0,5,2,4,2,11.359221324
32325,11694,10286,0,5,1,4,1,12.8550045713
32326,11694,10279,0,5,1,4,1,12.6779692871
32327,11694,10103,0,5,1,4,1,14.4587025476
32328,11694,10196,0,5,1,4,1,15.6610785344
32329,11694,10154,0,5,1,4,1,14.1524161967
32330,11694,10119,0,5,2,4,2,14.2582568888
32331,11694,10464,0,5,5,4,4,19.5965354705
32332,11694,10166,0,5,2,4,2,14.0352092264
32333,11694,10203,0,5,1,4,1,15.6610785344
32334,11694,11359,0,5,2,4,2,15.3771104284
32335,11694,10177,0,5,1,4,1,14.0770268254
32336,11694,11040,0,5,1,4,1,14.4922087098
32337,11694,11364,0,5,2,4,2,12.6094005808
32338,11694,11692,0,5,2,4,2,2.93880185659
32339,11694,11423,0,5,1,4,1,10.3729703515
32340,11694,11415,0,5,2,4,2,9.04546142288
32341,11694,10175,0,5,2,4,1,14.1089378623
32342,11358,10012,0,6,445,4,357,10.8774708185
32343,11358,11222,0,6,110,4,71,8.19207481507
32344,11358,11231,0,6,65,4,44,12.2163912515
32345,11358,10019,0,6,637,4,440,9.94769047904
32346,11358,11102,0,6,35,4,30,6.7823784285
32347,11358,10003,0,6,493,4,400,10.3230925534
32348,11358,10020,0,6,143,4,116,9.66137803752
32349,11358,10018,0,6,339,4,256,10.3564774481
32350,11358,10001,1,6,670,4,468,10.5375002057
32351,11358,11365,0,6,21,4,9,1.50121951058
32352,11358,10007,0,6,1780,4,1042,11.5205672974
32353,11358,10022,0,6,228,4,164,8.98321365466
32354,11358,10013,0,6,745,4,406,11.3157052318
32355,11358,10472,0,6,23,4,8,6.13537355578
32356,11358,11226,0,6,195,4,123,11.5471012908
32357,11358,10027,0,6,141,4,83,9.07598028375
32358,11358,11210,0,6,34,4,20,12.05211532
32359,11358,11693,0,6,6,4,6,11.3543813685
32360,11358,11432,0,6,49,4,36,3.20376810655
32361,11358,11103,0,6,35,4,26,6.02504881678
32362,11358,11237,0,6,64,4,53,7.60231910068
32363,11358,10010,0,6,218,4,181,9.8690782372
32364,11358,10014,0,6,397,4,286,11.1218652132
32365,11358,10009,0,6,135,4,91,9.85266899392
32366,11358,10036,0,6,826,4,656,10.1827676435
32367,11358,11216,0,6,60,4,49,9.71321588438
32368,11358,11418,0,6,15,4,11,4.71226918077
32369,11358,11109,0,6,5,4,5,8.49047297988
32370,11358,11371,0,6,71,4,65,4.21899495101
32371,11358,10460,0,6,42,4,22,7.09310989664
32372,11358,10048,0,6,86,4,65,11.827115526
32373,11358,10128,0,6,51,4,40,8.22620075422
32374,11358,11375,0,6,44,4,27,3.79699445935
32375,11358,10023,0,6,210,4,134,9.85498473859
32376,11358,11211,0,6,352,4,256,8.94829653152
32377,11358,10011,0,6,437,4,352,10.7893406809
32378,11358,10025,0,6,143,4,65,9.39434666223
32379,11358,10032,0,6,65,4,28,9.42038177269
32380,11358,11232,0,6,125,4,24,13.1133580472
32381,11358,11377,1,6,46,4,33,5.77876147945
32382,11358,11361,1,6,19,4,11,1.1790848154
32383,11358,11206,0,6,90,4,63,8.68666020525
32384,11358,11430,0,6,187,4,143,7.59048193742
32385,11358,10021,0,6,62,4,45,8.63875303266
32386,11358,11201,0,6,234,4,176,11.0838706543
32387,11358,11238,0,6,109,4,64,10.3499992719
32388,11358,10016,0,6,162,4,110,9.5736660772
32389,11358,11218,0,6,26,4,19,12.3779837342
32390,11358,10301,0,6,45,4,32,18.0052535076
32391,11358,10452,0,6,54,4,34,8.54053129981
32392,11358,10314,0,6,51,4,30,21.1963789152
32393,11358,10461,0,6,50,4,20,6.09848371178
32394,11358,11101,0,6,193,4,96,7.57393494737
32395,11358,10029,0,6,50,4,38,8.13637744423
32396,11358,10467,0,6,33,4,22,8.61395732197
32397,11358,11208,0,6,43,4,13,7.26800152974
32398,11358,10024,0,6,101,4,71,9.6595942975
32399,11358,10005,0,6,65,4,41,11.7689638182
32400,11358,10030,0,6,39,4,26,8.69279534796
32401,11358,10002,0,6,258,4,186,10.4579808441
32402,11358,11385,0,6,56,4,31,6.44177997994
32403,11358,11220,0,6,38,4,23,14.1611648184
32404,11358,11215,0,6,123,4,95,11.8391960101
32405,11358,10038,0,6,174,4,85,11.4438865634
32406,11358,11217,0,6,92,4,71,10.9677989846
32407,11358,10462,0,6,104,4,58,6.51800454994
32408,11358,10040,0,6,80,4,27,9.7001447086
32409,11358,10457,0,6,28,4,16,8.01736230861
32410,11358,10017,0,6,277,4,161,9.26289744694
32411,11358,11433,0,6,18,4,12,4.43904321281
32412,11358,10308,0,6,8,4,8,23.5808094479
32413,11358,10468,0,6,52,4,30,9.12542801553
32414,11358,10111,0,6,15,4,13,9.53025638109
32415,11358,10309,0,6,23,4,15,27.0874033066
32416,11358,10034,0,6,68,4,33,9.84003669867
32417,11358,10028,0,6,89,4,53,8.3634292279
32418,11358,10035,0,6,65,4,32,7.76786917359
32419,11358,11228,0,6,10,4,8,15.0165576827
32420,11358,11105,0,6,25,4,19,5.95858591216
32421,11358,11355,0,6,26,4,18,1.44076455461
32422,11358,11209,0,6,49,4,28,15.4900205916
32423,11358,11213,0,6,35,4,20,9.54286494454
32424,11358,11369,0,6,12,4,8,3.90633759937
32425,11358,10031,0,6,64,4,45,9.20005363018
32426,11358,11221,0,6,120,4,61,8.34324054022
32427,11358,11212,0,6,12,4,10,9.15860496986
32428,11358,11233,0,6,74,4,34,8.63707856097
32429,11358,11368,1,6,62,4,41,3.39561036839
32430,11358,11205,0,6,37,4,31,9.98979682227
32431,11358,10069,0,6,14,4,8,10.2496538084
32432,11358,11203,0,6,39,4,8,10.5284883834
32433,11358,10459,0,6,16,4,8,6.78367202505
32434,11358,11219,0,6,6,4,4,13.7336095042
32435,11358,11434,0,6,32,4,16,6.03552004712
32436,11358,11230,0,6,11,4,5,12.9634494901
32437,11358,11373,0,6,53,4,27,4.61806145125
32438,11358,11362,0,6,8,4,5,3.30075828743
32439,11358,10305,0,6,11,4,8,18.4079455725
32440,11358,11104,0,6,8,4,6,6.57585539354
32441,11358,10004,0,6,168,4,99,13.5411913467
32442,11358,10275,0,6,13,4,7,9.6005256539
32443,11358,10118,0,6,4,4,3,10.019580037
32444,11358,10026,0,6,57,4,43,8.81619726043
32445,11358,11235,0,6,19,4,14,14.6359618519
32446,11358,10469,0,6,44,4,12,7.92941843955
32447,11358,10281,0,6,31,4,24,11.9142138148
32448,11358,11223,0,6,10,4,7,14.5322782797
32449,11358,11379,0,6,33,4,13,5.3350618923
32450,11358,10465,0,6,37,4,16,4.63720511234
32451,11358,10455,0,6,20,4,11,6.97669444061
32452,11358,10466,0,6,16,4,11,9.38713442424
32453,11358,11239,0,6,4,4,2,9.03553405166
32454,11358,11207,0,6,86,4,31,8.05013336851
32455,11358,11367,0,6,35,4,17,2.57191784642
32456,11358,11106,0,6,21,4,19,7.10220025941
32457,11358,10471,0,6,19,4,15,11.1972962242
32458,11358,11234,0,6,50,4,15,11.8063751222
32459,11358,10167,0,6,11,4,4,9.39136293543
32460,11358,10453,0,6,21,4,16,8.81703376797
32461,11358,10451,0,6,20,4,12,7.77701256051
32462,11358,10033,0,6,86,4,31,9.49061279131
32463,11358,11354,1,6,38,4,25,1.59796776111
32464,11358,10463,0,6,36,4,16,10.1633914854
32465,11358,10169,0,6,4,4,4,9.45076086546
32466,11358,10456,0,6,21,4,12,7.5854141436
32467,11358,11420,0,6,8,4,7,6.10584766644
32468,11358,10153,0,6,6,4,5,9.26617911537
32469,11358,10307,0,6,6,4,3,29.2733588964
32470,11358,10306,0,6,17,4,8,21.4404719582
32471,11358,10165,0,6,2,4,2,9.60722239039
32472,11358,10303,0,6,11,4,7,21.2564034499
32473,11358,11224,0,6,22,4,13,16.3307263009
32474,11358,10304,0,6,8,4,5,18.6842534334
32475,11358,10458,0,6,34,4,31,8.64653786284
32476,11358,11414,0,6,13,4,7,7.48166797043
32477,11358,11204,0,6,9,4,8,13.9131038193
32478,11358,11372,0,6,16,4,11,4.68360492108
32479,11358,11357,0,6,9,4,6,1.78859664219
32480,11358,10044,0,6,9,4,8,8.03092724223
32481,11358,11229,0,6,27,4,14,13.4867276247
32482,11358,11236,0,6,15,4,9,10.0213300105
32483,11358,10302,0,6,5,4,5,20.0125689538
32484,11358,11422,0,6,11,4,8,7.48094038854
32485,11358,10312,0,6,4,4,2,24.9836623272
32486,11358,10310,0,6,27,4,6,18.9700012908
32487,11358,11429,0,6,8,4,6,4.65837734644
32488,11358,10152,0,6,2,4,2,9.24120096866
32489,11358,11214,0,6,10,4,6,15.3165895623
32490,11358,11435,0,6,41,4,23,4.23336551233
32491,11358,10039,0,6,8,4,7,8.67108927509
32492,11358,10121,0,6,1,4,1,10.2998393898
32493,11358,11413,0,6,14,4,7,6.66384860188
32494,11358,10473,0,6,14,4,9,5.18305038936
32495,11358,10454,0,6,19,4,10,7.03947449815
32496,11358,11416,0,6,5,4,5,6.04007824711
32497,11358,10280,0,6,5,4,3,12.1980400879
32498,11358,11694,0,6,5,4,4,12.9791321386
32499,11358,11358,4,6,6,4,4,0.0
32500,11358,11421,0,6,4,4,4,5.80921740348
32501,11358,11412,0,6,4,4,4,4.77471266224
32502,11358,10174,0,6,2,4,2,9.41438157953
32503,11358,11417,0,6,3,4,3,6.39625068304
32504,11358,11427,0,6,5,4,4,3.37472504118
32505,11358,11411,0,6,4,4,2,5.60444535355
32506,11358,11374,0,6,10,4,9,4.19345442131
32507,11358,10096,0,6,2,4,2,9.6005256539
32508,11358,10006,0,6,19,4,18,11.9697199205
32509,11358,10037,0,6,15,4,10,8.20063389783
32510,11358,11370,0,6,8,4,4,4.95586749158
32511,11358,10475,0,6,15,4,11,8.28592079343
32512,11358,11225,0,6,17,4,13,10.7263274373
32513,11358,10282,0,6,10,4,9,11.836810677
32514,11358,11426,0,6,12,4,5,4.3950902779
32515,11358,11378,0,6,18,4,7,6.13281315486
32516,11358,10107,0,6,1,4,1,9.79898354357
32517,11358,11251,0,6,4,4,3,11.1616450361
32518,11358,11436,0,6,6,4,3,5.9602733103
32519,11358,11360,1,6,10,4,5,1.6091784715
32520,11358,11356,0,6,2,4,2,3.03000833899
32521,11358,10474,0,6,8,4,7,6.01766324129
32522,11358,11697,0,6,1,4,1,15.0416660721
32523,11358,10172,0,6,2,4,2,9.36443774506
32524,11358,11691,0,6,4,4,3,11.2396872823
32525,11358,10470,0,6,6,4,4,10.2436471535
32526,11358,11366,0,6,7,4,5,2.37335724595
32527,11358,10041,0,6,2,4,2,11.9111493729
32528,11358,10278,0,6,1,4,1,11.3376636937
32529,11358,10106,0,6,4,4,1,9.67592766058
32530,11358,11428,0,6,2,4,2,4.01407294707
32531,11358,10286,0,6,1,4,1,11.7670250729
32532,11358,10279,0,6,1,4,1,11.6217239505
32533,11358,10103,0,6,1,4,1,9.53500797904
32534,11358,10196,0,6,1,4,1,9.6005256539
32535,11358,10154,0,6,1,4,1,9.26504241335
32536,11358,10119,0,6,2,4,2,10.3465285065
32537,11358,10464,0,6,5,4,4,6.66885173614
32538,11358,10166,0,6,2,4,2,9.45969615943
32539,11358,10203,0,6,1,4,1,9.6005256539
32540,11358,11359,1,6,2,4,2,2.44790363143
32541,11358,10177,0,6,1,4,1,9.44977475069
32542,11358,11040,0,6,1,4,1,6.26755222502
32543,11358,11364,0,6,2,4,2,2.12403706608
32544,11358,11692,0,6,2,4,2,11.5635550743
32545,11358,11423,0,6,1,4,1,3.5115464965
32546,11358,11415,0,6,2,4,2,4.09891445385
32547,11358,10175,0,6,2,4,1,9.64635808123
32548,11421,10012,1,4,445,4,357,7.74272225848
32549,11421,11222,1,4,110,4,71,5.19571630209
32550,11421,11231,1,4,65,4,44,7.62323517566
32551,11421,10019,2,4,637,4,440,8.44627808649
32552,11421,11102,1,4,35,4,30,6.55106407218
32553,11421,10003,0,4,493,4,400,7.45769021728
32554,11421,10020,0,4,143,4,116,7.92944314049
32555,11421,10018,1,4,339,4,256,8.36290442911
32556,11421,10001,1,4,670,4,468,8.35142948998
32557,11421,11365,1,4,21,4,9,4.80613835361
32558,11421,10007,1,4,1780,4,1042,7.99256082966
32559,11421,10022,1,4,228,4,164,7.40785452555
32560,11421,10013,0,4,745,4,406,7.98721237684
32561,11421,10472,1,4,23,4,8,9.64335948912
32562,11421,11226,1,4,195,4,123,6.00117596702
32563,11421,10027,1,4,141,4,83,9.81755149487
32564,11421,11210,1,4,34,4,20,6.31402431151
32565,11421,11693,0,4,6,4,6,6.78859530267
32566,11421,11432,0,4,49,4,36,3.77420148651
32567,11421,11103,1,4,35,4,26,5.6906003581
32568,11421,11237,1,4,64,4,53,3.35037304589
32569,11421,10010,1,4,218,4,181,7.29854244212
32570,11421,10014,1,4,397,4,286,8.29209871456
32571,11421,10009,0,4,135,4,91,6.79622485371
32572,11421,10036,1,4,826,4,656,8.3895769753
32573,11421,11216,1,4,60,4,49,4.78023846113
32574,11421,11418,0,4,15,4,11,1.39620737006
32575,11421,11109,0,4,5,4,5,2.80302341926
32576,11421,11371,1,4,71,4,65,5.67219039016
32577,11421,10460,1,4,42,4,22,10.4205403135
32578,11421,10048,0,4,86,4,65,8.21812480389
32579,11421,10128,1,4,51,4,40,7.92607019591
32580,11421,11375,1,4,44,4,27,2.14897493847
32581,11421,10023,1,4,210,4,134,8.79427723338
32582,11421,11211,1,4,352,4,256,5.24920321883
32583,11421,10011,1,4,437,4,352,8.21152371658
32584,11421,10025,0,4,143,4,65,9.40114214808
32585,11421,10032,1,4,65,4,28,11.2227171818
32586,11421,11232,1,4,125,4,24,8.04765355446
32587,11421,11377,1,4,46,4,33,4.31024521966
32588,11421,11361,1,4,19,4,11,6.67117392906
32589,11421,11206,0,4,90,4,63,4.51307507375
32590,11421,11430,1,4,187,4,143,4.30960041035
32591,11421,10021,1,4,62,4,45,7.57613641855
32592,11421,11201,1,4,234,4,176,6.8759678623
32593,11421,11238,0,4,109,4,64,5.52778976596
32594,11421,10016,1,4,162,4,110,7.33499113435
32595,11421,11218,1,4,26,4,19,6.95971425066
32596,11421,10301,1,4,45,4,32,13.0560206698
32597,11421,10452,1,4,54,4,34,10.7430460102
32598,11421,10314,1,4,51,4,30,16.1646976922
32599,11421,10461,1,4,50,4,20,10.5444918204
32600,11421,11101,1,4,193,4,96,5.66729609399
32601,11421,10029,1,4,50,4,38,8.32900546126
32602,11421,10467,1,4,33,4,22,12.5303220188
32603,11421,11208,0,4,43,4,13,1.4608951374
32604,11421,10024,0,4,101,4,71,9.07330578589
32605,11421,10005,1,4,65,4,41,7.96217752021
32606,11421,10030,1,4,39,4,26,9.85583395317
32607,11421,10002,0,4,258,4,186,6.99644777202
32608,11421,11385,1,4,56,4,31,2.00118722257
32609,11421,11220,1,4,38,4,23,8.94886414565
32610,11421,11215,1,4,123,4,95,6.87987522592
32611,11421,10038,1,4,174,4,85,7.74366020277
32612,11421,11217,0,4,92,4,71,6.3086543585
32613,11421,10462,1,4,104,4,58,10.4403605104
32614,11421,10040,1,4,80,4,27,12.1532098465
32615,11421,10457,1,4,28,4,16,10.9619508708
32616,11421,10017,1,4,277,4,161,7.32955109672
32617,11421,11433,1,4,18,4,12,3.7462714527
32618,11421,10308,0,4,8,4,8,18.1523874457
32619,11421,10468,1,4,52,4,30,12.3484911921
32620,11421,10111,0,4,15,4,13,7.84775630566
32621,11421,10309,1,4,23,4,15,21.7168261299
32622,11421,10034,1,4,68,4,33,12.6208487273
32623,11421,10028,1,4,89,4,53,7.7739652262
32624,11421,10035,1,4,65,4,32,8.65105684625
32625,11421,11228,1,4,10,4,8,9.51695030825
32626,11421,11105,0,4,25,4,19,6.34853757884
32627,11421,11355,1,4,26,4,18,4.52886146884
32628,11421,11209,1,4,49,4,28,10.1346984731
32629,11421,11213,0,4,35,4,20,4.23800115656
32630,11421,11369,1,4,12,4,8,5.00838888497
32631,11421,10031,1,4,64,4,45,10.4764222118
32632,11421,11221,0,4,120,4,61,3.57634703412
32633,11421,11212,0,4,12,4,10,3.50206980716
32634,11421,11233,0,4,74,4,34,3.31011828605
32635,11421,11368,1,4,62,4,41,3.88041838316
32636,11421,11205,0,4,37,4,31,5.62504480069
32637,11421,10069,0,4,14,4,8,9.0691257817
32638,11421,11203,0,4,39,4,8,4.87351911664
32639,11421,10459,1,4,16,4,8,9.46491846477
32640,11421,11219,0,4,6,4,4,8.29692536504
32641,11421,11434,1,4,32,4,16,4.62871525612
32642,11421,11230,0,4,11,4,5,7.27717054165
32643,11421,11373,1,4,53,4,27,3.28732926495
32644,11421,11362,1,4,8,4,5,8.10237897813
32645,11421,10305,0,4,11,4,8,13.0363499936
32646,11421,11104,0,4,8,4,6,4.86463810458
32647,11421,10004,1,4,168,4,99,9.62308364543
32648,11421,10275,0,4,13,4,7,8.79847832347
32649,11421,10118,0,4,4,4,3,7.83441235468
32650,11421,10026,0,4,57,4,43,9.2367357479
32651,11421,11235,1,4,19,4,14,8.82721740446
32652,11421,10469,0,4,44,4,12,12.2802700264
32653,11421,10281,0,4,31,4,24,8.38961528742
32654,11421,11223,0,4,10,4,7,8.76619655569
32655,11421,11379,1,4,33,4,13,2.05576487381
32656,11421,10465,1,4,37,4,16,9.54810985485
32657,11421,10455,0,4,20,4,11,8.98634781136
32658,11421,10466,0,4,16,4,11,13.8187812194
32659,11421,11239,0,4,4,4,2,3.2951324037
32660,11421,11207,1,4,86,4,31,2.33924194786
32661,11421,11367,1,4,35,4,17,3.24389141351
32662,11421,11106,0,4,21,4,19,6.23374917527
32663,11421,10471,1,4,19,4,15,14.6797031706
32664,11421,11234,0,4,50,4,15,5.99724212875
32665,11421,10167,0,4,11,4,4,7.55061303122
32666,11421,10453,1,4,21,4,16,11.5398605405
32667,11421,10451,1,4,20,4,12,9.50503259526
32668,11421,10033,1,4,86,4,31,11.6140525151
32669,11421,11354,1,4,38,4,25,5.60015847185
32670,11421,10463,1,4,36,4,16,13.376848664
32671,11421,10169,0,4,4,4,4,7.58200630551
32672,11421,10456,1,4,21,4,12,9.93467373929
32673,11421,11420,0,4,8,4,7,2.60822104207
32674,11421,10153,0,4,6,4,5,7.83250234162
32675,11421,10307,0,4,6,4,3,23.8749212626
32676,11421,10306,0,4,17,4,8,16.0144350621
32677,11421,10165,0,4,2,4,2,7.62220913721
32678,11421,10303,1,4,11,4,7,16.5324701772
32679,11421,11224,0,4,22,4,13,10.5539747422
32680,11421,10304,0,4,8,4,5,13.453279722
32681,11421,10458,1,4,34,4,31,12.0647063154
32682,11421,11414,1,4,13,4,7,2.39005346285
32683,11421,11204,0,4,9,4,8,8.29386761383
32684,11421,11372,1,4,16,4,11,4.31276606687
32685,11421,11357,0,4,9,4,6,6.95192573423
32686,11421,10044,0,4,9,4,8,6.85365467597
32687,11421,11229,1,4,27,4,14,7.67761204329
32688,11421,11236,1,4,15,4,9,4.21214668213
32689,11421,10302,1,4,5,4,5,15.2223443177
32690,11421,11422,0,4,11,4,8,6.75795555267
32691,11421,10312,0,4,4,4,2,19.5836545963
32692,11421,10310,0,4,27,4,6,14.1111614252
32693,11421,11429,1,4,8,4,6,6.38396936143
32694,11421,10152,0,4,2,4,2,7.59160257036
32695,11421,11214,0,4,10,4,6,9.6264304187
32696,11421,11435,1,4,41,4,23,2.62097892125
32697,11421,10039,1,4,8,4,7,10.2117624327
32698,11421,10121,0,4,1,4,1,8.10229788518
32699,11421,11413,1,4,14,4,7,5.79336613403
32700,11421,10473,1,4,14,4,9,8.80785366338
32701,11421,10454,1,4,19,4,10,8.50532399031
32702,11421,11416,1,4,5,4,5,0.669673442423
32703,11421,10280,0,4,5,4,3,8.45529249215
32704,11421,11694,0,4,5,4,4,7.91379327452
32705,11421,11358,0,4,6,4,4,5.80921740348
32706,11421,11421,4,4,4,4,4,0.0
32707,11421,11412,0,4,4,4,4,5.20727578873
32708,11421,10174,0,4,2,4,2,7.43263148444
32709,11421,11417,0,4,3,4,3,1.27443391682
32710,11421,11427,1,4,5,4,4,6.34727072749
32711,11421,11411,0,4,4,4,2,6.43863170018
32712,11421,11374,1,4,10,4,9,2.35527112418
32713,11421,10096,0,4,2,4,2,8.79847832347
32714,11421,10006,0,4,19,4,18,8.23167560531
32715,11421,10037,1,4,15,4,10,9.38984203737
32716,11421,11370,0,4,8,4,4,5.25799855944
32717,11421,10475,1,4,15,4,11,13.0628359853
32718,11421,11225,1,4,17,4,13,5.43986598963
32719,11421,10282,0,4,10,4,9,8.39322567365
32720,11421,11426,1,4,12,4,5,7.74883024438
32721,11421,11378,1,4,18,4,7,3.27096640616
32722,11421,10107,0,4,1,4,1,8.35815255658
32723,11421,11251,0,4,4,4,3,5.54527939978
32724,11421,11436,1,4,6,4,3,3.42601865523
32725,11421,11360,1,4,10,4,5,7.41709236231
32726,11421,11356,0,4,2,4,2,6.5720399525
32727,11421,10474,1,4,8,4,7,8.58038197844
32728,11421,11697,0,4,1,4,1,9.40327506705
32729,11421,10172,0,4,2,4,2,7.55581818402
32730,11421,11691,0,4,4,4,3,8.13547860724
32731,11421,10470,1,4,6,4,4,14.4746177215
32732,11421,11366,0,4,7,4,5,4.11772613484
32733,11421,10041,0,4,2,4,2,8.01685764224
32734,11421,10278,0,4,1,4,1,7.83939641178
32735,11421,10106,0,4,4,4,1,8.21320078794
32736,11421,11428,0,4,2,4,2,6.46435405049
32737,11421,10286,0,4,1,4,1,8.22633816871
32738,11421,10279,0,4,1,4,1,8.03950277317
32739,11421,10103,0,4,1,4,1,7.92207774829
32740,11421,10196,0,4,1,4,1,8.79847832347
32741,11421,10154,0,4,1,4,1,7.58342473951
32742,11421,10119,0,4,2,4,2,8.18875145636
32743,11421,10464,0,4,5,4,4,12.0263975996
32744,11421,10166,0,4,2,4,2,7.59473395355
32745,11421,10203,0,4,1,4,1,8.79847832347
32746,11421,11359,0,4,2,4,2,8.23291343133
32747,11421,10177,0,4,1,4,1,7.61863612155
32748,11421,11040,0,4,1,4,1,10.0765270323
32749,11421,11364,0,4,2,4,2,6.44253959923
32750,11421,11692,0,4,2,4,2,7.51587406206
32751,11421,11423,0,4,1,4,1,4.99620283736
32752,11421,11415,0,4,2,4,2,1.86331713273
32753,11421,10175,0,4,2,4,1,7.7360114908
32754,11412,10012,0,4,445,4,357,12.6978427063
32755,11412,11222,0,4,110,4,71,9.9763037362
32756,11412,11231,0,4,65,4,44,12.8295998384
32757,11412,10019,0,4,637,4,440,12.776407266
32758,11412,11102,0,4,35,4,30,10.0635905044
32759,11412,10003,0,4,493,4,400,12.3126819818
32760,11412,10020,0,4,143,4,116,12.3405429173
32761,11412,10018,0,4,339,4,256,12.9119874724
32762,11412,10001,0,4,670,4,468,12.9814112441
32763,11412,11365,0,4,21,4,9,3.35385624399
32764,11412,10007,1,4,1780,4,1042,13.064846533
32765,11412,10022,0,4,228,4,164,11.7146782358
32766,11412,10013,0,4,745,4,406,13.006816414
32767,11412,10472,0,4,23,4,8,10.8254431509
32768,11412,11226,0,4,195,4,123,10.90562285
32769,11412,10027,1,4,141,4,83,12.9898775133
32770,11412,11210,0,4,34,4,20,10.8805724879
32771,11412,11693,0,4,6,4,6,7.60750210898
32772,11412,11432,0,4,49,4,36,2.124058867
32773,11412,11103,0,4,35,4,26,9.15349356861
32774,11412,11237,0,4,64,4,53,8.43681528851
32775,11412,10010,0,4,218,4,181,12.0364757485
32776,11412,10014,0,4,397,4,286,13.1645497447
32777,11412,10009,0,4,135,4,91,11.6907583141
32778,11412,10036,0,4,826,4,656,12.8515767481
32779,11412,11216,0,4,60,4,49,9.98194565447
32780,11412,11418,0,4,15,4,11,3.89622862582
32781,11412,11109,0,4,5,4,5,6.64688886384
32782,11412,11371,0,4,71,4,65,7.97009920703
32783,11412,10460,0,4,42,4,22,11.7737454576
32784,11412,10048,0,4,86,4,65,13.3142135737
32785,11412,10128,0,4,51,4,40,11.5999826832
32786,11412,11375,0,4,44,4,27,4.81131129381
32787,11412,10023,0,4,210,4,134,12.9267049096
32788,11412,11211,0,4,352,4,256,10.2803373176
32789,11412,10011,0,4,437,4,352,12.9905765969
32790,11412,10025,0,4,143,4,65,12.9900712752
32791,11412,10032,0,4,65,4,28,13.7574989347
32792,11412,11232,0,4,125,4,24,13.1763549115
32793,11412,11377,0,4,46,4,33,8.20482879398
32794,11412,11361,0,4,19,4,11,4.61606087914
32795,11412,11206,0,4,90,4,63,9.63795364502
32796,11412,11430,0,4,187,4,143,3.7396302298
32797,11412,10021,0,4,62,4,45,11.6377587133
32798,11412,11201,0,4,234,4,176,12.05842331
32799,11412,11238,0,4,109,4,64,10.7318063233
32800,11412,10016,0,4,162,4,110,11.9390417133
32801,11412,11218,0,4,26,4,19,11.938838285
32802,11412,10301,0,4,45,4,32,18.1633663709
32803,11412,10452,0,4,54,4,34,12.9772950093
32804,11412,10314,0,4,51,4,30,21.2145527772
32805,11412,10461,0,4,50,4,20,10.8704939289
32806,11412,11101,0,4,193,4,96,9.99660753566
32807,11412,10029,0,4,50,4,38,11.7469152145
32808,11412,10467,0,4,33,4,22,13.3852999318
32809,11412,11208,0,4,43,4,13,6.17205764476
32810,11412,10024,0,4,101,4,71,12.9737056369
32811,11412,10005,0,4,65,4,41,13.0954783531
32812,11412,10030,0,4,39,4,26,12.7635694761
32813,11412,10002,0,4,258,4,186,12.0253272202
32814,11412,11385,0,4,56,4,31,7.01572428217
32815,11412,11220,0,4,38,4,23,14.0026044309
32816,11412,11215,0,4,123,4,95,12.0531970991
32817,11412,10038,0,4,174,4,85,12.850974646
32818,11412,11217,0,4,92,4,71,11.5157537712
32819,11412,10462,1,4,104,4,58,11.2755372905
32820,11412,10040,0,4,80,4,27,14.2423143639
32821,11412,10457,0,4,28,4,16,12.6399951937
32822,11412,10017,0,4,277,4,161,11.7990708642
32823,11412,11433,0,4,18,4,12,1.46383777014
32824,11412,10308,0,4,8,4,8,22.9111686493
32825,11412,10468,0,4,52,4,30,13.8256760032
32826,11412,10111,0,4,15,4,13,12.2315005371
32827,11412,10309,0,4,23,4,15,26.5007452712
32828,11412,10034,0,4,68,4,33,14.4653017857
32829,11412,10028,0,4,89,4,53,11.5976153187
32830,11412,10035,0,4,65,4,32,11.6696102558
32831,11412,11228,0,4,10,4,8,14.3465874002
32832,11412,11105,0,4,25,4,19,9.46021873902
32833,11412,11355,0,4,26,4,18,4.78638278054
32834,11412,11209,0,4,49,4,28,15.0775563791
32835,11412,11213,0,4,35,4,20,9.37483634918
32836,11412,11369,0,4,12,4,8,7.38231980539
32837,11412,10031,0,4,64,4,45,13.3381146709
32838,11412,11221,0,4,120,4,61,8.77469260615
32839,11412,11212,0,4,12,4,10,8.43250849353
32840,11412,11233,0,4,74,4,34,8.47284169442
32841,11412,11368,0,4,62,4,41,6.23071508754
32842,11412,11205,0,4,37,4,31,10.8108556073
32843,11412,10069,0,4,14,4,8,13.274471772
32844,11412,11203,0,4,39,4,8,9.70419717438
32845,11412,10459,0,4,16,4,8,11.2952681764
32846,11412,11219,0,4,6,4,4,13.2203072161
32847,11412,11434,2,4,32,4,16,1.68817101647
32848,11412,11230,0,4,11,4,5,11.9167852019
32849,11412,11373,0,4,53,4,27,6.77843427616
32850,11412,11362,0,4,8,4,5,4.52746742775
32851,11412,10305,0,4,11,4,8,17.9141034887
32852,11412,11104,0,4,8,4,6,8.99501194227
32853,11412,10004,0,4,168,4,99,14.7946755228
32854,11412,10275,0,4,13,4,7,12.7985262568
32855,11412,10118,0,4,4,4,3,12.4409354854
32856,11412,10026,0,4,57,4,43,12.5745608054
32857,11412,11235,0,4,19,4,14,12.7158886348
32858,11412,10469,0,4,44,4,12,12.6969239007
32859,11412,10281,0,4,31,4,24,13.4693220889
32860,11412,11223,0,4,10,4,7,13.107336769
32861,11412,11379,0,4,33,4,13,6.42211255903
32862,11412,10465,0,4,37,4,16,9.37775159686
32863,11412,10455,0,4,20,4,11,11.2787069778
32864,11412,10466,0,4,16,4,11,14.1363752786
32865,11412,11239,0,4,4,4,2,7.21838190591
32866,11412,11207,0,4,86,4,31,7.30783864419
32867,11412,11367,0,4,35,4,17,3.91013777929
32868,11412,11106,0,4,21,4,19,10.0754729764
32869,11412,10471,0,4,19,4,15,15.951373052
32870,11412,11234,0,4,50,4,15,10.1000549284
32871,11412,10167,0,4,11,4,4,11.9907751568
32872,11412,10453,0,4,21,4,16,13.4070089357
32873,11412,10451,0,4,20,4,12,12.02009754
32874,11412,10033,0,4,86,4,31,13.9331671022
32875,11412,11354,0,4,38,4,25,5.97221280868
32876,11412,10463,0,4,36,4,16,14.8754823117
32877,11412,10169,0,4,4,4,4,12.0367214319
32878,11412,10456,0,4,21,4,12,12.0313798382
32879,11412,11420,0,4,8,4,7,3.32942056586
32880,11412,10153,0,4,6,4,5,12.0968158431
32881,11412,10307,0,4,6,4,3,28.6162022912
32882,11412,10306,0,4,17,4,8,20.800324928
32883,11412,10165,0,4,2,4,2,12.1313654474
32884,11412,10303,0,4,11,4,7,21.6804572408
32885,11412,11224,0,4,22,4,13,14.7741328037
32886,11412,10304,0,4,8,4,5,18.4262463357
32887,11412,10458,0,4,34,4,31,13.3706340472
32888,11412,11414,0,4,13,4,7,5.15649624176
32889,11412,11204,0,4,9,4,8,13.0096929577
32890,11412,11372,0,4,16,4,11,7.50409351773
32891,11412,11357,0,4,9,4,6,6.56303541284
32892,11412,10044,0,4,9,4,8,10.920375425
32893,11412,11229,0,4,27,4,14,11.6985076829
32894,11412,11236,0,4,15,4,9,8.52277843962
32895,11412,10302,0,4,5,4,5,20.3609447689
32896,11412,11422,0,4,11,4,8,2.7113318309
32897,11412,10312,0,4,4,4,2,24.3570639624
32898,11412,10310,0,4,27,4,6,19.2382058516
32899,11412,11429,1,4,8,4,6,1.34123368501
32900,11412,10152,0,4,2,4,2,11.9452019363
32901,11412,11214,0,4,10,4,6,14.162318435
32902,11412,11435,0,4,41,4,23,2.6532379046
32903,11412,10039,0,4,8,4,7,12.8869291157
32904,11412,10121,0,4,1,4,1,12.7263051912
32905,11412,11413,0,4,14,4,7,1.9140329184
32906,11412,10473,0,4,14,4,9,9.86491733171
32907,11412,10454,0,4,19,4,10,11.1374558384
32908,11412,11416,0,4,5,4,5,4.86544640594
32909,11412,10280,0,4,5,4,3,13.5838570566
32910,11412,11694,0,4,5,4,4,9.51983172157
32911,11412,11358,0,4,6,4,4,4.77471266224
32912,11412,11421,0,4,4,4,4,5.20727578873
32913,11412,11412,4,4,4,4,4,0.0
32914,11412,10174,0,4,2,4,2,11.929900048
32915,11412,11417,0,4,3,4,3,4.72206269332
32916,11412,11427,1,4,5,4,4,2.22807335833
32917,11412,11411,0,4,4,4,2,1.271988013
32918,11412,11374,0,4,10,4,9,5.65919940323
32919,11412,10096,0,4,2,4,2,12.7985262568
32920,11412,10006,0,4,19,4,18,13.3557585475
32921,11412,10037,0,4,15,4,10,12.2569928267
32922,11412,11370,0,4,8,4,4,8.24293595689
32923,11412,10475,0,4,15,4,11,12.9815988224
32924,11412,11225,0,4,17,4,13,10.5446022555
32925,11412,10282,0,4,10,4,9,13.4530400929
32926,11412,11426,0,4,12,4,5,3.14872771243
32927,11412,11378,0,4,18,4,7,7.74640301684
32928,11412,10107,0,4,1,4,1,12.6549674349
32929,11412,11251,0,4,4,4,3,10.3900372298
32930,11412,11436,0,4,6,4,3,2.52687870562
32931,11412,11360,0,4,10,4,5,5.84150850934
32932,11412,11356,0,4,2,4,2,7.52468129914
32933,11412,10474,0,4,8,4,7,10.4524258394
32934,11412,11697,0,4,1,4,1,12.2923800845
32935,11412,10172,0,4,2,4,2,11.9815314945
32936,11412,11691,0,4,4,4,3,6.70474009544
32937,11412,10470,0,4,6,4,4,15.0083779777
32938,11412,11366,0,4,7,4,5,2.73357389823
32939,11412,10041,0,4,2,4,2,13.1670802353
32940,11412,10278,0,4,1,4,1,12.9007604346
32941,11412,10106,0,4,4,4,1,12.5128955422
32942,11412,11428,0,4,2,4,2,1.84062092152
32943,11412,10286,0,4,1,4,1,13.3066316937
32944,11412,10279,0,4,1,4,1,13.125861608
32945,11412,10103,0,4,1,4,1,12.2773243978
32946,11412,10196,0,4,1,4,1,12.7985262568
32947,11412,10154,0,4,1,4,1,11.9516418207
32948,11412,10119,0,4,2,4,2,12.7999726766
32949,11412,10464,0,4,5,4,4,11.1370778373
32950,11412,10166,0,4,2,4,2,12.0484383861
32951,11412,10203,0,4,1,4,1,12.7985262568
32952,11412,11359,0,4,2,4,2,6.65772639757
32953,11412,10177,0,4,1,4,1,12.0582555201
32954,11412,11040,0,4,1,4,1,5.27484290942
32955,11412,11364,0,4,2,4,2,3.4177723088
32956,11412,11692,0,4,2,4,2,7.44069756292
32957,11412,11423,0,4,1,4,1,1.2646956352
32958,11412,11415,0,4,2,4,2,3.74951235852
32959,11412,10175,0,4,2,4,1,12.2179363547
32960,10174,10012,0,2,445,2,357,2.15034171911
32961,10174,11222,0,2,110,2,71,2.33866501163
32962,10174,11231,0,2,65,2,44,5.22872679539
32963,10174,10019,0,2,637,2,440,1.11402139672
32964,10174,11102,0,2,35,2,30,2.97761822338
32965,10174,10003,0,2,493,2,400,1.51663016077
32966,10174,10020,0,2,143,2,116,0.552354015613
32967,10174,10018,0,2,339,2,256,0.984668237187
32968,10174,10001,0,2,670,2,468,1.12316868106
32969,10174,11365,0,2,21,2,9,9.64720738374
32970,10174,10007,1,2,1780,2,1042,3.05186537492
32971,10174,10022,0,2,228,2,164,0.653518218275
32972,10174,10013,0,2,745,2,406,2.65869655725
32973,10174,10472,0,2,23,2,8,7.80058322847
32974,10174,11226,0,2,195,2,123,7.41384521108
32975,10174,10027,0,2,141,2,83,4.34070496691
32976,10174,11210,0,2,34,2,20,8.67703365337
32977,10174,11693,0,2,6,2,6,13.4378749015
32978,10174,11432,0,2,49,2,36,9.89351913989
32979,10174,11103,0,2,35,2,26,3.46041139759
32980,10174,11237,0,2,64,2,53,4.41743239759
32981,10174,10010,0,2,218,2,181,0.943792346977
32982,10174,10014,0,2,397,2,286,1.96758996467
32983,10174,10009,0,2,135,2,91,1.70472287649
32984,10174,10036,1,2,826,2,656,0.956950030537
32985,10174,11216,0,2,60,2,49,5.11607124293
32986,10174,11418,0,2,15,2,11,8.28530692521
32987,10174,11109,0,2,5,2,5,8.82750191219
32988,10174,11371,0,2,71,2,65,5.43607407995
32989,10174,10460,0,2,42,2,22,7.91699180179
32990,10174,10048,0,2,86,2,65,3.35404742663
32991,10174,10128,0,2,51,2,40,2.45809814428
32992,10174,11375,0,2,44,2,27,7.12023235353
32993,10174,10023,0,2,210,2,134,1.73422113846
32994,10174,11211,0,2,352,2,256,2.94212498295
32995,10174,10011,1,2,437,2,352,1.50173857487
32996,10174,10025,0,2,143,2,65,3.25360039824
32997,10174,10032,0,2,65,2,28,6.39133299553
32998,10174,11232,0,2,125,2,24,6.80971099762
32999,10174,11377,0,2,46,2,33,3.79517761444
33000,10174,11361,0,2,19,2,11,10.5890219317
33001,10174,11206,0,2,90,2,63,3.80098859455
33002,10174,11430,0,2,187,2,143,11.7281033381
33003,10174,10021,0,2,62,2,45,1.39060792002
33004,10174,11201,0,2,234,2,176,3.95761660411
33005,10174,11238,0,2,109,2,64,4.97850032559
33006,10174,10016,0,2,162,2,110,0.39879614486
33007,10174,11218,0,2,26,2,19,7.39051480752
33008,10174,10301,0,2,45,2,32,10.3728255182
33009,10174,10452,0,2,54,2,34,6.61706858375
33010,10174,10314,0,2,51,2,30,13.4264947509
33011,10174,10461,0,2,50,2,20,9.55224507139
33012,10174,11101,0,2,193,2,96,1.94339180304
33013,10174,10029,0,2,50,2,38,3.15783512459
33014,10174,10467,0,2,33,2,22,10.0012186554
33015,10174,11208,0,2,43,2,13,7.66642208492
33016,10174,10024,0,2,101,2,71,2.3986785242
33017,10174,10005,0,2,65,2,41,3.60474881932
33018,10174,10030,0,2,39,2,26,4.87941377278
33019,10174,10002,0,2,258,2,186,2.46811346094
33020,10174,11385,0,2,56,2,31,5.46893195878
33021,10174,11220,0,2,38,2,23,7.89836530606
33022,10174,11215,0,2,123,2,95,5.83221790331
33023,10174,10038,0,2,174,2,85,3.2599184773
33024,10174,11217,0,2,92,2,71,4.80226050037
33025,10174,10462,0,2,104,2,58,8.73840980901
33026,10174,10040,0,2,80,2,27,7.7807875417
33027,10174,10457,0,2,28,2,16,7.69191757159
33028,10174,10017,2,2,277,2,161,0.153527692001
33029,10174,11433,0,2,18,2,12,10.5679980083
33030,10174,10308,0,2,8,2,8,16.6253594912
33031,10174,10468,0,2,52,2,30,8.9074509366
33032,10174,10111,0,2,15,2,13,0.540341645534
33033,10174,10309,0,2,23,2,15,19.7684029783
33034,10174,10034,0,2,68,2,33,8.51062243553
33035,10174,10028,0,2,89,2,53,2.05562223691
33036,10174,10035,0,2,65,2,32,4.12466015205
33037,10174,11228,0,2,10,2,8,9.44943746481
33038,10174,11105,0,2,25,2,19,3.85772870793
33039,10174,11355,0,2,26,2,18,8.17450166185
33040,10174,11209,0,2,49,2,28,9.30733209392
33041,10174,11213,0,2,35,2,20,5.96324570449
33042,10174,11369,0,2,12,2,8,5.5451384368
33043,10174,10031,0,2,64,2,45,5.32651495884
33044,10174,11221,0,2,120,2,61,4.89321449161
33045,10174,11212,0,2,12,2,10,6.97620809095
33046,10174,11233,0,2,74,2,34,5.95032496862
33047,10174,11368,0,2,62,2,41,6.1362659815
33048,10174,11205,0,2,37,2,31,3.99735873428
33049,10174,10069,0,2,14,2,8,1.83017587049
33050,10174,11203,0,2,39,2,8,7.41692035945
33051,10174,10459,0,2,16,2,8,6.66042539885
33052,10174,11219,0,2,6,2,4,8.30004996431
33053,10174,11434,0,2,32,2,16,11.8768910053
33054,10174,11230,0,2,11,2,5,8.89633633593
33055,10174,11373,0,2,53,2,27,5.20910134267
33056,10174,11362,0,2,8,2,5,12.7070990915
33057,10174,10305,0,2,11,2,8,11.7665745928
33058,10174,11104,0,2,8,2,6,2.97136795436
33059,10174,10004,0,2,168,2,99,5.00997961115
33060,10174,10275,0,2,13,2,7,2.0104398094
33061,10174,10118,0,2,4,2,3,0.621045885922
33062,10174,10026,0,2,57,2,43,3.69201751881
33063,10174,11235,0,2,19,2,14,11.6562113304
33064,10174,10469,0,2,44,2,12,10.491320929
33065,10174,10281,0,2,31,2,24,3.29949691694
33066,10174,11223,0,2,10,2,7,10.593815005
33067,10174,11379,0,2,33,2,13,5.60242081837
33068,10174,10465,0,2,37,2,16,9.71988061838
33069,10174,10455,0,2,20,2,11,5.65325762392
33070,10174,10466,0,2,16,2,11,11.7262900543
33071,10174,11239,0,2,4,2,2,8.87163128305
33072,10174,11207,0,2,86,2,31,7.00882563018
33073,10174,11367,0,2,35,2,17,8.22249666576
33074,10174,11106,0,2,21,2,19,2.40124440279
33075,10174,10471,0,2,19,2,15,10.9572749644
33076,10174,11234,0,2,50,2,15,9.60506845089
33077,10174,10167,0,2,11,2,4,0.221497055216
33078,10174,10453,0,2,21,2,16,7.73556102458
33079,10174,10451,0,2,20,2,12,5.45439312376
33080,10174,10033,0,2,86,2,31,7.02451625116
33081,10174,11354,0,2,38,2,25,7.96075196306
33082,10174,10463,0,2,36,2,16,9.60988621921
33083,10174,10169,0,2,4,2,4,0.199365027243
33084,10174,10456,0,2,21,2,12,6.41739849029
33085,10174,11420,0,2,8,2,7,10.0286964169
33086,10174,10153,0,2,6,2,5,0.844058617219
33087,10174,10307,0,2,6,2,3,21.944836105
33088,10174,10306,0,2,17,2,8,14.6418205809
33089,10174,10165,0,2,2,2,2,0.202078807513
33090,10174,10303,0,2,11,2,7,12.95428221
33091,10174,11224,0,2,22,2,13,12.1112122381
33092,10174,10304,0,2,8,2,5,11.6091611147
33093,10174,10458,0,2,34,2,31,8.98722776702
33094,10174,11414,0,2,13,2,7,9.46603003943
33095,10174,11204,0,2,9,2,8,9.17116986596
33096,10174,11372,0,2,16,2,11,4.76748879582
33097,10174,11357,0,2,9,2,6,8.99489286205
33098,10174,10044,0,2,9,2,8,1.54481841064
33099,10174,11229,0,2,27,2,14,10.6663168795
33100,10174,11236,0,2,15,2,9,8.53912047128
33101,10174,10302,0,2,5,2,5,11.8977110544
33102,10174,11422,0,2,11,2,8,14.0235751305
33103,10174,10312,0,2,4,2,2,17.8546017601
33104,10174,10310,0,2,27,2,6,11.0621566154
33105,10174,11429,0,2,8,2,6,12.742221295
33106,10174,10152,0,2,2,2,2,0.503939177001
33107,10174,11214,0,2,10,2,6,10.5912936584
33108,10174,11435,0,2,41,2,23,9.37921167144
33109,10174,10039,0,2,8,2,7,5.51627018946
33110,10174,10121,0,2,1,2,1,0.888819601093
33111,10174,11413,0,2,14,2,7,13.0255591006
33112,10174,10473,0,2,14,2,9,7.64499942058
33113,10174,10454,0,2,19,2,10,4.85631771232
33114,10174,11416,0,2,5,2,5,8.0758704547
33115,10174,10280,0,2,5,2,3,3.78248162538
33116,10174,11694,0,2,5,2,4,13.8306760474
33117,10174,11358,0,2,6,2,4,9.41438157953
33118,10174,11421,0,2,4,2,4,7.43263148444
33119,10174,11412,0,2,4,2,4,11.929900048
33120,10174,10174,2,2,2,2,2,0.0
33121,10174,11417,0,2,3,2,3,8.62936854685
33122,10174,11427,0,2,5,2,4,12.0406864898
33123,10174,11411,0,2,4,2,2,13.1932655716
33124,10174,11374,0,2,10,2,9,6.27382798473
33125,10174,10096,0,2,2,2,2,2.0104398094
33126,10174,10006,0,2,19,2,18,3.62598877502
33127,10174,10037,0,2,15,2,10,4.72521373033
33128,10174,11370,0,2,8,2,4,4.50973421641
33129,10174,10475,0,2,15,2,11,11.7587617165
33130,10174,11225,0,2,17,2,13,6.21491490756
33131,10174,10282,0,2,10,2,9,3.14430658429
33132,10174,11426,0,2,12,2,5,13.4019011984
33133,10174,11378,0,2,18,2,7,4.25161240344
33134,10174,10107,0,2,1,2,1,1.09398806968
33135,10174,11251,0,2,4,2,3,7.5209682959
33136,10174,11436,0,2,6,2,3,10.7813108645
33137,10174,11360,0,2,10,2,5,10.4263790932
33138,10174,11356,0,2,2,2,2,7.28242016353
33139,10174,10474,0,2,8,2,7,6.25751223636
33140,10174,11697,0,2,1,2,1,13.6639998334
33141,10174,10172,0,2,2,2,2,0.267296063665
33142,10174,11691,0,2,4,2,3,15.417329545
33143,10174,10470,0,2,6,2,4,11.9018453139
33144,10174,11366,0,2,7,2,5,9.61721490439
33145,10174,10041,0,2,2,2,2,3.82291901157
33146,10174,10278,0,2,1,2,1,2.90379801692
33147,10174,10106,0,2,4,2,1,0.977586754718
33148,10174,11428,0,2,2,2,2,12.4693131378
33149,10174,10286,0,2,1,2,1,3.22286568662
33150,10174,10279,0,2,1,2,1,3.18864334844
33151,10174,10103,0,2,1,2,1,0.654302415743
33152,10174,10196,0,2,1,2,1,2.0104398094
33153,10174,10154,0,2,1,2,1,0.455910465204
33154,10174,10119,0,2,2,2,2,0.932155594094
33155,10174,10464,0,2,5,2,4,12.1697703697
33156,10174,10166,0,2,2,2,2,0.21027451237
33157,10174,10203,0,2,1,2,1,2.0104398094
33158,10174,11359,0,2,2,2,2,10.7907090909
33159,10174,10177,0,2,1,2,1,0.259186686647
33160,10174,11040,0,2,1,2,1,15.556340634
33161,10174,11364,0,2,2,2,2,11.299204456
33162,10174,11692,0,2,2,2,2,14.4517821107
33163,10174,11423,0,2,1,2,1,11.1634541834
33164,10174,11415,0,2,2,2,2,8.23491653612
33165,10174,10175,0,2,2,2,1,0.303701163363
33166,11417,10012,1,3,445,3,357,8.78379184277
33167,11417,11222,0,3,110,3,71,6.34896932278
33168,11417,11231,0,3,65,3,44,8.29178638145
33169,11417,10019,1,3,637,3,440,9.66397205877
33170,11417,11102,0,3,35,3,30,7.82498217308
33171,11417,10003,1,3,493,3,400,8.550196316
33172,11417,10020,1,3,143,3,116,9.13785400121
33173,11417,10018,1,3,339,3,256,9.54059961335
33174,11417,10001,1,3,670,3,468,9.50954543887
33175,11417,11365,0,3,21,3,9,5.17851108586
33176,11417,10007,2,3,1780,3,1042,8.95068651235
33177,11417,10022,0,3,228,3,164,8.63634859901
33178,11417,10013,0,3,745,3,406,8.9858712761
33179,11417,10472,0,3,23,3,8,10.7588554683
33180,11417,11226,1,3,195,3,123,6.18418155208
33181,11417,10027,0,3,141,3,83,11.0906609001
33182,11417,11210,1,3,34,3,20,6.23075359626
33183,11417,11693,0,3,6,3,6,5.57852073703
33184,11417,11432,0,3,49,3,36,3.7972605053
33185,11417,11103,0,3,35,3,26,6.96131614182
33186,11417,11237,0,3,64,3,53,4.3901764503
33187,11417,10010,0,3,218,3,181,8.4357657504
33188,11417,10014,0,3,397,3,286,9.3682137325
33189,11417,10009,0,3,135,3,91,7.87952583086
33190,11417,10036,1,3,826,3,656,9.58517880984
33191,11417,11216,0,3,60,3,49,5.44644491955
33192,11417,11418,0,3,15,3,11,1.68775983955
33193,11417,11109,0,3,5,3,5,2.1557661098
33194,11417,11371,0,3,71,3,65,6.84899999556
33195,11417,10460,0,3,42,3,22,11.5659988275
33196,11417,10048,0,3,86,3,65,9.15207885474
33197,11417,10128,1,3,51,3,40,9.19823308639
33198,11417,11375,1,3,44,3,27,3.10566134288
33199,11417,10023,1,3,210,3,134,10.0350269536
33200,11417,11211,0,3,352,3,256,6.2803258229
33201,11417,10011,1,3,437,3,352,9.32540100251
33202,11417,10025,1,3,143,3,65,10.6729661276
33203,11417,10032,0,3,65,3,28,12.47613758
33204,11417,11232,0,3,125,3,24,8.49296432504
33205,11417,11377,0,3,46,3,33,5.58467075595
33206,11417,11361,0,3,19,3,11,7.09964582236
33207,11417,11206,0,3,90,3,63,5.4757329647
33208,11417,11430,0,3,187,3,143,3.10365904367
33209,11417,10021,0,3,62,3,45,8.82991733371
33210,11417,11201,1,3,234,3,176,7.70171790992
33211,11417,11238,0,3,109,3,64,6.19707361459
33212,11417,10016,1,3,162,3,110,8.50920958861
33213,11417,11218,1,3,26,3,19,7.21749669651
33214,11417,10301,0,3,45,3,32,13.4579378115
33215,11417,10452,0,3,54,3,34,11.975109892
33216,11417,10314,1,3,51,3,30,16.4941940518
33217,11417,10461,0,3,50,3,20,11.5550403621
33218,11417,11101,0,3,193,3,96,6.90824611896
33219,11417,10029,0,3,50,3,38,9.60340498959
33220,11417,10467,1,3,33,3,22,13.6362735111
33221,11417,11208,0,3,43,3,13,1.46967807788
33222,11417,10024,0,3,101,3,71,10.332388547
33223,11417,10005,0,3,65,3,41,8.85767231034
33224,11417,10030,0,3,39,3,26,11.1220606823
33225,11417,10002,0,3,258,3,186,8.00041588907
33226,11417,11385,1,3,56,3,31,3.16068417133
33227,11417,11220,0,3,38,3,23,9.28762910424
33228,11417,11215,1,3,123,3,95,7.42012734484
33229,11417,10038,1,3,174,3,85,8.67129054607
33230,11417,11217,1,3,92,3,71,7.00507300618
33231,11417,10462,1,3,104,3,58,11.5215319264
33232,11417,10040,0,3,80,3,27,13.3815244832
33233,11417,10457,0,3,28,3,16,12.1471948833
33234,11417,10017,0,3,277,3,161,8.53257508148
33235,11417,11433,0,3,18,3,12,3.34622088716
33236,11417,10308,0,3,8,3,8,18.24001384
33237,11417,10468,0,3,52,3,30,13.523638524
33238,11417,10111,0,3,15,3,13,9.06137324201
33239,11417,10309,1,3,23,3,15,21.824954627
33240,11417,10034,0,3,68,3,33,13.8318912364
33241,11417,10028,0,3,89,3,53,9.04154894422
33242,11417,10035,0,3,65,3,32,9.91787537326
33243,11417,11228,0,3,10,3,8,9.6417961222
33244,11417,11105,0,3,25,3,19,7.60830694084
33245,11417,11355,0,3,26,3,18,5.27205259084
33246,11417,11209,1,3,49,3,28,10.357169943
33247,11417,11213,0,3,35,3,20,4.73000291598
33248,11417,11369,0,3,12,3,8,6.17508170468
33249,11417,10031,0,3,64,3,45,11.7425179099
33250,11417,11221,0,3,120,3,61,4.42162033051
33251,11417,11212,0,3,12,3,10,3.71590323031
33252,11417,11233,0,3,74,3,34,3.87928141639
33253,11417,11368,0,3,62,3,41,4.99013736045
33254,11417,11205,0,3,37,3,31,6.46100171118
33255,11417,10069,0,3,14,3,8,10.3000990063
33256,11417,11203,0,3,39,3,8,4.98544166621
33257,11417,10459,0,3,16,3,8,10.6520105957
33258,11417,11219,0,3,6,3,4,8.49999994842
33259,11417,11434,0,3,32,3,16,3.7859318233
33260,11417,11230,0,3,11,3,5,7.25207584113
33261,11417,11373,0,3,53,3,27,4.52832534261
33262,11417,11362,0,3,8,3,5,8.24685977551
33263,11417,10305,0,3,11,3,8,13.205367024
33264,11417,11104,1,3,8,3,6,6.13052771226
33265,11417,10004,0,3,168,3,99,10.445757222
33266,11417,10275,0,3,13,3,7,10.0514264754
33267,11417,10118,0,3,4,3,3,9.0031572617
33268,11417,10026,0,3,57,3,43,10.5110904942
33269,11417,11235,0,3,19,3,14,8.41325458447
33270,11417,10469,0,3,44,3,12,13.3257859403
33271,11417,10281,0,3,31,3,24,9.33716160628
33272,11417,11223,0,3,10,3,7,8.57063374678
33273,11417,11379,1,3,33,3,13,3.32993318775
33274,11417,10465,1,3,37,3,16,10.461837992
33275,11417,10455,0,3,20,3,11,10.2112599315
33276,11417,10466,0,3,16,3,11,14.8648438417
33277,11417,11239,0,3,4,3,2,2.73294165796
33278,11417,11207,0,3,86,3,31,2.61931952665
33279,11417,11367,0,3,35,3,17,3.8617735469
33280,11417,11106,0,3,21,3,19,7.50540223
33281,11417,10471,0,3,19,3,15,15.8473856929
33282,11417,11234,1,3,50,3,15,5.63594251417
33283,11417,10167,0,3,11,3,4,8.75704417495
33284,11417,10453,1,3,21,3,16,12.7468363145
33285,11417,10451,1,3,20,3,12,10.749756702
33286,11417,10033,1,3,86,3,31,12.8561002255
33287,11417,11354,1,3,38,3,25,6.46237973984
33288,11417,10463,1,3,36,3,16,14.5603789149
33289,11417,10169,0,3,4,3,4,8.78553207142
33290,11417,10456,0,3,21,3,12,11.1506609331
33291,11417,11420,0,3,8,3,7,1.60196036882
33292,11417,10153,0,3,6,3,5,9.06356724486
33293,11417,10307,0,3,6,3,3,23.9564919523
33294,11417,10306,0,3,17,3,8,16.1180565978
33295,11417,10165,0,3,2,3,2,8.81483123019
33296,11417,10303,0,3,11,3,7,16.9925402282
33297,11417,11224,0,3,22,3,13,10.3105067604
33298,11417,10304,0,3,8,3,5,13.7051776035
33299,11417,10458,0,3,34,3,31,13.219707534
33300,11417,11414,0,3,13,3,7,1.19967094942
33301,11417,11204,1,3,9,3,8,8.32849778673
33302,11417,11372,1,3,16,3,11,5.55180739553
33303,11417,11357,0,3,9,3,6,7.74375563251
33304,11417,10044,0,3,9,3,8,8.11102287683
33305,11417,11229,1,3,27,3,14,7.30682126065
33306,11417,11236,1,3,15,3,9,3.92447264723
33307,11417,10302,0,3,5,3,5,15.6682508077
33308,11417,11422,0,3,11,3,8,5.82880777647
33309,11417,10312,0,3,4,3,2,19.6827349739
33310,11417,10310,0,3,27,3,6,14.5403084817
33311,11417,11429,0,3,8,3,6,6.00969818442
33312,11417,10152,0,3,2,3,2,8.81194350946
33313,11417,11214,0,3,10,3,6,9.5491091764
33314,11417,11435,0,3,41,3,23,2.49524306434
33315,11417,10039,0,3,8,3,7,11.4689492707
33316,11417,10121,0,3,1,3,1,9.26416722289
33317,11417,11413,0,3,14,3,7,4.91842611672
33318,11417,10473,0,3,14,3,9,9.89398512759
33319,11417,10454,0,3,19,3,10,9.75165304616
33320,11417,11416,0,3,5,3,5,0.609856267809
33321,11417,10280,0,3,5,3,3,9.35172771254
33322,11417,11694,0,3,5,3,4,6.83536972229
33323,11417,11358,0,3,6,3,4,6.39625068304
33324,11417,11421,0,3,4,3,4,1.27443391682
33325,11417,11412,0,3,4,3,4,4.72206269332
33326,11417,10174,0,3,2,3,2,8.62936854685
33327,11417,11417,3,3,3,3,3,0.0
33328,11417,11427,0,3,5,3,4,6.25614138089
33329,11417,11411,0,3,4,3,2,5.85976644761
33330,11417,11374,1,3,10,3,9,3.51324033914
33331,11417,10096,0,3,2,3,2,10.0514264754
33332,11417,10006,0,3,19,3,18,9.13561597786
33333,11417,10037,0,3,15,3,10,10.653085243
33334,11417,11370,1,3,8,3,4,6.49689462983
33335,11417,10475,1,3,15,3,11,14.0435134817
33336,11417,11225,0,3,17,3,13,5.86196993421
33337,11417,10282,0,3,10,3,9,9.3576764547
33338,11417,11426,0,3,12,3,5,7.58230632754
33339,11417,11378,0,3,18,3,7,4.52658337576
33340,11417,10107,0,3,1,3,1,9.58129802649
33341,11417,11251,0,3,4,3,3,5.67205293594
33342,11417,11436,0,3,6,3,3,2.51773562962
33343,11417,11360,0,3,10,3,5,7.99277646199
33344,11417,11356,0,3,2,3,2,7.58552268472
33345,11417,10474,0,3,8,3,7,9.76181533389
33346,11417,11697,0,3,1,3,1,8.64557314927
33347,11417,10172,0,3,2,3,2,8.76474840583
33348,11417,11691,0,3,4,3,3,6.86866556686
33349,11417,10470,0,3,6,3,4,15.5548031535
33350,11417,11366,0,3,7,3,5,4.36062711685
33351,11417,10041,0,3,2,3,2,8.888801429
33352,11417,10278,0,3,1,3,1,8.80835970987
33353,11417,10106,0,3,4,3,1,9.43690474496
33354,11417,11428,0,3,2,3,2,6.24062761279
33355,11417,10286,0,3,1,3,1,9.17498973618
33356,11417,10279,0,3,1,3,1,8.98455655191
33357,11417,10103,0,3,1,3,1,9.13964438419
33358,11417,10196,0,3,1,3,1,10.0514264754
33359,11417,10154,0,3,1,3,1,8.80158613083
33360,11417,10119,0,3,2,3,2,9.35311318109
33361,11417,10464,0,3,5,3,4,12.8596395402
33362,11417,10166,0,3,2,3,2,8.79833550872
33363,11417,10203,0,3,1,3,1,10.0514264754
33364,11417,11359,0,3,2,3,2,8.84386440309
33365,11417,10177,0,3,1,3,1,8.82458469676
33366,11417,11040,0,3,1,3,1,9.86962781268
33367,11417,11364,0,3,2,3,2,6.63031465365
33368,11417,11692,0,3,2,3,2,6.25594326249
33369,11417,11423,0,3,1,3,1,4.82613398263
33370,11417,11415,0,3,2,3,2,2.30398194306
33371,11417,10175,0,3,2,3,1,8.93306079312
33372,11427,10012,2,5,445,4,357,13.1517832709
33373,11427,11222,1,5,110,4,71,10.382608994
33374,11427,11231,2,5,65,4,44,13.8041357117
33375,11427,10019,2,5,637,4,440,12.7435289512
33376,11427,11102,2,5,35,4,30,9.74180296951
33377,11427,10003,0,5,493,4,400,12.6817319959
33378,11427,10020,0,5,143,4,116,12.3771468937
33379,11427,10018,2,5,339,4,256,13.0197924616
33380,11427,10001,2,5,670,4,468,13.145472369
33381,11427,11365,2,5,21,4,9,2.4391749278
33382,11427,10007,2,5,1780,4,1042,13.6493461845
33383,11427,10022,2,5,228,4,164,11.7137838314
33384,11427,10013,0,5,745,4,406,13.5247294607
33385,11427,10472,2,5,23,4,8,9.47329072985
33386,11427,11226,2,5,195,4,123,12.3213300284
33387,11427,10027,2,5,141,4,83,12.3311897304
33388,11427,11210,2,5,34,4,20,12.4800275023
33389,11427,11693,0,5,6,4,6,9.81575249843
33390,11427,11432,0,5,49,4,36,2.57511588642
33391,11427,11103,2,5,35,4,26,8.88813428393
33392,11427,11237,2,5,64,4,53,9.1979427443
33393,11427,10010,2,5,218,4,181,12.31702512
33394,11427,10014,2,5,397,4,286,13.5237702221
33395,11427,10009,0,5,135,4,91,12.1168647956
33396,11427,10036,2,5,826,4,656,12.901604811
33397,11427,11216,2,5,60,4,49,11.0299685424
33398,11427,11418,0,5,15,4,11,4.9520340751
33399,11427,11109,0,5,5,4,5,8.35665240349
33400,11427,11371,2,5,71,4,65,7.33170952865
33401,11427,10460,2,5,42,4,22,10.431537244
33402,11427,10048,0,5,86,4,65,13.9281781327
33403,11427,10128,2,5,51,4,40,11.2557246314
33404,11427,11375,2,5,44,4,27,5.17200516752
33405,11427,10023,2,5,210,4,134,12.7676539096
33406,11427,11211,2,5,352,4,256,10.895656207
33407,11427,10011,2,5,437,4,352,13.2721092759
33408,11427,10025,0,5,143,4,65,12.5335056902
33409,11427,10032,2,5,65,4,28,12.7845141426
33410,11427,11232,2,5,125,4,24,14.3728876907
33411,11427,11377,2,5,46,4,33,8.2474855632
33412,11427,11361,2,5,19,4,11,2.77299164093
33413,11427,11206,0,5,90,4,63,10.3959387801
33414,11427,11430,2,5,187,4,143,5.92229026502
33415,11427,10021,2,5,62,4,45,11.4976667806
33416,11427,11201,2,5,234,4,176,12.8695485684
33417,11427,11238,0,5,109,4,64,11.7550748596
33418,11427,10016,2,5,162,4,110,12.1231695135
33419,11427,11218,2,5,26,4,19,13.3014930437
33420,11427,10301,2,5,45,4,32,19.3808053046
33421,11427,10452,2,5,54,4,34,11.9136965085
33422,11427,10314,2,5,51,4,30,22.5059524943
33423,11427,10461,1,5,50,4,20,9.22427973582
33424,11427,11101,2,5,193,4,96,10.1072199812
33425,11427,10029,2,5,50,4,38,11.2676003744
33426,11427,10467,2,5,33,4,22,11.806710192
33427,11427,11208,0,5,43,4,13,7.5868043609
33428,11427,10024,0,5,101,4,71,12.681475812
33429,11427,10005,2,5,65,4,41,13.775986282
33430,11427,10030,1,5,39,4,26,11.9948272287
33431,11427,10002,0,5,258,4,186,12.5801401133
33432,11427,11385,1,5,56,4,31,7.81003707092
33433,11427,11220,2,5,38,4,23,15.2945995103
33434,11427,11215,2,5,123,4,95,13.1718211002
33435,11427,10038,2,5,174,4,85,13.4921327377
33436,11427,11217,0,5,92,4,71,12.4908092014
33437,11427,10462,2,5,104,4,58,9.7766762061
33438,11427,10040,2,5,80,4,27,13.0713283182
33439,11427,10457,2,5,28,4,16,11.3761116361
33440,11427,10017,2,5,277,4,161,11.8971996767
33441,11427,11433,2,5,18,4,12,3.01486794379
33442,11427,10308,0,5,8,4,8,24.4546423016
33443,11427,10468,2,5,52,4,30,12.4421796711
33444,11427,10111,0,5,15,4,13,12.2551126431
33445,11427,10309,2,5,23,4,15,28.0307876287
33446,11427,10034,1,5,68,4,33,13.1935716914
33447,11427,10028,2,5,89,4,53,11.3307827319
33448,11427,10035,2,5,65,4,32,11.0079960591
33449,11427,11228,1,5,10,4,8,15.8266121257
33450,11427,11105,0,5,25,4,19,9.0036922315
33451,11427,11355,2,5,26,4,18,4.03282167166
33452,11427,11209,2,5,49,4,28,16.4753180893
33453,11427,11213,0,5,35,4,20,10.5752483059
33454,11427,11369,2,5,12,4,8,6.86758292808
33455,11427,10031,1,5,64,4,45,12.5230690721
33456,11427,11221,0,5,120,4,61,9.7167058335
33457,11427,11212,0,5,12,4,10,9.81228935293
33458,11427,11233,0,5,74,4,34,9.64050938524
33459,11427,11368,2,5,62,4,41,5.9471467966
33460,11427,11205,0,5,37,4,31,11.6574389143
33461,11427,10069,0,5,14,4,8,13.1451780442
33462,11427,11203,0,5,39,4,8,11.157628714
33463,11427,10459,1,5,16,4,8,10.1583960575
33464,11427,11219,0,5,6,4,4,14.6303876067
33465,11427,11434,3,5,32,4,16,3.90605414495
33466,11427,11230,0,5,11,4,5,13.4920831081
33467,11427,11373,2,5,53,4,27,6.85665849683
33468,11427,11362,1,5,8,4,5,2.30149323706
33469,11427,10305,0,5,11,4,8,19.3672704957
33470,11427,11104,0,5,8,4,6,9.07422931183
33471,11427,10004,2,5,168,4,99,15.5322974244
33472,11427,10275,0,5,13,4,7,12.5689469668
33473,11427,10118,0,5,4,4,3,12.6070949051
33474,11427,10026,0,5,57,4,43,12.0135724056
33475,11427,11235,1,5,19,4,14,14.5744721132
33476,11427,10469,0,5,44,4,12,11.0049468803
33477,11427,10281,0,5,31,4,24,14.0557072512
33478,11427,11223,0,5,10,4,7,14.8220522613
33479,11427,11379,2,5,33,4,13,6.9510502875
33480,11427,10465,2,5,37,4,16,7.65656236712
33481,11427,10455,0,5,20,4,11,10.3276793161
33482,11427,10466,0,5,16,4,11,12.3739954183
33483,11427,11239,0,5,4,4,2,8.94045572819
33484,11427,11207,2,5,86,4,31,8.64825941722
33485,11427,11367,2,5,35,4,17,3.86516063482
33486,11427,11106,0,5,21,4,19,9.91576626372
33487,11427,10471,2,5,19,4,15,14.4363280198
33488,11427,11234,0,5,50,4,15,11.8584465668
33489,11427,10167,0,5,11,4,4,12.0611936851
33490,11427,10453,1,5,21,4,16,12.1820298411
33491,11427,10451,2,5,20,4,12,11.1189671259
33492,11427,10033,2,5,86,4,31,12.8646551356
33493,11427,11354,2,5,38,4,25,4.88922913506
33494,11427,10463,2,5,36,4,16,13.4660511283
33495,11427,10169,0,5,4,4,4,12.1146647657
33496,11427,10456,2,5,21,4,12,10.9582935815
33497,11427,11420,0,5,8,4,7,5.1662272597
33498,11427,10153,0,5,6,4,5,12.0521717095
33499,11427,10307,0,5,6,4,3,30.1766691474
33500,11427,10306,0,5,17,4,8,22.3230550762
33501,11427,10165,0,5,2,4,2,12.2416212316
33502,11427,10303,2,5,11,4,7,22.8200547135
33503,11427,11224,0,5,22,4,13,16.5463818455
33504,11427,10304,0,5,8,4,5,19.7997303885
33505,11427,10458,2,5,34,4,31,11.9432885964
33506,11427,11414,2,5,13,4,7,6.96141600902
33507,11427,11204,0,5,9,4,8,14.5527468538
33508,11427,11372,1,5,16,4,11,7.32247430547
33509,11427,11357,0,5,9,4,6,5.04259254918
33510,11427,10044,0,5,9,4,8,10.823241549
33511,11427,11229,2,5,27,4,14,13.5066364591
33512,11427,11236,1,5,15,4,9,10.1785013162
33513,11427,10302,2,5,5,4,5,21.521726187
33514,11427,11422,0,5,11,4,8,4.58188045893
33515,11427,10312,0,5,4,4,2,25.8924021281
33516,11427,10310,0,5,27,4,6,20.4220232986
33517,11427,11429,2,5,8,4,6,1.4160885671
33518,11427,10152,0,5,2,4,2,11.9624055488
33519,11427,11214,0,5,10,4,6,15.8028492302
33520,11427,11435,2,5,41,4,23,3.793151989
33521,11427,10039,2,5,8,4,7,12.0106708385
33522,11427,10121,0,5,1,4,1,12.8948040581
33523,11427,11413,2,5,14,4,7,4.0132452303
33524,11427,10473,2,5,14,4,9,8.53108161257
33525,11427,10454,2,5,19,4,10,10.338201224
33526,11427,11416,2,5,5,4,5,6.21063712514
33527,11427,10280,0,5,5,4,3,14.2466005175
33528,11427,11694,0,5,5,4,4,11.7011254088
33529,11427,11358,0,5,6,4,4,3.37472504118
33530,11427,11421,1,5,4,4,4,6.34727072749
33531,11427,11412,1,5,4,4,4,2.22807335833
33532,11427,10174,0,5,2,4,2,12.0406864898
33533,11427,11417,0,5,3,4,3,6.25614138089
33534,11427,11427,4,5,5,4,4,0.0
33535,11427,11411,0,5,4,4,2,2.47676558804
33536,11427,11374,2,5,10,4,9,5.94042997004
33537,11427,10096,0,5,2,4,2,12.5689469668
33538,11427,10006,0,5,19,4,18,14.014733808
33539,11427,10037,2,5,15,4,10,11.4953335722
33540,11427,11370,0,5,8,4,4,7.8639928979
33541,11427,10475,2,5,15,4,11,11.1397863047
33542,11427,11225,1,5,17,4,13,11.7824316667
33543,11427,10282,0,5,10,4,9,14.0119307766
33544,11427,11426,2,5,12,4,5,1.43056254134
33545,11427,11378,2,5,18,4,7,8.1359557401
33546,11427,10107,0,5,1,4,1,12.6061414905
33547,11427,11251,0,5,4,4,3,11.8410972668
33548,11427,11436,2,5,6,4,3,4.53482930863
33549,11427,11360,2,5,10,4,5,3.9761546127
33550,11427,11356,0,5,2,4,2,6.39390810901
33551,11427,10474,1,5,8,4,7,9.38685688884
33552,11427,11697,0,5,1,4,1,14.3587941793
33553,11427,10172,0,5,2,4,2,12.0429750543
33554,11427,11691,0,5,4,4,3,8.86874813614
33555,11427,10470,1,5,6,4,4,13.2869218213
33556,11427,11366,0,5,7,4,5,2.4819492183
33557,11427,10041,0,5,2,4,2,13.8793091098
33558,11427,10278,0,5,1,4,1,13.4740661657
33559,11427,10106,0,5,4,4,1,12.4717396942
33560,11427,11428,0,5,2,4,2,0.665294560408
33561,11427,10286,0,5,1,4,1,13.8972569803
33562,11427,10279,0,5,1,4,1,13.7291615096
33563,11427,10103,0,5,1,4,1,12.2808870273
33564,11427,10196,0,5,1,4,1,12.5689469668
33565,11427,10154,0,5,1,4,1,11.9777282539
33566,11427,10119,0,5,2,4,2,12.9564583096
33567,11427,10464,0,5,5,4,4,9.14539317193
33568,11427,10166,0,5,2,4,2,12.1252122178
33569,11427,10203,0,5,1,4,1,12.5689469668
33570,11427,11359,0,5,2,4,2,4.70451234123
33571,11427,10177,0,5,1,4,1,12.1253834413
33572,11427,11040,0,5,1,4,1,3.75380277652
33573,11427,11364,0,5,2,4,2,1.42521639325
33574,11427,11692,0,5,2,4,2,9.66844477246
33575,11427,11423,0,5,1,4,1,1.4418723104
33576,11427,11415,0,5,2,4,2,4.54535148682
33577,11427,10175,0,5,2,4,1,12.3062647756
33578,11411,10012,0,4,445,2,357,13.9688671233
33579,11411,11222,0,4,110,2,71,11.2482796624
33580,11411,11231,0,4,65,2,44,14.0508777947
33581,11411,10019,1,4,637,2,440,14.0294408651
33582,11411,11102,0,4,35,2,30,11.2727442833
33583,11411,10003,0,4,493,2,400,13.5846688999
33584,11411,10020,0,4,143,2,116,13.5990553972
33585,11411,10018,0,4,339,2,256,14.1760835395
33586,11411,10001,0,4,670,2,468,14.2486239357
33587,11411,11365,0,4,21,2,9,4.31117043049
33588,11411,10007,1,4,1780,2,1042,14.3304654615
33589,11411,10022,0,4,228,2,164,12.969180278
33590,11411,10013,0,4,745,2,406,14.2757258285
33591,11411,10472,0,4,23,2,8,11.7337043217
33592,11411,11226,1,4,195,2,123,12.018635151
33593,11411,10027,0,4,141,2,83,14.1397242008
33594,11411,11210,0,4,34,2,20,11.9161393489
33595,11411,11693,0,4,6,2,6,7.99500459838
33596,11411,11432,1,4,49,2,36,3.33749402281
33597,11411,11103,0,4,35,2,26,10.3684497713
33598,11411,11237,0,4,64,2,53,9.69674272958
33599,11411,10010,0,4,218,2,181,13.3073367624
33600,11411,10014,0,4,397,2,286,14.4365377385
33601,11411,10009,0,4,135,2,91,12.9625052855
33602,11411,10036,1,4,826,2,656,14.1116906844
33603,11411,11216,0,4,60,2,49,11.1984811268
33604,11411,11418,0,4,15,2,11,5.15341691829
33605,11411,11109,0,4,5,2,5,7.66783699082
33606,11411,11371,0,4,71,2,65,9.10313488978
33607,11411,10460,0,4,42,2,22,12.6898140453
33608,11411,10048,0,4,86,2,65,14.5777855557
33609,11411,10128,0,4,51,2,40,12.8099777252
33610,11411,11375,0,4,44,2,27,6.07305993831
33611,11411,10023,0,4,210,2,134,14.1663169972
33612,11411,11211,0,4,352,2,256,11.5469054781
33613,11411,10011,0,4,437,2,352,14.2617664855
33614,11411,10025,0,4,143,2,65,14.183325737
33615,11411,10032,0,4,65,2,28,14.8211942746
33616,11411,11232,0,4,125,2,24,14.3481321784
33617,11411,11377,0,4,46,2,33,9.45571846936
33618,11411,11361,0,4,19,2,11,5.20646837563
33619,11411,11206,0,4,90,2,63,10.8953654764
33620,11411,11430,0,4,187,2,143,4.32721761889
33621,11411,10021,0,4,62,2,45,12.8773853586
33622,11411,11201,0,4,234,2,176,13.3054058255
33623,11411,11238,0,4,109,2,64,11.9502184051
33624,11411,10016,0,4,162,2,110,13.2064654554
33625,11411,11218,0,4,26,2,19,13.0653844449
33626,11411,10301,0,4,45,2,32,19.3174740483
33627,11411,10452,0,4,54,2,34,14.0082955539
33628,11411,10314,1,4,51,2,30,22.3409033612
33629,11411,10461,0,4,50,2,20,11.6247108738
33630,11411,11101,0,4,193,2,96,11.2574451031
33631,11411,10029,0,4,50,2,38,12.9325906174
33632,11411,10467,0,4,33,2,22,14.1852377175
33633,11411,11208,0,4,43,2,13,7.32574718209
33634,11411,10024,0,4,101,2,71,14.1951049378
33635,11411,10005,0,4,65,2,41,14.3542297068
33636,11411,10030,0,4,39,2,26,13.8849077694
33637,11411,10002,0,4,258,2,186,13.2932846943
33638,11411,11385,0,4,56,2,31,8.27708729165
33639,11411,11220,0,4,38,2,23,15.1443907677
33640,11411,11215,0,4,123,2,95,13.247663209
33641,11411,10038,0,4,174,2,85,14.1130894211
33642,11411,11217,0,4,92,2,71,12.7403029107
33643,11411,10462,1,4,104,2,58,12.1139825813
33644,11411,10040,0,4,80,2,27,15.2368493121
33645,11411,10457,0,4,28,2,16,13.5928331009
33646,11411,10017,0,4,277,2,161,13.0614683497
33647,11411,11433,0,4,18,2,12,2.71789558288
33648,11411,10308,0,4,8,2,8,23.934922582
33649,11411,10468,0,4,52,2,30,14.728154461
33650,11411,10111,0,4,15,2,13,13.4888265031
33651,11411,10309,0,4,23,2,15,27.5258091467
33652,11411,10034,0,4,68,2,33,15.4193453738
33653,11411,10028,0,4,89,2,53,12.8199179265
33654,11411,10035,0,4,65,2,32,12.8149341278
33655,11411,11228,0,4,10,2,8,15.4192845203
33656,11411,11105,0,4,25,2,19,10.6422616719
33657,11411,11355,0,4,26,2,18,5.84688936926
33658,11411,11209,0,4,49,2,28,16.1800987511
33659,11411,11213,0,4,35,2,20,10.5612544734
33660,11411,11369,0,4,12,2,8,8.53965819196
33661,11411,10031,0,4,64,2,45,14.4483358961
33662,11411,11221,0,4,120,2,61,10.0134300515
33663,11411,11212,0,4,12,2,10,9.57421743986
33664,11411,11233,0,4,74,2,34,9.67211592036
33665,11411,11368,0,4,62,2,41,7.42412205667
33666,11411,11205,0,4,37,2,31,12.0561241635
33667,11411,10069,0,4,14,2,8,14.5181373598
33668,11411,11203,0,4,39,2,8,10.810566791
33669,11411,10459,0,4,16,2,8,12.2941455616
33670,11411,11219,0,4,6,2,4,14.3247130938
33671,11411,11434,0,4,32,2,16,2.32921211717
33672,11411,11230,0,4,11,2,5,12.957872161
33673,11411,11373,0,4,53,2,27,8.0271929538
33674,11411,11362,0,4,8,2,5,4.56628852436
33675,11411,10305,0,4,11,2,8,18.9874690785
33676,11411,11104,0,4,8,2,6,10.2514184183
33677,11411,10004,0,4,168,2,99,16.0459953675
33678,11411,10275,0,4,13,2,7,14.0287177077
33679,11411,10118,0,4,4,2,3,13.7078738855
33680,11411,10026,0,4,57,2,43,13.7455730886
33681,11411,11235,0,4,19,2,14,13.5792876812
33682,11411,10469,0,4,44,2,12,13.4262624679
33683,11411,10281,0,4,31,2,24,14.7345130169
33684,11411,11223,0,4,10,2,7,14.0676254765
33685,11411,11379,0,4,33,2,13,7.69408549533
33686,11411,10465,0,4,37,2,16,10.0802701217
33687,11411,10455,0,4,20,2,11,12.34180583
33688,11411,10466,0,4,16,2,11,14.8195020783
33689,11411,11239,0,4,4,2,2,8.2238322006
33690,11411,11207,0,4,86,2,31,8.471517094
33691,11411,11367,0,4,35,2,17,5.10990985762
33692,11411,11106,0,4,21,2,19,11.3089127001
33693,11411,10471,0,4,19,2,15,16.7910742831
33694,11411,11234,0,4,50,2,15,11.0525347683
33695,11411,10167,0,4,11,2,4,13.2514505491
33696,11411,10453,0,4,21,2,16,14.3780403213
33697,11411,10451,0,4,20,2,12,13.1013445931
33698,11411,10033,0,4,86,2,31,14.9649504994
33699,11411,11354,1,4,38,2,25,6.95059556051
33700,11411,10463,0,4,36,2,16,15.7676628057
33701,11411,10169,0,4,4,2,4,13.2979900832
33702,11411,10456,0,4,21,2,12,13.056125862
33703,11411,11420,0,4,8,2,7,4.36658389511
33704,11411,10153,0,4,6,2,5,13.3477625248
33705,11411,10307,0,4,6,2,3,29.6242146824
33706,11411,10306,0,4,17,2,8,21.837454991
33707,11411,10165,0,4,2,2,2,13.3949003776
33708,11411,10303,0,4,11,2,7,22.8506225979
33709,11411,11224,0,4,22,2,13,15.6901766081
33710,11411,10304,0,4,8,2,5,19.5292109456
33711,11411,10458,0,4,34,2,31,14.250938032
33712,11411,11414,1,4,13,2,7,6.15025948025
33713,11411,11204,0,4,9,2,8,14.0603584458
33714,11411,11372,0,4,16,2,11,8.72403852246
33715,11411,11357,0,4,9,2,6,7.36399410667
33716,11411,10044,0,4,9,2,8,12.163603811
33717,11411,11229,0,4,27,2,14,12.6058354501
33718,11411,11236,0,4,15,2,9,9.54901259417
33719,11411,10302,0,4,5,2,5,21.5272411308
33720,11411,11422,0,4,11,2,8,2.13928911133
33721,11411,10312,0,4,4,2,2,25.3824681263
33722,11411,10310,0,4,27,2,6,20.3999317862
33723,11411,11429,0,4,8,2,6,1.06943577555
33724,11411,10152,0,4,2,2,2,13.2016163523
33725,11411,11214,0,4,10,2,6,15.1598815785
33726,11411,11435,0,4,41,2,23,3.91862630798
33727,11411,10039,0,4,8,2,7,13.9782948899
33728,11411,10121,0,4,1,2,1,13.9935585353
33729,11411,11413,0,4,14,2,7,1.81235674679
33730,11411,10473,0,4,14,2,9,10.7773266433
33731,11411,10454,0,4,19,2,10,12.2451794707
33732,11411,11416,1,4,5,2,5,6.05853657837
33733,11411,10280,0,4,5,2,3,14.8435542529
33734,11411,11694,0,4,5,2,4,9.97817822243
33735,11411,11358,0,4,6,2,4,5.60444535355
33736,11411,11421,0,4,4,2,4,6.43863170018
33737,11411,11412,0,4,4,2,4,1.271988013
33738,11411,10174,0,4,2,2,2,13.1932655716
33739,11411,11417,0,4,3,2,3,5.85976644761
33740,11411,11427,0,4,5,2,4,2.47676558804
33741,11411,11411,2,4,4,2,2,0.0
33742,11411,11374,0,4,10,2,9,6.92003075562
33743,11411,10096,0,4,2,2,2,14.0287177077
33744,11411,10006,0,4,19,2,18,14.6159952397
33745,11411,10037,0,4,15,2,10,13.3787409989
33746,11411,11370,0,4,8,2,4,9.43384151066
33747,11411,10475,0,4,15,2,11,13.6033078218
33748,11411,11225,0,4,17,2,13,11.7154487098
33749,11411,10282,0,4,10,2,9,14.719785097
33750,11411,11426,1,4,12,2,5,2.77917591563
33751,11411,11378,0,4,18,2,7,9.01734916624
33752,11411,10107,0,4,1,2,1,13.9063086667
33753,11411,11251,0,4,4,2,3,11.4928652023
33754,11411,11436,0,4,6,2,3,3.47869242068
33755,11411,11360,0,4,10,2,5,6.42818851977
33756,11411,11356,0,4,2,2,2,8.5038712562
33757,11411,10474,0,4,8,2,7,11.4737434599
33758,11411,11697,0,4,1,2,1,12.9450532059
33759,11411,10172,0,4,2,2,2,13.2415330346
33760,11411,11691,0,4,4,2,3,6.57379921239
33761,11411,10470,0,4,6,2,4,15.7211827895
33762,11411,11366,0,4,7,2,5,3.84037390056
33763,11411,10041,0,4,2,2,2,14.4229073463
33764,11411,10278,0,4,1,2,1,14.1671347069
33765,11411,10106,0,4,4,2,1,13.7647865442
33766,11411,11428,0,4,2,2,2,1.84758664556
33767,11411,10286,0,4,1,2,1,14.5716955685
33768,11411,10279,0,4,1,2,1,14.3902913941
33769,11411,10103,0,4,1,2,1,13.5330061268
33770,11411,10196,0,4,1,2,1,14.0287177077
33771,11411,10154,0,4,1,2,1,13.208812126
33772,11411,10119,0,4,2,2,2,14.0666904805
33773,11411,10464,0,4,5,2,4,11.6217406365
33774,11411,10166,0,4,2,2,2,13.3096370883
33775,11411,10203,0,4,1,2,1,14.0287177077
33776,11411,11359,0,4,2,2,2,7.17744549891
33777,11411,10177,0,4,1,2,1,13.3187684259
33778,11411,11040,0,4,1,2,1,4.52675707322
33779,11411,11364,0,4,2,2,2,3.88325988413
33780,11411,11692,0,4,2,2,2,7.62295089711
33781,11411,11423,0,4,1,2,1,2.226515804
33782,11411,11415,0,4,2,2,2,5.02132835561
33783,11411,10175,0,4,2,2,1,13.4801221457
33784,11374,10012,3,10,445,9,357,7.21532180075
33785,11374,11222,1,10,110,9,71,4.44681896996
33786,11374,11231,2,10,65,9,44,8.09095998358
33787,11374,10019,3,10,637,9,440,7.12327219557
33788,11374,11102,2,10,35,9,30,4.62671672918
33789,11374,10003,1,10,493,9,400,6.76288743674
33790,11374,10020,1,10,143,9,116,6.68155364297
33791,11374,10018,3,10,339,9,256,7.25727383294
33792,11374,10001,3,10,670,9,468,7.33782694288
33793,11374,11365,2,10,21,9,9,3.73949933589
33794,11374,10007,3,10,1780,9,1042,7.71338212488
33795,11374,10022,2,10,228,9,164,6.05979833992
33796,11374,10013,0,10,745,9,406,7.58430042851
33797,11374,10472,2,10,23,9,8,7.28810359208
33798,11374,11226,3,10,195,9,123,7.41235269314
33799,11374,10027,2,10,141,9,83,7.81044587679
33800,11374,11210,3,10,34,9,20,8.03489175574
33801,11374,11693,0,10,6,9,6,9.0917246206
33802,11374,11432,0,10,49,9,36,3.62950467029
33803,11374,11103,2,10,35,9,26,3.71108010307
33804,11374,11237,3,10,64,9,53,3.43878644788
33805,11374,10010,2,10,218,9,181,6.43296583336
33806,11374,10014,2,10,397,9,286,7.61083830296
33807,11374,10009,0,10,135,9,91,6.18254512827
33808,11374,10036,3,10,826,9,656,7.19243294662
33809,11374,11216,2,10,60,9,49,5.52129028082
33810,11374,11418,0,10,15,9,11,2.31963831362
33811,11374,11109,0,10,5,9,5,5.10271844251
33812,11374,11371,2,10,71,9,65,3.33605962898
33813,11374,10460,2,10,42,9,22,8.06951527284
33814,11374,10048,0,10,86,9,65,7.99644975186
33815,11374,10128,3,10,51,9,40,6.12316111564
33816,11374,11375,4,10,44,9,27,0.848133997734
33817,11374,10023,3,10,210,9,134,7.30834137
33818,11374,11211,2,10,352,9,256,4.98162171315
33819,11374,10011,3,10,437,9,352,7.39122167979
33820,11374,10025,1,10,143,9,65,7.57645028314
33821,11374,10032,2,10,65,9,28,9.03733789915
33822,11374,11232,2,10,125,9,24,8.92497694678
33823,11374,11377,3,10,46,9,33,2.56769653115
33824,11374,11361,2,10,19,9,11,5.27227604809
33825,11374,11206,0,10,90,9,63,4.57805649894
33826,11374,11430,2,10,187,9,143,6.17354870438
33827,11374,10021,2,10,62,9,45,6.02430911571
33828,11374,11201,3,10,234,9,176,7.03418575746
33829,11374,11238,0,10,109,9,64,6.16940283572
33830,11374,10016,3,10,162,9,110,6.29760738984
33831,11374,11218,3,10,26,9,19,8.20326156435
33832,11374,10301,2,10,45,9,32,13.845234496
33833,11374,10452,2,10,54,9,34,8.48809104743
33834,11374,10314,3,10,51,9,30,17.0296407854
33835,11374,10461,1,10,50,9,20,8.22711722784
33836,11374,11101,2,10,193,9,96,4.33764186315
33837,11374,10029,2,10,50,9,38,6.40048542187
33838,11374,10467,3,10,33,9,22,10.1752616013
33839,11374,11208,0,10,43,9,13,3.65826196412
33840,11374,10024,1,10,101,9,71,7.42593049451
33841,11374,10005,2,10,65,9,41,7.86290139099
33842,11374,10030,1,10,39,9,26,7.75529861097
33843,11374,10002,0,10,258,9,186,6.64255850924
33844,11374,11385,1,10,56,9,31,2.25668782863
33845,11374,11220,2,10,38,9,23,9.96786573457
33846,11374,11215,3,10,123,9,95,7.65490612531
33847,11374,10038,3,10,174,9,85,7.56833124513
33848,11374,11217,1,10,92,9,71,6.81526332965
33849,11374,10462,3,10,104,9,58,8.08997942698
33850,11374,10040,2,10,80,9,27,9.88779797881
33851,11374,10457,2,10,28,9,16,8.63416064477
33852,11374,10017,2,10,277,9,161,6.14150517347
33853,11374,11433,2,10,18,9,12,4.33133437146
33854,11374,10308,0,10,8,9,8,19.3899056212
33855,11374,10468,2,10,52,9,30,10.0127165488
33856,11374,10111,0,10,15,9,13,6.57319249031
33857,11374,10309,3,10,23,9,15,22.8939514415
33858,11374,10034,1,10,68,9,33,10.323498207
33859,11374,10028,2,10,89,9,53,6.05894666504
33860,11374,10035,2,10,65,9,32,6.56548950013
33861,11374,11228,1,10,10,9,8,10.8468649356
33862,11374,11105,0,10,25,9,19,4.23450011053
33863,11374,11355,2,10,26,9,18,2.75760495639
33864,11374,11209,3,10,49,9,28,11.2994153268
33865,11374,11213,0,10,35,9,20,5.37259856908
33866,11374,11369,2,10,12,9,8,2.66399668372
33867,11374,10031,1,10,64,9,45,8.37097316028
33868,11374,11221,0,10,120,9,61,4.15080506459
33869,11374,11212,0,10,12,9,10,5.13014309308
33870,11374,11233,0,10,74,9,34,4.48869307172
33871,11374,11368,2,10,62,9,41,1.53487478714
33872,11374,11205,0,10,37,9,31,5.8771829655
33873,11374,10069,0,10,14,9,8,7.6426600451
33874,11374,11203,0,10,39,9,8,6.4634903068
33875,11374,10459,1,10,16,9,8,7.13878706657
33876,11374,11219,0,10,6,9,4,9.55616403551
33877,11374,11434,2,10,32,9,16,5.77794255997
33878,11374,11230,0,10,11,9,5,8.88708330443
33879,11374,11373,2,10,53,9,27,1.18296022845
33880,11374,11362,1,10,8,9,5,7.11682310778
33881,11374,10305,0,10,11,9,8,14.216008178
33882,11374,11104,1,10,8,9,6,3.3390821914
33883,11374,10004,2,10,168,9,99,9.63070443489
33884,11374,10275,0,10,13,9,7,7.21526807103
33885,11374,10118,0,10,4,9,3,6.79633914419
33886,11374,10026,0,10,57,9,43,7.28860933054
33887,11374,11235,1,10,19,9,14,10.8104653144
33888,11374,10469,0,10,44,9,12,9.94105693429
33889,11374,10281,0,10,31,9,24,8.11921574423
33890,11374,11223,0,10,10,9,7,10.5268262782
33891,11374,11379,4,10,33,9,13,1.1430910236
33892,11374,10465,3,10,37,9,16,7.3170951633
33893,11374,10455,0,10,20,9,11,6.71756695915
33894,11374,10466,0,10,16,9,11,11.4780018234
33895,11374,11239,0,10,4,9,2,5.54175539271
33896,11374,11207,2,10,86,9,31,4.12142809456
33897,11374,11367,2,10,35,9,17,2.08632433204
33898,11374,11106,0,10,21,9,19,4.50096034199
33899,11374,10471,2,10,19,9,15,12.3394221655
33900,11374,11234,1,10,50,9,15,8.00347288006
33901,11374,10167,0,10,11,9,4,6.33178842163
33902,11374,10453,1,10,21,9,16,9.23692575431
33903,11374,10451,3,10,20,9,12,7.29048120528
33904,11374,10033,3,10,86,9,31,9.38538973259
33905,11374,11354,2,10,38,9,25,3.51723636369
33906,11374,10463,3,10,36,9,16,11.0477292367
33907,11374,10169,0,10,4,9,4,6.3780623468
33908,11374,10456,2,10,21,9,12,7.64695754363
33909,11374,11420,0,10,8,9,7,4.32837503108
33910,11374,10153,0,10,6,9,5,6.44826861813
33911,11374,10307,0,10,6,9,3,25.0801105382
33912,11374,10306,0,10,17,9,8,17.2503326039
33913,11374,10165,0,10,2,9,2,6.47559052396
33914,11374,10303,2,10,11,9,7,17.1543663258
33915,11374,11224,0,10,22,9,13,12.3312282725
33916,11374,10304,0,10,8,9,5,14.4928840597
33917,11374,10458,2,10,34,9,31,9.71755555625
33918,11374,11414,2,10,13,9,7,4.69913480651
33919,11374,11204,1,10,9,9,8,9.78890763657
33920,11374,11372,2,10,16,9,11,2.12982783558
33921,11374,11357,0,10,9,9,6,4.92084921001
33922,11374,10044,0,10,9,9,8,5.29712181083
33923,11374,11229,3,10,27,9,14,9.64421387655
33924,11374,11236,1,10,15,9,9,6.24230431685
33925,11374,10302,2,10,5,9,5,15.8905781128
33926,11374,11422,0,10,11,9,8,7.88473295679
33927,11374,10312,0,10,4,9,2,20.7909249091
33928,11374,10310,0,10,27,9,6,14.8297901314
33929,11374,11429,1,10,8,9,6,6.49431633278
33930,11374,10152,0,10,2,9,2,6.28776227524
33931,11374,11214,0,10,10,9,6,11.225263491
33932,11374,11435,2,10,41,9,23,3.18251753248
33933,11374,10039,2,10,8,9,7,8.04833419278
33934,11374,10121,0,10,1,9,1,7.08314030483
33935,11374,11413,2,10,14,9,7,6.88229678553
33936,11374,10473,2,10,14,9,9,6.45736490065
33937,11374,10454,2,10,19,9,10,6.30071163878
33938,11374,11416,2,10,5,9,5,2.92694131681
33939,11374,10280,0,10,5,9,3,8.32549842392
33940,11374,11694,0,10,5,9,4,10.2688538264
33941,11374,11358,0,10,6,9,4,4.19345442131
33942,11374,11421,1,10,4,9,4,2.35527112418
33943,11374,11412,0,10,4,9,4,5.65919940323
33944,11374,10174,0,10,2,9,2,6.27382798473
33945,11374,11417,1,10,3,9,3,3.51324033914
33946,11374,11427,2,10,5,9,4,5.94042997004
33947,11374,11411,0,10,4,9,2,6.92003075562
33948,11374,11374,9,10,10,9,9,0.0
33949,11374,10096,0,10,2,9,2,7.21526807103
33950,11374,10006,0,10,19,9,18,8.09356871697
33951,11374,10037,2,10,15,9,10,7.26845475595
33952,11374,11370,1,10,8,9,4,3.05240666452
33953,11374,10475,3,10,15,9,11,10.7594761935
33954,11374,11225,1,10,17,9,13,6.54257775555
33955,11374,10282,0,10,10,9,9,8.07271942356
33956,11374,11426,3,10,12,9,5,7.35681273339
33957,11374,11378,2,10,18,9,7,2.19564944609
33958,11374,10107,0,10,1,9,1,7.00503979472
33959,11374,11251,0,10,4,9,3,7.06289009571
33960,11374,11436,2,10,6,9,3,4.85733467771
33961,11374,11360,2,10,10,9,5,5.7126300452
33962,11374,11356,0,10,2,9,2,4.27270129934
33963,11374,10474,1,10,8,9,7,6.2489500564
33964,11374,11697,0,10,1,9,1,11.6465727301
33965,11374,10172,0,10,2,9,2,6.322357333
33966,11374,11691,0,10,4,9,3,10.1304466663
33967,11374,10470,1,10,6,9,4,12.1228060879
33968,11374,11366,0,10,7,9,5,3.45937732062
33969,11374,10041,0,10,2,9,2,7.97761797298
33970,11374,10278,0,10,1,9,1,7.53697945029
33971,11374,10106,0,10,4,9,1,6.86201036506
33972,11374,11428,0,10,2,9,2,6.28965189564
33973,11374,10286,0,10,1,9,1,7.96165223559
33974,11374,10279,0,10,1,9,1,7.7959987578
33975,11374,10103,0,10,1,9,1,6.62059866401
33976,11374,10196,0,10,1,9,1,7.21526807103
33977,11374,10154,0,10,1,9,1,6.29350077535
33978,11374,10119,0,10,2,9,2,7.15404173379
33979,11374,10464,0,10,5,9,4,9.86206516209
33980,11374,10166,0,10,2,9,2,6.38973273344
33981,11374,10203,0,10,1,9,1,7.21526807103
33982,11374,11359,0,10,2,9,2,6.43641202359
33983,11374,10177,0,10,1,9,1,6.39920770818
33984,11374,11040,0,10,1,9,1,9.6303804673
33985,11374,11364,0,10,2,9,2,5.50798354602
33986,11374,11692,0,10,2,9,2,9.73203464954
33987,11374,11423,0,10,1,9,1,4.92020381027
33988,11374,11415,0,10,2,9,2,2.05622615134
33989,11374,10175,0,10,2,9,1,6.56010846918
33990,10096,10012,0,2,445,2,357,3.94037253462
33991,10096,11222,0,2,110,2,71,4.10659616434
33992,10096,11231,0,2,65,2,44,7.1596926884
33993,10096,10019,0,2,637,2,440,1.12765762875
33994,10096,11102,0,2,35,2,30,2.83347758962
33995,10096,10003,0,2,493,2,400,3.38950775284
33996,10096,10020,0,2,143,2,116,1.53228193104
33997,10096,10018,0,2,339,2,256,1.96312776365
33998,10096,10001,0,2,670,2,468,2.30612178778
33999,10096,11365,0,2,21,2,9,10.1301322578
34000,10096,10007,0,2,1780,2,1042,4.8189012258
34001,10096,10022,0,2,228,2,164,1.58657220392
34002,10096,10013,0,2,745,2,406,4.40005523599
34003,10096,10472,0,2,23,2,8,6.65160095621
34004,10096,11226,0,2,195,2,123,9.41832390772
34005,10096,10027,0,2,141,2,83,2.49075012252
34006,10096,11210,0,2,34,2,20,10.6741571511
34007,10096,11693,0,2,6,2,6,15.1388052724
34008,10096,11432,0,2,49,2,36,10.6912642549
34009,10096,11103,0,2,35,2,26,3.68676348423
34010,10096,11237,0,2,64,2,53,6.12777163824
34011,10096,10010,0,2,218,2,181,2.89072459884
34012,10096,10014,0,2,397,2,286,3.50275920487
34013,10096,10009,0,2,135,2,91,3.70333965205
34014,10096,10036,2,2,826,2,656,1.6167019829
34015,10096,11216,0,2,60,2,49,7.08929748523
34016,10096,11418,0,2,15,2,11,9.43251120359
34017,10096,11109,0,2,5,2,5,10.5309288991
34018,10096,11371,0,2,71,2,65,5.38866308574
34019,10096,10460,0,2,42,2,22,6.55920501738
34020,10096,10048,0,2,86,2,65,5.0833037048
34021,10096,10128,0,2,51,2,40,1.40749434742
34022,10096,11375,0,2,44,2,27,8.0487476444
34023,10096,10023,0,2,210,2,134,0.437532527592
34024,10096,11211,0,2,352,2,256,4.88798840774
34025,10096,10011,0,2,437,2,352,2.99458692556
34026,10096,10025,0,2,143,2,65,1.3140348625
34027,10096,10032,0,2,65,2,28,4.5382874706
34028,10096,11232,0,2,125,2,24,8.75987434239
34029,10096,11377,0,2,46,2,33,4.65493538959
34030,10096,11361,0,2,19,2,11,10.7316417884
34031,10096,11206,0,2,90,2,63,5.70168171647
34032,10096,11430,0,2,187,2,143,13.0986166961
34033,10096,10021,0,2,62,2,45,1.22244104706
34034,10096,11201,0,2,234,2,176,5.9302191401
34035,10096,11238,0,2,109,2,64,6.98430544028
34036,10096,10016,0,2,162,2,110,2.3855939109
34037,10096,11218,0,2,26,2,19,9.39826013695
34038,10096,10301,0,2,45,2,32,11.9794035478
34039,10096,10452,0,2,54,2,34,4.92765216737
34040,10096,10314,0,2,51,2,30,14.9212679151
34041,10096,10461,0,2,50,2,20,8.45587295385
34042,10096,11101,0,2,193,2,96,3.15729156345
34043,10096,10029,0,2,50,2,38,1.81015400666
34044,10096,10467,0,2,33,2,22,8.47415464267
34045,10096,11208,0,2,43,2,13,9.26459532223
34046,10096,10024,0,2,101,2,71,0.388931412441
34047,10096,10005,0,2,65,2,41,5.41358242606
34048,10096,10030,0,2,39,2,26,3.12693458987
34049,10096,10002,0,2,258,2,186,4.42631793206
34050,10096,11385,0,2,56,2,31,6.95136698822
34051,10096,11220,0,2,38,2,23,9.8239236295
34052,10096,11215,0,2,123,2,95,7.82652353487
34053,10096,10038,0,2,174,2,85,5.09720787977
34054,10096,11217,0,2,92,2,71,6.80793821632
34055,10096,10462,0,2,104,2,58,7.52339581058
34056,10096,10040,0,2,80,2,27,5.95302852284
34057,10096,10457,0,2,28,2,16,6.14045611347
34058,10096,10017,0,2,277,2,161,1.98941896999
34059,10096,11433,0,2,18,2,12,11.5345393563
34060,10096,10308,0,2,8,2,8,18.274037329
34061,10096,10468,0,2,52,2,30,7.22733083622
34062,10096,10111,0,2,15,2,13,1.48496621042
34063,10096,10309,0,2,23,2,15,21.2976180264
34064,10096,10034,0,2,68,2,33,6.70393556979
34065,10096,10028,0,2,89,2,53,1.24139926007
34066,10096,10035,0,2,65,2,32,2.730731114
34067,10096,11228,0,2,10,2,8,11.4051262481
34068,10096,11105,0,2,25,2,19,3.64461639762
34069,10096,11355,0,2,26,2,18,8.55432642023
34070,10096,11209,0,2,49,2,28,11.2084632706
34071,10096,11213,0,2,35,2,20,7.90041692688
34072,10096,11369,0,2,12,2,8,5.73056204639
34073,10096,10031,0,2,64,2,45,3.47160195907
34074,10096,11221,0,2,120,2,61,6.72806582526
34075,10096,11212,0,2,12,2,10,8.84205266409
34076,10096,11233,0,2,74,2,34,7.79592863885
34077,10096,11368,0,2,62,2,41,6.65130376974
34078,10096,11205,0,2,37,2,31,6.00380613639
34079,10096,10069,0,2,14,2,8,0.787691912824
34080,10096,11203,0,2,39,2,8,9.37794254713
34081,10096,10459,0,2,16,2,8,5.37258593933
34082,10096,11219,0,2,6,2,4,10.2822336006
34083,10096,11434,0,2,32,2,16,12.9837936958
34084,10096,11230,0,2,11,2,5,10.9066653482
34085,10096,11373,0,2,53,2,27,6.04675316429
34086,10096,11362,0,2,8,2,5,12.8805971625
34087,10096,10305,0,2,11,2,8,13.5520214958
34088,10096,11104,0,2,8,2,6,3.95785668194
34089,10096,10004,0,2,168,2,99,6.55191311085
34090,10096,10275,0,2,13,2,7,0.0
34091,10096,10118,0,2,4,2,3,2.2445470517
34092,10096,10026,0,2,57,2,43,1.92739062389
34093,10096,11235,0,2,19,2,14,13.6635491855
34094,10096,10469,0,2,44,2,12,9.1157474716
34095,10096,10281,0,2,31,2,24,4.97377146569
34096,10096,11223,0,2,10,2,7,12.6030007008
34097,10096,11379,0,2,33,2,13,6.80862057042
34098,10096,10465,0,2,37,2,16,8.9285050526
34099,10096,10455,0,2,20,2,11,4.3635284813
34100,10096,10466,0,2,16,2,11,10.2155456986
34101,10096,11239,0,2,4,2,2,10.6358831265
34102,10096,11207,0,2,86,2,31,8.74306360187
34103,10096,11367,0,2,35,2,17,8.92852596981
34104,10096,11106,0,2,21,2,19,2.72442446974
34105,10096,10471,0,2,19,2,15,9.14140768028
34106,10096,11234,0,2,50,2,15,11.5658415366
34107,10096,10167,0,2,11,2,4,1.79024995686
34108,10096,10453,0,2,21,2,16,6.04090568462
34109,10096,10451,0,2,20,2,12,3.93902463345
34110,10096,10033,0,2,86,2,31,5.18893828617
34111,10096,11354,0,2,38,2,25,8.03368033291
34112,10096,10463,0,2,36,2,16,7.82796800334
34113,10096,10169,0,2,4,2,4,1.8149032877
34114,10096,10456,0,2,21,2,12,4.93388404614
34115,10096,11420,0,2,8,2,7,11.3195053369
34116,10096,10153,0,2,6,2,5,1.19719694048
34117,10096,10307,0,2,6,2,3,23.4512321096
34118,10096,10306,0,2,17,2,8,16.3494767857
34119,10096,10165,0,2,2,2,2,1.96154710664
34120,10096,10303,0,2,11,2,7,14.268306796
34121,10096,11224,0,2,22,2,13,14.1082402458
34122,10096,10304,0,2,8,2,5,13.3175174289
34123,10096,10458,0,2,34,2,31,7.38849022318
34124,10096,11414,0,2,13,2,7,10.9997255981
34125,10096,11204,0,2,9,2,8,11.1720564904
34126,10096,11372,0,2,16,2,11,5.30945498578
34127,10096,11357,0,2,9,2,6,8.81340524795
34128,10096,10044,0,2,9,2,8,1.95002283189
34129,10096,11229,0,2,27,2,14,12.665467746
34130,10096,11236,0,2,15,2,9,10.418234404
34131,10096,10302,0,2,5,2,5,13.3099056711
34132,10096,11422,0,2,11,2,8,15.0996621974
34133,10096,10312,0,2,4,2,2,19.4502518355
34134,10096,10310,0,2,27,2,6,12.5675550301
34135,10096,11429,0,2,8,2,6,13.4474467781
34136,10096,10152,0,2,2,2,2,1.54965548739
34137,10096,11214,0,2,10,2,6,12.5809339642
34138,10096,11435,0,2,41,2,23,10.39774879
34139,10096,10039,0,2,8,2,7,3.77413652113
34140,10096,10121,0,2,1,2,1,2.28120226497
34141,10096,11413,0,2,14,2,7,14.0970248952
34142,10096,10473,0,2,14,2,9,6.72606636125
34143,10096,10454,0,2,19,2,10,3.63707780362
34144,10096,11416,0,2,5,2,5,9.46428660066
34145,10096,10280,0,2,5,2,3,5.48772382101
34146,10096,11694,0,2,5,2,4,15.6610785344
34147,10096,11358,0,2,6,2,4,9.6005256539
34148,10096,11421,0,2,4,2,4,8.79847832347
34149,10096,11412,0,2,4,2,4,12.7985262568
34150,10096,10174,0,2,2,2,2,2.0104398094
34151,10096,11417,0,2,3,2,3,10.0514264754
34152,10096,11427,0,2,5,2,4,12.5689469668
34153,10096,11411,0,2,4,2,2,14.0287177077
34154,10096,11374,0,2,10,2,9,7.21526807103
34155,10096,10096,2,2,2,2,2,0.0
34156,10096,10006,0,2,19,2,18,5.37437222958
34157,10096,10037,0,2,15,2,10,3.11421440198
34158,10096,11370,0,2,8,2,4,4.70804964797
34159,10096,10475,0,2,15,2,11,10.4305589465
34160,10096,11225,0,2,17,2,13,8.21483272115
34161,10096,10282,0,2,10,2,9,4.80029410874
34162,10096,11426,0,2,12,2,5,13.8486101379
34163,10096,11378,0,2,18,2,7,5.52760631183
34164,10096,10107,0,2,1,2,1,1.03019396084
34165,10096,11251,0,2,4,2,3,9.51128787782
34166,10096,11436,0,2,6,2,3,11.9875910775
34167,10096,11360,0,2,10,2,5,10.3400309933
34168,10096,11356,0,2,2,2,2,7.01079277068
34169,10096,10474,0,2,8,2,7,5.20661276689
34170,10096,11697,0,2,1,2,1,15.6376175002
34171,10096,10172,0,2,2,2,2,1.74860450091
34172,10096,11691,0,2,4,2,3,16.9144069971
34173,10096,10470,0,2,6,2,4,10.2798474547
34174,10096,11366,0,2,7,2,5,10.2747263149
34175,10096,10041,0,2,2,2,2,5.63340276726
34176,10096,10278,0,2,1,2,1,4.7019781413
34177,10096,10106,0,2,4,2,1,1.08364380343
34178,10096,11428,0,2,2,2,2,13.0705996242
34179,10096,10286,0,2,1,2,1,4.93833246302
34180,10096,10279,0,2,1,2,1,4.95266614925
34181,10096,10103,0,2,1,2,1,1.36919100484
34182,10096,10196,0,2,1,2,1,0.0
34183,10096,10154,0,2,1,2,1,1.58858549871
34184,10096,10119,0,2,2,2,2,2.22341453155
34185,10096,10464,0,2,5,2,4,11.1794443674
34186,10096,10166,0,2,2,2,2,1.80579537384
34187,10096,10203,0,2,1,2,1,0.0
34188,10096,11359,0,2,2,2,2,10.5473962572
34189,10096,10177,0,2,1,2,1,1.75402386185
34190,10096,11040,0,2,1,2,1,15.8637775205
34191,10096,11364,0,2,2,2,2,11.6371030253
34192,10096,11692,0,2,2,2,2,16.0883191151
34193,10096,11423,0,2,1,2,1,11.8860611815
34194,10096,11415,0,2,2,2,2,9.26550621658
34195,10096,10175,0,2,2,2,1,1.82994166115
34196,10006,10012,1,19,445,18,357,1.47618498726
34197,10006,11222,0,19,110,18,71,3.78072670241
34198,10006,11231,0,19,65,18,44,2.08794968517
34199,10006,10019,2,19,637,18,440,4.24788541679
34200,10006,11102,0,19,35,18,30,6.39132244487
34201,10006,10003,1,19,493,18,400,2.11645589225
34202,10006,10020,1,19,143,18,116,3.91185157497
34203,10006,10018,1,19,339,18,256,3.42254119112
34204,10006,10001,3,19,670,18,468,3.08602652547
34205,10006,11365,0,19,21,18,9,11.8154243443
34206,10006,10007,3,19,1780,18,1042,0.574222546516
34207,10006,10022,1,19,228,18,164,4.27708164581
34208,10006,10013,1,19,745,18,406,0.979298283466
34209,10006,10472,0,19,23,18,8,11.3708862826
34210,10006,11226,0,19,195,18,123,5.28541747665
34211,10006,10027,1,19,141,18,83,7.85201898593
34212,10006,11210,1,19,34,18,20,6.57016468374
34213,10006,11693,0,19,6,18,6,12.7342981003
34214,10006,11432,1,19,49,18,36,11.5689690438
34215,10006,11103,0,19,35,18,26,6.58684283915
34216,10006,11237,0,19,64,18,53,4.91928530378
34217,10006,10010,2,19,218,18,181,2.70602954109
34218,10006,10014,1,19,397,18,286,1.89846697355
34219,10006,10009,0,19,135,18,91,2.25555276672
34220,10006,10036,1,19,826,18,656,3.76398040702
34221,10006,11216,2,19,60,18,49,3.91420432425
34222,10006,11418,0,19,15,18,11,9.462605437
34223,10006,11109,0,19,5,18,5,8.44750191899
34224,10006,11371,0,19,71,18,65,8.50378741803
34225,10006,10460,0,19,42,18,22,11.5326595683
34226,10006,10048,1,19,86,18,65,0.294817362528
34227,10006,10128,1,19,51,18,40,6.0834124484
34228,10006,11375,1,19,44,18,27,8.84278166026
34229,10006,10023,1,19,210,18,134,4.97162383544
34230,10006,11211,1,19,352,18,256,3.11922977366
34231,10006,10011,2,19,437,18,352,2.38884216348
34232,10006,10025,1,19,143,18,65,6.68836860728
34233,10006,10032,1,19,65,18,28,9.90788985495
34234,10006,11232,0,19,125,18,24,3.64928687426
34235,10006,11377,0,19,46,18,33,6.24132120671
34236,10006,11361,0,19,19,18,11,13.1366159084
34237,10006,11206,0,19,90,18,63,3.72394601183
34238,10006,11430,1,19,187,18,143,12.1047571881
34239,10006,10021,1,19,62,18,45,5.01659612216
34240,10006,11201,1,19,234,18,176,1.54699510011
34241,10006,11238,1,19,109,18,64,3.28652435357
34242,10006,10016,1,19,162,18,110,3.24241763239
34243,10006,11218,0,19,26,18,19,4.79416080809
34244,10006,10301,0,19,45,18,32,6.75724914997
34245,10006,10452,0,19,54,18,34,10.2147093241
34246,10006,10314,1,19,51,18,30,9.84985772578
34247,10006,10461,0,19,50,18,20,13.087569321
34248,10006,11101,1,19,193,18,96,4.68042090354
34249,10006,10029,1,19,50,18,38,6.77882769304
34250,10006,10467,0,19,33,18,22,13.6272074384
34251,10006,11208,0,19,43,18,13,7.79171164405
34252,10006,10024,1,19,101,18,71,5.7413354925
34253,10006,10005,1,19,65,18,41,0.285498628651
34254,10006,10030,0,19,39,18,26,8.44543304017
34255,10006,10002,1,19,258,18,186,1.52372430211
34256,10006,11385,0,19,56,18,31,6.34005809213
34257,10006,11220,0,19,38,18,23,4.58803051204
34258,10006,11215,0,19,123,18,95,3.14719958582
34259,10006,10038,1,19,174,18,85,0.527395039163
34260,10006,11217,1,19,92,18,71,2.58196108609
34261,10006,10462,1,19,104,18,58,12.3198306143
34262,10006,10040,0,19,80,18,27,11.3182362646
34263,10006,10457,0,19,28,18,16,11.3160669208
34264,10006,10017,1,19,277,18,161,3.73922740432
34265,10006,11433,0,19,18,18,12,11.8981832579
34266,10006,10308,0,19,8,18,8,12.9993924926
34267,10006,10468,0,19,52,18,30,12.5136770219
34268,10006,10111,0,19,15,18,13,4.0063688966
34269,10006,10309,0,19,23,18,15,16.1640963483
34270,10006,10034,1,19,68,18,33,12.0630078245
34271,10006,10028,1,19,89,18,53,5.68135201214
34272,10006,10035,0,19,65,18,32,7.74975476554
34273,10006,11228,0,19,10,18,8,6.23434867821
34274,10006,11105,0,19,25,18,19,7.19398955544
34275,10006,11355,0,19,26,18,18,10.5801995661
34276,10006,11209,1,19,49,18,28,5.90068878363
34277,10006,11213,0,19,35,18,20,4.86311610113
34278,10006,11369,0,19,12,18,8,8.40488855472
34279,10006,10031,0,19,64,18,45,8.83903478162
34280,10006,11221,0,19,120,18,61,4.7139956527
34281,10006,11212,0,19,12,18,10,6.13334541064
34282,10006,11233,0,19,74,18,34,5.42007877409
34283,10006,11368,0,19,62,18,41,8.57641300391
34284,10006,11205,1,19,37,18,31,2.69828753738
34285,10006,10069,0,19,14,18,8,4.81537824642
34286,10006,11203,0,19,39,18,8,5.8580639339
34287,10006,10459,0,19,16,18,8,10.2714044758
34288,10006,11219,0,19,6,18,4,5.28373934814
34289,10006,11434,0,19,32,18,16,12.846765653
34290,10006,11230,0,19,11,18,5,6.40283091789
34291,10006,11373,0,19,53,18,27,7.36826334123
34292,10006,11362,0,19,8,18,5,15.1352063045
34293,10006,10305,0,19,11,18,8,8.18104407759
34294,10006,11104,0,19,8,18,6,5.51790077963
34295,10006,10004,1,19,168,18,99,1.57594566557
34296,10006,10275,0,19,13,18,7,5.37437222958
34297,10006,10118,1,19,4,18,3,3.16896573031
34298,10006,10026,0,19,57,18,43,7.23986302064
34299,10006,11235,0,19,19,18,14,9.18539300572
34300,10006,10469,0,19,44,18,12,14.1024994112
34301,10006,10281,1,19,31,18,24,0.471966139494
34302,10006,11223,0,19,10,18,7,7.87614274361
34303,10006,11379,0,19,33,18,13,7.06701138954
34304,10006,10465,0,19,37,18,16,13.1044207815
34305,10006,10455,0,19,20,18,11,9.270591873
34306,10006,10466,0,19,16,18,11,15.3516093812
34307,10006,11239,0,19,4,18,2,8.24986446235
34308,10006,11207,0,19,86,18,31,6.7611924225
34309,10006,11367,0,19,35,18,17,10.1794520366
34310,10006,11106,0,19,21,18,19,5.69575913574
34311,10006,10471,0,19,19,18,15,14.5065267058
34312,10006,11234,0,19,50,18,15,7.82827704995
34313,10006,10167,0,19,11,18,4,3.81794163595
34314,10006,10453,0,19,21,18,16,11.3351743716
34315,10006,10451,0,19,20,18,12,9.0771670737
34316,10006,10033,0,19,86,18,31,10.5551643598
34317,10006,11354,0,19,38,18,25,10.7246833996
34318,10006,10463,1,19,36,18,16,13.1781771771
34319,10006,10169,1,19,4,18,4,3.7639238973
34320,10006,10456,0,19,21,18,12,10.043217867
34321,10006,11420,0,19,8,18,7,10.7233148174
34322,10006,10153,0,19,6,18,5,4.40656333965
34323,10006,10307,0,19,6,18,3,18.3468428174
34324,10006,10306,1,19,17,18,8,11.0215697544
34325,10006,10165,0,19,2,18,2,3.56242549363
34326,10006,10303,0,19,11,18,7,9.51668740058
34327,10006,11224,0,19,22,18,13,9.13242374978
34328,10006,10304,0,19,8,18,5,7.98751899676
34329,10006,10458,1,19,34,18,31,12.6086007797
34330,10006,11414,0,19,13,18,7,9.57645529516
34331,10006,11204,0,19,9,18,8,6.32078624279
34332,10006,11372,0,19,16,18,11,7.37658862888
34333,10006,11357,0,19,9,18,6,11.9473201931
34334,10006,10044,0,19,9,18,8,5.0394478661
34335,10006,11229,0,19,27,18,14,8.40330158824
34336,10006,11236,0,19,15,18,9,7.40872135155
34337,10006,10302,0,19,5,18,5,8.38601466831
34338,10006,11422,0,19,11,18,8,14.9486661462
34339,10006,10312,0,19,4,18,2,14.2337380935
34340,10006,10310,0,19,27,18,6,7.49094143429
34341,10006,11429,0,19,8,18,6,14.4080618209
34342,10006,10152,0,19,2,18,2,4.11300049344
34343,10006,11214,1,19,10,18,6,7.56981505528
34344,10006,11435,0,19,41,18,23,10.7030822396
34345,10006,10039,0,19,8,18,7,9.09071295845
34346,10006,10121,0,19,1,18,1,3.09372765931
34347,10006,11413,0,19,14,18,7,14.0063946211
34348,10006,10473,0,19,14,18,9,11.1333639898
34349,10006,10454,0,19,19,18,10,8.4715738269
34350,10006,11416,0,19,5,18,5,8.73347889277
34351,10006,10280,0,19,5,18,3,0.231959763392
34352,10006,11694,0,19,5,18,4,12.5914316941
34353,10006,11358,0,19,6,18,4,11.9697199205
34354,10006,11421,0,19,4,18,4,8.23167560531
34355,10006,11412,0,19,4,18,4,13.3557585475
34356,10006,10174,0,19,2,18,2,3.62598877502
34357,10006,11417,0,19,3,18,3,9.13561597786
34358,10006,11427,0,19,5,18,4,14.014733808
34359,10006,11411,0,19,4,18,2,14.6159952397
34360,10006,11374,0,19,10,18,9,8.09356871697
34361,10006,10096,0,19,2,18,2,5.37437222958
34362,10006,10006,18,19,19,18,18,0.0
34363,10006,10037,0,19,15,18,10,8.33118026505
34364,10006,11370,0,19,8,18,4,7.48820357754
34365,10006,10475,0,19,15,18,11,15.3564552098
34366,10006,11225,0,19,17,18,13,4.3628172582
34367,10006,10282,0,19,10,18,9,0.641776942551
34368,10006,11426,0,19,12,18,5,15.4393496632
34369,10006,11378,0,19,18,18,7,5.91900650684
34370,10006,10107,0,19,1,18,1,4.3478147203
34371,10006,11251,0,19,4,18,3,5.62921231003
34372,10006,11436,0,19,6,18,3,11.6098344746
34373,10006,11360,0,19,10,18,5,13.2292980525
34374,10006,11356,0,19,2,18,2,10.3926667472
34375,10006,10474,0,19,8,18,7,9.81912966147
34376,10006,11697,0,19,1,18,1,11.5801735686
34377,10006,10172,0,19,2,18,2,3.86827373412
34378,10006,11691,0,19,4,18,3,15.2743905662
34379,10006,10470,0,19,6,18,4,15.5228886429
34380,10006,11366,0,19,7,18,5,11.5352776178
34381,10006,10041,0,19,2,18,2,0.378324431269
34382,10006,10278,0,19,1,18,1,0.733610054867
34383,10006,10106,0,19,4,18,1,4.3186747674
34384,10006,11428,0,19,2,18,2,14.3133872497
34385,10006,10286,0,19,1,18,1,0.44385949026
34386,10006,10279,0,19,1,18,1,0.43763711367
34387,10006,10103,0,19,1,18,1,4.10681365957
34388,10006,10196,0,19,1,18,1,5.37437222958
34389,10006,10154,0,19,1,18,1,4.06417889936
34390,10006,10119,1,19,2,18,2,3.1515644676
34391,10006,10464,0,19,5,18,4,15.6328980329
34392,10006,10166,0,19,2,18,2,3.76661469572
34393,10006,10203,0,19,1,18,1,5.37437222958
34394,10006,11359,0,19,2,18,2,13.7334574019
34395,10006,10177,0,19,1,18,1,3.81518721564
34396,10006,11040,0,19,1,18,1,17.7234621965
34397,10006,11364,0,19,2,18,2,13.5730489099
34398,10006,11692,0,19,2,18,2,13.9239089739
34399,10006,11423,0,19,1,18,1,12.8810833009
34400,10006,11415,0,19,2,18,2,9.64574997916
34401,10006,10175,0,19,2,18,1,3.6563773405
34402,10037,10012,3,15,445,10,357,6.85804177811
34403,10037,11222,1,15,110,10,71,6.02931212924
34404,10037,11231,2,15,65,10,44,9.91859261252
34405,10037,10019,2,15,637,10,440,4.1885010245
34406,10037,11102,2,15,35,10,30,2.96733614357
34407,10037,10003,0,15,493,10,400,6.23935339677
34408,10037,10020,0,15,143,10,116,4.42729076512
34409,10037,10018,2,15,339,10,256,5.01781141148
34410,10037,10001,4,15,670,10,468,5.35826791153
34411,10037,11365,2,15,21,10,9,9.13619390761
34412,10037,10007,3,15,1780,10,1042,7.75980452325
34413,10037,10022,3,15,228,10,164,4.09219975818
34414,10037,10013,0,15,745,10,406,7.35355700121
34415,10037,10472,2,15,23,10,8,3.73868089738
34416,10037,11226,2,15,195,10,123,11.645784668
34417,10037,10027,2,15,141,10,83,0.988442962833
34418,10037,11210,2,15,34,10,20,12.8051581271
34419,10037,11693,0,15,6,10,6,16.135917572
34420,10037,11432,0,15,49,10,36,10.154760903
34421,10037,11103,2,15,35,10,26,3.72245211269
34422,10037,11237,2,15,64,10,53,7.63998655095
34423,10037,10010,2,15,218,10,181,5.66784733729
34424,10037,10014,2,15,397,10,286,6.52901041061
34425,10037,10009,0,15,135,10,91,6.35776458203
34426,10037,10036,3,15,826,10,656,4.67436699304
34427,10037,11216,2,15,60,10,49,9.1983282934
34428,10037,11418,0,15,15,10,11,9.58080893339
34429,10037,11109,0,15,5,10,5,11.6938051355
34430,10037,11371,2,15,71,10,65,4.28762801416
34431,10037,10460,2,15,42,10,22,3.48888145672
34432,10037,10048,0,15,86,10,65,8.05013240768
34433,10037,10128,2,15,51,10,40,2.29753564599
34434,10037,11375,2,15,44,10,27,7.96940566368
34435,10037,10023,2,15,210,10,134,3.55170278639
34436,10037,11211,2,15,352,10,256,7.05393006806
34437,10037,10011,2,15,437,10,352,6.01628517802
34438,10037,10025,0,15,143,10,65,1.96494468108
34439,10037,10032,2,15,65,10,28,1.90485694713
34440,10037,11232,2,15,125,10,24,11.4667833235
34441,10037,11377,2,15,46,10,33,5.15390582087
34442,10037,11361,2,15,19,10,11,9.18713455787
34443,10037,11206,0,15,90,10,63,7.66997209147
34444,10037,11430,2,15,187,10,143,13.4416330057
34445,10037,10021,2,15,62,10,45,3.35405091342
34446,10037,11201,2,15,234,10,176,8.60910995522
34447,10037,11238,0,15,109,10,64,9.29779301125
34448,10037,10016,2,15,162,10,110,5.12127561286
34449,10037,11218,2,15,26,10,19,11.8356468945
34450,10037,10301,2,15,45,10,32,15.0326105012
34451,10037,10452,2,15,54,10,34,1.89393968015
34452,10037,10314,2,15,51,10,30,18.0141087016
34453,10037,10461,1,15,50,10,20,5.52463944328
34454,10037,11101,2,15,193,10,96,4.69772400152
34455,10037,10029,3,15,50,10,38,1.58602882393
34456,10037,10467,2,15,33,10,22,5.3626084038
34457,10037,11208,0,15,43,10,13,10.2690246437
34458,10037,10024,0,15,101,10,71,2.84199856324
34459,10037,10005,2,15,65,10,41,8.32616245789
34460,10037,10030,1,15,39,10,26,0.506583969453
34461,10037,10002,1,15,258,10,186,7.16319711742
34462,10037,11385,1,15,56,10,31,7.94407631084
34463,10037,11220,2,15,38,10,23,12.5788324984
34464,10037,11215,2,15,123,10,95,10.3949550724
34465,10037,10038,2,15,174,10,85,7.98430669583
34466,10037,11217,0,15,92,10,71,9.31988044786
34467,10037,10462,3,15,104,10,58,4.52374871281
34468,10037,10040,2,15,80,10,27,3.15264282169
34469,10037,10457,3,15,28,10,16,3.02861541816
34470,10037,10017,2,15,277,10,161,4.63075861148
34471,10037,11433,2,15,18,10,12,11.2244147328
34472,10037,10308,0,15,8,10,8,21.3130868965
34473,10037,10468,2,15,52,10,30,4.18350293509
34474,10037,10111,0,15,15,10,13,4.3266199229
34475,10037,10309,2,15,23,10,15,24.3853059106
34476,10037,10034,1,15,68,10,33,3.83926268065
34477,10037,10028,2,15,89,10,53,2.6955728627
34478,10037,10035,2,15,65,10,32,0.770225500002
34479,10037,11228,1,15,10,10,8,14.0819105759
34480,10037,11105,0,15,25,10,19,3.04744053887
34481,10037,11355,2,15,26,10,18,7.54686218314
34482,10037,11209,2,15,49,10,28,14.0037906418
34483,10037,11213,0,15,35,10,20,9.82962835322
34484,10037,11369,2,15,12,10,8,4.90027207146
34485,10037,10031,1,15,64,10,45,1.10472853141
34486,10037,11221,0,15,120,10,61,8.44439297553
34487,10037,11212,0,15,12,10,10,10.5016583207
34488,10037,11233,0,15,74,10,34,9.46029808597
34489,10037,11368,2,15,62,10,41,6.12868940287
34490,10037,11205,0,15,37,10,31,8.36398522242
34491,10037,10069,0,15,14,10,8,3.86818164742
34492,10037,11203,0,15,39,10,8,11.3400830651
34493,10037,10459,1,15,16,10,8,2.39711729581
34494,10037,11219,0,15,6,10,4,12.8778930525
34495,10037,11434,2,15,32,10,16,12.8421370814
34496,10037,11230,0,15,11,10,5,13.2200534744
34497,10037,11373,2,15,53,10,27,6.14431041235
34498,10037,11362,1,15,8,10,5,11.2702302358
34499,10037,10305,0,15,11,10,8,16.491396309
34500,10037,11104,0,15,8,10,6,4.88081657071
34501,10037,10004,2,15,168,10,99,9.61340639954
34502,10037,10275,0,15,13,10,7,3.11421440198
34503,10037,10118,0,15,4,10,3,5.16740111108
34504,10037,10026,0,15,57,10,43,1.21411676266
34505,10037,11235,1,15,19,10,14,15.8587614534
34506,10037,10469,0,15,44,10,12,6.01658154053
34507,10037,10281,0,15,31,10,24,7.96961268628
34508,10037,11223,0,15,10,10,7,14.9729182234
34509,10037,11379,2,15,33,10,13,7.3515392243
34510,10037,10465,2,15,37,10,16,6.27732497484
34511,10037,10455,0,15,20,10,11,1.4990304982
34512,10037,10466,0,15,16,10,11,7.10360094243
34513,10037,11239,0,15,4,10,2,11.9409922846
34514,10037,11207,2,15,86,10,31,10.0767329504
34515,10037,11367,2,15,35,10,17,8.39214933692
34516,10037,11106,0,15,21,10,19,3.55342247812
34517,10037,10471,2,15,19,10,15,6.27167858072
34518,10037,11234,0,15,50,10,15,13.4650193504
34519,10037,10167,0,15,11,10,4,4.52181944374
34520,10037,10453,1,15,21,10,16,3.01060242552
34521,10037,10451,2,15,20,10,12,0.848275905127
34522,10037,10033,2,15,86,10,31,2.4420909285
34523,10037,11354,2,15,38,10,25,6.62048807072
34524,10037,10463,2,15,36,10,16,4.90724317644
34525,10037,10169,0,15,4,10,4,4.57277622
34526,10037,10456,2,15,21,10,12,1.83218071841
34527,10037,11420,0,15,8,10,7,11.5959509305
34528,10037,10153,0,15,6,10,5,3.92462463749
34529,10037,10307,0,15,6,10,3,26.5456195077
34530,10037,10306,0,15,17,10,8,19.3522702841
34531,10037,10165,0,15,2,10,2,4.77080990504
34532,10037,10303,2,15,11,10,7,17.382358804
34533,10037,11224,0,15,22,10,13,16.5979149825
34534,10037,10304,0,15,8,10,5,16.3178807916
34535,10037,10458,2,15,34,10,31,4.2937310853
34536,10037,11414,2,15,13,10,7,11.7679249332
34537,10037,11204,0,15,9,10,8,13.6570612244
34538,10037,11372,1,15,16,10,11,5.1412305047
34539,10037,11357,0,15,9,10,6,6.94938094857
34540,10037,10044,0,15,9,10,8,3.59899327963
34541,10037,11229,2,15,27,10,14,14.7777178968
34542,10037,11236,1,15,15,10,9,12.0493135435
34543,10037,10302,2,15,5,10,5,16.4163657702
34544,10037,11422,0,15,11,10,8,14.8209347719
34545,10037,10312,0,15,4,10,2,22.5144359189
34546,10037,10310,0,15,27,10,6,15.6554577767
34547,10037,11429,1,15,8,10,6,12.6104352534
34548,10037,10152,0,15,2,10,2,4.22659398114
34549,10037,11214,0,15,10,10,6,15.1246804702
34550,10037,11435,2,15,41,10,23,10.2497711941
34551,10037,10039,2,15,8,10,7,0.884343151353
34552,10037,10121,0,15,1,10,1,5.28128801666
34553,10037,11413,2,15,14,10,7,13.8462026164
34554,10037,10473,2,15,14,10,9,4.06417066288
34555,10037,10454,2,15,19,10,10,1.16116930882
34556,10037,11416,2,15,5,10,5,10.0435376736
34557,10037,10280,0,15,5,10,3,8.4713926758
34558,10037,11694,0,15,5,10,4,17.0006854633
34559,10037,11358,0,15,6,10,4,8.20063389783
34560,10037,11421,1,15,4,10,4,9.38984203737
34561,10037,11412,0,15,4,10,4,12.2569928267
34562,10037,10174,0,15,2,10,2,4.72521373033
34563,10037,11417,0,15,3,10,3,10.653085243
34564,10037,11427,2,15,5,10,4,11.4953335722
34565,10037,11411,0,15,4,10,2,13.3787409989
34566,10037,11374,2,15,10,10,9,7.26845475595
34567,10037,10096,0,15,2,10,2,3.11421440198
34568,10037,10006,0,15,19,10,18,8.33118026505
34569,10037,10037,10,15,15,10,10,0.0
34570,10037,11370,0,15,8,10,4,4.22018258679
34571,10037,10475,2,15,15,10,11,7.34040514632
34572,10037,11225,1,15,17,10,13,10.4318234605
34573,10037,10282,0,15,10,10,9,7.80312695217
34574,10037,11426,2,15,12,10,5,12.5957179989
34575,10037,11378,2,15,18,10,7,6.406235968
34576,10037,10107,0,15,1,10,1,4.05745256954
34577,10037,11251,0,15,4,10,3,11.6214813429
34578,10037,11436,2,15,6,10,3,12.0726256713
34579,10037,11360,2,15,10,10,5,8.497086242
34580,10037,11356,0,15,2,10,2,5.21913580808
34581,10037,10474,1,15,8,10,7,2.54847696295
34582,10037,11697,0,15,1,10,1,17.5310614937
34583,10037,10172,0,15,2,10,2,4.47154248937
34584,10037,11691,0,15,4,10,3,17.3980427302
34585,10037,10470,1,15,6,10,4,7.2016997298
34586,10037,11366,0,15,7,10,5,9.54297879796
34587,10037,10041,0,15,2,10,2,8.54517065933
34588,10037,10278,0,15,1,10,1,7.62002118465
34589,10037,10106,0,15,4,10,1,4.0531273565
34590,10037,11428,0,15,2,10,2,12.0863922005
34591,10037,10286,0,15,1,10,1,7.91202464289
34592,10037,10279,0,15,1,10,1,7.89650510375
34593,10037,10103,0,15,1,10,1,4.22960474103
34594,10037,10196,0,15,1,10,1,3.11421440198
34595,10037,10154,0,15,1,10,1,4.27549289557
34596,10037,10119,0,15,2,10,2,5.24304277735
34597,10037,10464,0,15,5,10,4,8.27790154288
34598,10037,10166,0,15,2,10,2,4.56921147635
34599,10037,10203,0,15,1,10,1,3.11421440198
34600,10037,11359,0,15,2,10,2,8.48117392079
34601,10037,10177,0,15,1,10,1,4.51947163002
34602,10037,11040,0,15,1,10,1,14.3415784973
34603,10037,11364,0,15,2,10,2,10.3246630771
34604,10037,11692,0,15,2,10,2,16.9056884632
34605,10037,11423,0,15,1,10,1,11.1534339923
34606,10037,11415,0,15,2,10,2,9.22874916298
34607,10037,10175,0,15,2,10,1,4.6748533207
34608,11370,10012,1,8,445,4,357,6.20933001113
34609,11370,11222,0,8,110,4,71,3.84320607563
34610,11370,11231,0,8,65,4,44,8.26762443007
34611,11370,10019,1,8,637,4,440,4.99183981547
34612,11370,11102,0,8,35,4,30,1.87781012859
34613,11370,10003,1,8,493,4,400,5.59729645632
34614,11370,10020,1,8,143,4,116,4.7169523657
34615,11370,10018,1,8,339,4,256,5.42400602504
34616,11370,10001,1,8,670,4,468,5.62652799248
34617,11370,11365,0,8,21,4,9,5.42482331136
34618,11370,10007,1,8,1780,4,1042,6.97129066109
34619,11370,10022,0,8,228,4,164,4.03895003975
34620,11370,10013,0,8,745,4,406,6.69342591995
34621,11370,10472,0,8,23,4,8,4.79225479538
34622,11370,11226,1,8,195,4,123,8.81362181142
34623,11370,10027,0,8,141,4,83,4.81354203038
34624,11370,11210,1,8,34,4,20,9.75739659424
34625,11370,11693,0,8,6,4,6,12.0456953879
34626,11370,11432,0,8,49,4,36,6.1188780127
34627,11370,11103,0,8,35,4,26,1.06978666056
34628,11370,11237,0,8,64,4,53,4.39661013695
34629,11370,10010,0,8,218,4,181,5.08040107955
34630,11370,10014,0,8,397,4,286,6.33289614159
34631,11370,10009,0,8,135,4,91,5.24694627281
34632,11370,10036,1,8,826,4,656,5.23500806262
34633,11370,11216,0,8,60,4,49,6.45607662305
34634,11370,11418,0,8,15,4,11,5.36079383059
34635,11370,11109,0,8,5,4,5,7.77262987425
34636,11370,11371,0,8,71,4,65,1.02267129553
34637,11370,10460,0,8,42,4,22,5.4040972452
34638,11370,10048,0,8,86,4,65,7.29274183237
34639,11370,10128,1,8,51,4,40,3.40014750765
34640,11370,11375,1,8,44,4,27,3.75442584424
34641,11370,10023,1,8,210,4,134,4.92713158346
34642,11370,11211,0,8,352,4,256,4.85216178584
34643,11370,10011,1,8,437,4,352,5.94824820675
34644,11370,10025,1,8,143,4,65,4.74963940737
34645,11370,10032,0,8,65,4,28,5.99014521029
34646,11370,11232,0,8,125,4,24,9.52435151857
34647,11370,11377,1,8,46,4,33,1.55430755936
34648,11370,11361,0,8,19,4,11,6.1175358658
34649,11370,11206,0,8,90,4,63,5.007751409
34650,11370,11430,0,8,187,4,143,9.22291654826
34651,11370,10021,0,8,62,4,45,3.68770578602
34652,11370,11201,1,8,234,4,176,6.97156497769
34653,11370,11238,0,8,109,4,64,6.85605967085
34654,11370,10016,1,8,162,4,110,4.71415856589
34655,11370,11218,1,8,26,4,19,9.32432509804
34656,11370,10301,0,8,45,4,32,14.0201179873
34657,11370,10452,0,8,54,4,34,5.48553253378
34658,11370,10314,1,8,51,4,30,17.1972043303
34659,11370,10461,0,8,50,4,20,6.15854809954
34660,11370,11101,0,8,193,4,96,2.82442540297
34661,11370,10029,0,8,50,4,38,3.50425477142
34662,11370,10467,1,8,33,4,22,7.61973175903
34663,11370,11208,0,8,43,4,13,6.30582428175
34664,11370,10024,0,8,101,4,71,4.81905361005
34665,11370,10005,0,8,65,4,41,7.33944787363
34666,11370,10030,0,8,39,4,26,4.71143741297
34667,11370,10002,0,8,258,4,186,5.97534451181
34668,11370,11385,0,8,56,4,31,4.13823118807
34669,11370,11220,0,8,38,4,23,10.6592474394
34670,11370,11215,1,8,123,4,95,8.26747436262
34671,11370,10038,1,8,174,4,85,6.98597132504
34672,11370,11217,1,8,92,4,71,7.22429591117
34673,11370,10462,1,8,104,4,58,5.71253720214
34674,11370,10040,0,8,80,4,27,6.89703804488
34675,11370,10457,0,8,28,4,16,5.79320146735
34676,11370,10017,0,8,277,4,161,4.35642875502
34677,11370,11433,0,8,18,4,12,7.09758994798
34678,11370,10308,0,8,8,4,8,20.0159429359
34679,11370,10468,0,8,52,4,30,7.19697786913
34680,11370,10111,0,8,15,4,13,4.58416349341
34681,11370,10309,1,8,23,4,15,23.3752400008
34682,11370,10034,0,8,68,4,33,7.38393506227
34683,11370,10028,0,8,89,4,53,3.46799005765
34684,11370,10035,0,8,65,4,32,3.53372605363
34685,11370,11228,0,8,10,4,8,11.8839170904
34686,11370,11105,0,8,25,4,19,1.22676880966
34687,11370,11355,0,8,26,4,18,3.84663129172
34688,11370,11209,1,8,49,4,28,12.0938771557
34689,11370,11213,0,8,35,4,20,6.7617813358
34690,11370,11369,0,8,12,4,8,1.04990434
34691,11370,10031,0,8,64,4,45,5.3242376317
34692,11370,11221,0,8,120,4,61,5.29853211474
34693,11370,11212,0,8,12,4,10,7.05897239644
34694,11370,11233,0,8,74,4,34,6.1194757727
34695,11370,11368,0,8,62,4,41,2.01226915812
34696,11370,11205,0,8,37,4,31,6.15979036654
34697,11370,10069,0,8,14,4,8,5.31508170678
34698,11370,11203,0,8,39,4,8,8.17406230564
34699,11370,10459,0,8,16,4,8,4.30938827984
34700,11370,11219,0,8,6,4,4,10.5840994822
34701,11370,11434,0,8,32,4,16,8.67410328552
34702,11370,11230,0,8,11,4,5,10.4092474324
34703,11370,11373,0,8,53,4,27,1.97085708394
34704,11370,11362,0,8,8,4,5,8.25629995101
34705,11370,10305,0,8,11,4,8,14.8993799065
34706,11370,11104,1,8,8,4,6,2.01732283694
34707,11370,10004,0,8,168,4,99,9.05070597518
34708,11370,10275,0,8,13,4,7,4.70804964797
34709,11370,10118,0,8,4,4,3,5.12654934202
34710,11370,10026,0,8,57,4,43,4.34648642491
34711,11370,11235,0,8,19,4,14,12.757110825
34712,11370,10469,0,8,44,4,12,7.63197579269
34713,11370,10281,0,8,31,4,24,7.33460786719
34714,11370,11223,0,8,10,4,7,12.1604492668
34715,11370,11379,1,8,33,4,13,3.29573779787
34716,11370,10465,1,8,37,4,16,5.77763131497
34717,11370,10455,0,8,20,4,11,3.73610548004
34718,11370,10466,0,8,16,4,11,9.11767313034
34719,11370,11239,0,8,4,4,2,8.10663724581
34720,11370,11207,0,8,86,4,31,6.36094021103
34721,11370,11367,0,8,35,4,17,4.33285308348
34722,11370,11106,0,8,21,4,19,2.14961253065
34723,11370,10471,0,8,19,4,15,9.53317576124
34724,11370,11234,1,8,50,4,15,10.1003990115
34725,11370,10167,0,8,11,4,4,4.4655525765
34726,11370,10453,0,8,21,4,16,6.31304532635
34727,11370,10451,1,8,20,4,12,4.25356601635
34728,11370,10033,1,8,86,4,31,6.35923308524
34729,11370,11354,0,8,38,4,25,3.45648721592
34730,11370,10463,1,8,36,4,16,8.1957387033
34731,11370,10169,0,8,4,4,4,4.52685526257
34732,11370,10456,0,8,21,4,12,4.69609833744
34733,11370,11420,0,8,8,4,7,7.37698807297
34734,11370,10153,0,8,6,4,5,4.31087335128
34735,11370,10307,0,8,6,4,3,25.5727577261
34736,11370,10306,0,8,17,4,8,17.9209942427
34737,11370,10165,0,8,2,4,2,4.69530009386
34738,11370,10303,0,8,11,4,7,16.9943621244
34739,11370,11224,0,8,22,4,13,13.9192421073
34740,11370,10304,0,8,8,4,5,14.9764554571
34741,11370,10458,0,8,34,4,31,6.98034482052
34742,11370,11414,0,8,13,4,7,7.64796670671
34743,11370,11204,1,8,9,4,8,11.1045642311
34744,11370,11372,1,8,16,4,11,0.945531854548
34745,11370,11357,0,8,9,4,6,4.51406641609
34746,11370,10044,0,8,9,4,8,3.07769632525
34747,11370,11229,1,8,27,4,14,11.608815992
34748,11370,11236,0,8,15,4,9,8.47988224494
34749,11370,10302,0,8,5,4,5,15.8299058031
34750,11370,11422,0,8,11,4,8,10.7063624609
34751,11370,10312,0,8,4,4,2,21.3482777677
34752,11370,10310,0,8,27,4,6,14.872543037
34753,11370,11429,0,8,8,4,6,8.78640702981
34754,11370,10152,0,8,2,4,2,4.29789361676
34755,11370,11214,0,8,10,4,6,12.6038589477
34756,11370,11435,0,8,41,4,23,6.0656326738
34757,11370,10039,0,8,8,4,7,4.99647106922
34758,11370,10121,0,8,1,4,1,5.39843206113
34759,11370,11413,0,8,14,4,7,9.71671720457
34760,11370,10473,0,8,14,4,9,4.17259952612
34761,11370,10454,0,8,19,4,10,3.25731299798
34762,11370,11416,0,8,5,4,5,5.89179040895
34763,11370,10280,0,8,5,4,3,7.7021150537
34764,11370,11694,0,8,5,4,4,13.0701491354
34765,11370,11358,0,8,6,4,4,4.95586749158
34766,11370,11421,0,8,4,4,4,5.25799855944
34767,11370,11412,0,8,4,4,4,8.24293595689
34768,11370,10174,0,8,2,4,2,4.50973421641
34769,11370,11417,1,8,3,4,3,6.49689462983
34770,11370,11427,0,8,5,4,4,7.8639928979
34771,11370,11411,0,8,4,4,2,9.43384151066
34772,11370,11374,1,8,10,4,9,3.05240666452
34773,11370,10096,0,8,2,4,2,4.70804964797
34774,11370,10006,0,8,19,4,18,7.48820357754
34775,11370,10037,0,8,15,4,10,4.22018258679
34776,11370,11370,4,8,8,4,4,0.0
34777,11370,10475,1,8,15,4,11,8.67043301687
34778,11370,11225,0,8,17,4,13,7.69572770084
34779,11370,10282,0,8,10,4,9,7.22688585689
34780,11370,11426,0,8,12,4,5,9.14195786602
34781,11370,11378,0,8,18,4,7,2.76066225121
34782,11370,10107,0,8,1,4,1,4.84339172563
34783,11370,11251,0,8,4,4,3,8.62531892583
34784,11370,11436,0,8,6,4,3,7.85986608537
34785,11370,11360,0,8,10,4,5,5.91782611786
34786,11370,11356,0,8,2,4,2,2.90544069954
34787,11370,10474,0,8,8,4,7,3.46711415921
34788,11370,11697,0,8,1,4,1,14.0301607996
34789,11370,10172,0,8,2,4,2,4.43523445354
34790,11370,11691,0,8,4,4,3,13.1824070243
34791,11370,10470,0,8,6,4,4,9.62346278771
34792,11370,11366,0,8,7,4,5,5.62088828634
34793,11370,10041,0,8,2,4,2,7.51769807707
34794,11370,10278,0,8,1,4,1,6.78910132445
34795,11370,10106,0,8,4,4,1,4.72006160755
34796,11370,11428,0,8,2,4,2,8.37703294703
34797,11370,10286,0,8,1,4,1,7.20508485059
34798,11370,10279,0,8,1,4,1,7.09017016429
34799,11370,10103,0,8,1,4,1,4.58421693682
34800,11370,10196,0,8,1,4,1,4.70804964797
34801,11370,10154,0,8,1,4,1,4.32418914317
34802,11370,10119,0,8,2,4,2,5.43690451091
34803,11370,10464,0,8,5,4,4,8.38971885539
34804,11370,10166,0,8,2,4,2,4.53497043389
34805,11370,10203,0,8,1,4,1,4.70804964797
34806,11370,11359,0,8,2,4,2,6.31369937207
34807,11370,10177,0,8,1,4,1,4.52085825335
34808,11370,11040,0,8,1,4,1,11.1883181569
34809,11370,11364,0,8,2,4,2,6.94351136599
34810,11370,11692,0,8,2,4,2,12.7493385042
34811,11370,11423,0,8,1,4,1,7.24615260185
34812,11370,11415,0,8,2,4,2,5.01719445256
34813,11370,10175,0,8,2,4,1,4.72192915797
34814,10475,10012,3,15,445,11,357,13.894064652
34815,10475,11222,1,15,110,11,71,12.248999062
34816,10475,11231,2,15,65,11,44,16.6208389571
34817,10475,10019,4,15,637,11,440,11.4500589982
34818,10475,11102,3,15,35,11,30,9.044246807
34819,10475,10003,2,15,493,11,400,13.2439018194
34820,10475,10020,1,15,143,11,116,11.587833395
34821,10475,10018,3,15,339,11,256,12.249886295
34822,10475,10001,3,15,670,11,468,12.5786876246
34823,10475,11365,2,15,21,11,9,9.78586213407
34824,10475,10007,5,15,1780,11,1042,14.7847693793
34825,10475,10022,2,15,228,11,164,11.1060854481
34826,10475,10013,0,15,745,11,406,14.4079408421
34827,10475,10472,2,15,23,11,8,4.01341617871
34828,10475,11226,3,15,195,11,123,17.4839730835
34829,10475,10027,2,15,141,11,83,8.17050544493
34830,10475,11210,3,15,34,11,20,18.4033063456
34831,10475,11693,0,15,6,11,6,19.4308124304
34832,10475,11432,0,15,49,11,36,11.4673832887
34833,10475,11103,2,15,35,11,26,9.14695533994
34834,10475,11237,2,15,64,11,53,13.0640504637
34835,10475,10010,3,15,218,11,181,12.6533237683
34836,10475,10014,2,15,397,11,286,13.6910978492
34837,10475,10009,0,15,135,11,91,13.1809679949
34838,10475,10036,3,15,826,11,656,11.9187359422
34839,10475,11216,3,15,60,11,49,15.1132480806
34840,10475,11418,0,15,15,11,11,12.430636223
34841,10475,11109,0,15,5,11,5,15.853297067
34842,10475,11371,2,15,71,11,65,7.79336858663
34843,10475,10460,2,15,42,11,22,3.87418238497
34844,10475,10048,0,15,86,11,65,15.0969419018
34845,10475,10128,3,15,51,11,40,9.34709725931
34846,10475,11375,3,15,44,11,27,10.9540316374
34847,10475,10023,3,15,210,11,134,10.8651007776
34848,10475,11211,2,15,352,11,256,13.3249331706
34849,10475,10011,3,15,437,11,352,13.1885699842
34850,10475,10025,1,15,143,11,65,9.2960016604
34851,10475,10032,2,15,65,11,28,6.6205788075
34852,10475,11232,2,15,125,11,24,18.024622108
34853,10475,11377,2,15,46,11,33,10.2223984242
34854,10475,11361,2,15,19,11,11,8.40442673582
34855,10475,11206,0,15,90,11,63,13.6284836627
34856,10475,11430,2,15,187,11,143,15.8100436991
34857,10475,10021,2,15,62,11,45,10.3839899301
34858,10475,11201,3,15,234,11,176,15.2821321289
34859,10475,11238,0,15,109,11,64,15.4641049413
34860,10475,10016,3,15,162,11,110,12.1263611443
34861,10475,11218,3,15,26,11,19,17.9731020311
34862,10475,10301,2,15,45,11,32,22.1131512134
34863,10475,10452,2,15,54,11,34,5.77253960051
34864,10475,10314,3,15,51,11,30,25.1852474294
34865,10475,10461,1,15,50,11,20,2.54648268585
34866,10475,11101,2,15,193,11,96,10.9527930924
34867,10475,10029,2,15,50,11,38,8.70426783978
34868,10475,10467,3,15,33,11,22,2.3426466541
34869,10475,11208,0,15,43,11,13,14.4176795772
34870,10475,10024,1,15,101,11,71,10.1793060863
34871,10475,10005,2,15,65,11,41,15.2958219593
34872,10475,10030,1,15,39,11,26,7.45984118513
34873,10475,10002,0,15,258,11,186,13.9986682918
34874,10475,11385,1,15,56,11,31,12.6128565767
34875,10475,11220,2,15,38,11,23,19.1666994265
34876,10475,11215,3,15,123,11,95,16.8114689644
34877,10475,10038,3,15,174,11,85,14.9369279515
34878,10475,11217,1,15,92,11,71,15.7365339522
34879,10475,10462,4,15,104,11,58,3.05258655725
34880,10475,10040,2,15,80,11,27,5.57213580052
34881,10475,10457,2,15,28,11,16,4.41741720466
34882,10475,10017,2,15,277,11,161,11.6334829086
34883,10475,11433,2,15,18,11,12,12.7152118286
34884,10475,10308,0,15,8,11,8,28.3167621416
34885,10475,10468,2,15,52,11,30,3.94247964821
34886,10475,10111,0,15,15,11,13,11.4685961121
34887,10475,10309,4,15,23,11,15,31.5200090731
34888,10475,10034,1,15,68,11,33,5.0110059
34889,10475,10028,2,15,89,11,53,9.7360324664
34890,10475,10035,2,15,65,11,32,7.7287833769
34891,10475,11228,1,15,10,11,8,20.4889726582
34892,10475,11105,0,15,25,11,19,8.37563551164
34893,10475,11355,2,15,26,11,18,8.91107186401
34894,10475,11209,3,15,49,11,28,20.6135431001
34895,10475,11213,0,15,35,11,20,15.4265239358
34896,10475,11369,2,15,12,11,8,8.32428180817
34897,10475,10031,1,15,64,11,45,7.40441722229
34898,10475,11221,0,15,120,11,61,13.9662120914
34899,10475,11212,0,15,12,11,10,15.623014459
34900,10475,11233,0,15,74,11,34,14.7434708924
34901,10475,11368,2,15,62,11,41,9.23142630187
34902,10475,11205,0,15,37,11,31,14.6821453047
34903,10475,10069,0,15,14,11,8,11.1999271052
34904,10475,11203,0,15,39,11,8,16.810406661
34905,10475,10459,1,15,16,11,8,5.10517878022
34906,10475,11219,0,15,6,11,4,19.2017363385
34907,10475,11434,2,15,32,11,16,14.3208052891
34908,10475,11230,0,15,11,11,5,19.0784809152
34909,10475,11373,2,15,53,11,27,10.2092525116
34910,10475,11362,1,15,8,11,5,9.51826317758
34911,10475,10305,0,15,11,11,8,23.3153185459
34912,10475,11104,1,15,8,11,6,10.5240129791
34913,10475,10004,2,15,168,11,99,16.7666952354
34914,10475,10275,0,15,13,11,7,10.4305589465
34915,10475,10118,0,15,4,11,3,12.2953146884
34916,10475,10026,0,15,57,11,43,8.55435297721
34917,10475,11235,1,15,19,11,14,21.3650806217
34918,10475,10469,0,15,44,11,12,1.33617030743
34919,10475,10281,0,15,31,11,24,15.0557215045
34920,10475,11223,0,15,10,11,7,20.8262597993
34921,10475,11379,3,15,33,11,13,11.5626068038
34922,10475,10465,3,15,37,11,16,3.66644296879
34923,10475,10455,0,15,20,11,11,6.12160515963
34924,10475,10466,0,15,16,11,11,1.4199439339
34925,10475,11239,0,15,4,11,2,16.3012306525
34926,10475,11207,2,15,86,11,31,14.7762493532
34927,10475,11367,2,15,35,11,17,10.3462366201
34928,10475,11106,0,15,21,11,19,9.77477125503
34929,10475,10471,2,15,19,11,15,4.36768052619
34930,10475,11234,1,15,50,11,15,18.6347034759
34931,10475,10167,0,15,11,11,4,11.5874272058
34932,10475,10453,1,15,21,11,16,4.87232325777
34933,10475,10451,3,15,20,11,12,6.4987176597
34934,10475,10033,3,15,86,11,31,6.09527083155
34935,10475,11354,2,15,38,11,25,7.62858893674
34936,10475,10463,3,15,36,11,16,4.30250008337
34937,10475,10169,0,15,4,11,4,11.6471115255
34938,10475,10456,2,15,21,11,12,5.50822584212
34939,10475,11420,0,15,8,11,7,14.1838128538
34940,10475,10153,0,15,6,11,5,11.0601655603
34941,10475,10307,0,15,6,11,3,33.7003084022
34942,10475,10306,0,15,17,11,8,26.2807729609
34943,10475,10165,0,15,2,11,2,11.8551182799
34944,10475,10303,2,15,11,11,7,24.6586762191
34945,10475,11224,0,15,22,11,13,22.5893091732
34946,10475,10304,0,15,8,11,5,23.2695694245
34947,10475,10458,2,15,34,11,31,3.46553814183
34948,10475,11414,2,15,13,11,7,15.2323398679
34949,10475,11204,1,15,9,11,8,19.7667658325
34950,10475,11372,2,15,16,11,11,9.38149549635
34951,10475,11357,0,15,9,11,6,6.54633541621
34952,10475,10044,0,15,9,11,8,10.3220437559
34953,10475,11229,4,15,27,11,14,20.2053301536
34954,10475,11236,1,15,15,11,9,16.9272567742
34955,10475,10302,2,15,5,11,5,23.6429977544
34956,10475,11422,0,15,11,11,8,15.6378006545
34957,10475,10312,0,15,4,11,2,29.5810536914
34958,10475,10310,0,15,27,11,6,22.8209183216
34959,10475,11429,1,15,8,11,6,12.5547973454
34960,10475,10152,0,15,2,11,2,11.3005260191
34961,10475,11214,0,15,10,11,6,21.2673311418
34962,10475,11435,3,15,41,11,23,12.3408673469
34963,10475,10039,2,15,8,11,7,6.87687165166
34964,10475,10121,0,15,1,11,1,12.460544243
34965,10475,11413,2,15,14,11,7,14.893876987
34966,10475,10473,3,15,14,11,9,4.49789433211
34967,10475,10454,3,15,19,11,10,6.90947992089
34968,10475,11416,2,15,5,11,5,13.5339627978
34969,10475,10280,0,15,5,11,3,15.5278628369
34970,10475,11694,0,15,5,11,4,20.8723360564
34971,10475,11358,0,15,6,11,4,8.28592079343
34972,10475,11421,1,15,4,11,4,13.0628359853
34973,10475,11412,0,15,4,11,4,12.9815988224
34974,10475,10174,0,15,2,11,2,11.7587617165
34975,10475,11417,1,15,3,11,3,14.0435134817
34976,10475,11427,2,15,5,11,4,11.1397863047
34977,10475,11411,0,15,4,11,2,13.6033078218
34978,10475,11374,3,15,10,11,9,10.7594761935
34979,10475,10096,0,15,2,11,2,10.4305589465
34980,10475,10006,0,15,19,11,18,15.3564552098
34981,10475,10037,2,15,15,11,10,7.34040514632
34982,10475,11370,1,15,8,11,4,8.67043301687
34983,10475,10475,11,15,15,11,11,0.0
34984,10475,11225,1,15,17,11,13,16.3605763665
34985,10475,10282,0,15,10,11,9,14.9026983586
34986,10475,11426,2,15,12,11,5,11.4809986831
34987,10475,11378,2,15,18,11,7,11.4007661568
34988,10475,10107,0,15,1,11,1,11.3062722195
34989,10475,11251,0,15,4,11,3,17.2864428976
34990,10475,11436,2,15,6,11,3,14.1817996742
34991,10475,11360,2,15,10,11,5,7.17697203012
34992,10475,11356,0,15,2,11,2,6.49233064041
34993,10475,10474,1,15,8,11,7,5.56001729247
34994,10475,11697,0,15,1,11,1,22.4003757388
34995,10475,10172,0,15,2,11,2,11.5382689512
34996,10475,11691,0,15,4,11,3,19.5251011645
34997,10475,10470,1,15,6,11,4,2.39710102197
34998,10475,11366,1,15,7,11,5,10.6351294295
34999,10475,10041,0,15,2,11,2,15.5056927938
35000,10475,10278,0,15,1,11,1,14.623754703
35001,10475,10106,0,15,4,11,1,11.2756488214
35002,10475,11428,0,15,2,11,2,11.7960510105
35003,10475,10286,0,15,1,11,1,14.9717000249
35004,10475,10279,0,15,1,11,1,14.9200867244
35005,10475,10103,0,15,1,11,1,11.3892878173
35006,10475,10196,0,15,1,11,1,10.4305589465
35007,10475,10154,0,15,1,11,1,11.3478448269
35008,10475,10119,0,15,2,11,2,12.439296924
35009,10475,10464,0,15,5,11,4,2.41532570855
35010,10475,10166,0,15,2,11,2,11.6469492263
35011,10475,10203,0,15,1,11,1,10.4305589465
35012,10475,11359,0,15,2,11,2,6.44374638976
35013,10475,10177,0,15,1,11,1,11.6034881637
35014,10475,11040,0,15,1,11,1,12.1053680905
35015,10475,11364,0,15,2,11,2,9.72106305649
35016,10475,11692,0,15,2,11,2,19.7676354279
35017,10475,11423,0,15,1,11,1,11.7243225558
35018,10475,11415,0,15,2,11,2,11.8444289074
35019,10475,10175,0,15,2,11,1,11.7882237962
35020,11225,10012,1,17,445,13,357,4.90896932153
35021,11225,11222,2,17,110,13,71,4.4037744974
35022,11225,11231,1,17,65,13,44,2.72390960326
35023,11225,10019,1,17,637,13,440,7.27354342118
35024,11225,11102,1,17,35,13,30,7.64860240723
35025,11225,10003,0,17,493,13,400,5.12961720815
35026,11225,10020,0,17,143,13,116,6.73933367155
35027,11225,10018,1,17,339,13,256,6.672569178
35028,11225,10001,1,17,670,13,468,6.44057336508
35029,11225,11365,1,17,21,13,9,10.0418655571
35030,11225,10007,1,17,1780,13,1042,4.50560721388
35031,11225,10022,1,17,228,13,164,6.66371486269
35032,11225,10013,0,17,745,13,406,4.77867315959
35033,11225,10472,1,17,23,13,8,12.4212020664
35034,11225,11226,1,17,195,13,123,1.21713096126
35035,11225,10027,1,17,141,13,83,10.3347205365
35036,11225,11210,1,17,34,13,20,2.46322510676
35037,11225,11693,0,17,6,13,6,8.44374252382
35038,11225,11432,0,17,49,13,36,9.20735037798
35039,11225,11103,1,17,35,13,26,7.28467220981
35040,11225,11237,1,17,64,13,53,3.34760751519
35041,11225,10010,1,17,218,13,181,5.44057567714
35042,11225,10014,1,17,397,13,286,5.61443478152
35043,11225,10009,0,17,135,13,91,4.59941882482
35044,11225,10036,1,17,826,13,656,6.91697221245
35045,11225,11216,1,17,60,13,49,1.26041535649
35046,11225,11418,0,17,15,13,11,6.83576021863
35047,11225,11109,0,17,5,13,5,4.50114211909
35048,11225,11371,1,17,71,13,65,8.62539190197
35049,11225,10460,1,17,42,13,22,12.8971067199
35050,11225,10048,0,17,86,13,65,4.53242818298
35051,11225,10128,1,17,51,13,40,8.21512595378
35052,11225,11375,1,17,44,13,27,6.98264921641
35053,11225,10023,1,17,210,13,134,7.94633848202
35054,11225,11211,1,17,352,13,256,3.39503109346
35055,11225,10011,1,17,437,13,352,5.88631700153
35056,11225,10025,0,17,143,13,65,9.38234942084
35057,11225,10032,1,17,65,13,28,12.2888569987
35058,11225,11232,1,17,125,13,24,2.63285001778
35059,11225,11377,1,17,46,13,33,6.14147175204
35060,11225,11361,1,17,19,13,11,11.7630835733
35061,11225,11206,0,17,90,13,63,2.79706734928
35062,11225,11430,1,17,187,13,143,8.42082944917
35063,11225,10021,1,17,62,13,45,7.28710926985
35064,11225,11201,1,17,234,13,176,2.86053708759
35065,11225,11238,0,17,109,13,64,1.25367294526
35066,11225,10016,1,17,162,13,110,5.86724675606
35067,11225,11218,1,17,26,13,19,1.67427098169
35068,11225,10301,1,17,45,13,32,7.62599149002
35069,11225,10452,1,17,54,13,34,12.2554288445
35070,11225,10314,1,17,51,13,30,10.724946747
35071,11225,10461,1,17,50,13,20,13.8542344825
35072,11225,11101,1,17,193,13,96,5.75101863785
35073,11225,10029,1,17,50,13,38,8.89372294636
35074,11225,10467,1,17,33,13,22,15.1310750536
35075,11225,11208,0,17,43,13,13,4.39247945483
35076,11225,10024,0,17,101,13,71,8.59935748889
35077,11225,10005,1,17,65,13,41,4.0926896476
35078,11225,10030,1,17,39,13,26,10.730497479
35079,11225,10002,0,17,258,13,186,4.09501240232
35080,11225,11385,1,17,56,13,31,4.28655327531
35081,11225,11220,1,17,38,13,23,3.51440207031
35082,11225,11215,1,17,123,13,95,1.63441730484
35083,11225,10038,1,17,174,13,85,4.11431390066
35084,11225,11217,0,17,92,13,71,1.78384758513
35085,11225,10462,1,17,104,13,58,13.3665369358
35086,11225,10040,1,17,80,13,27,13.5832542907
35087,11225,10457,1,17,28,13,16,13.027930704
35088,11225,10017,1,17,277,13,161,6.22563277447
35089,11225,11433,1,17,18,13,12,9.11284276463
35090,11225,10308,0,17,8,13,8,12.8590257898
35091,11225,10468,1,17,52,13,30,14.3936961821
35092,11225,10111,0,17,15,13,13,6.75351524892
35093,11225,10309,1,17,23,13,15,16.385155685
35094,11225,10034,1,17,68,13,33,14.2485295934
35095,11225,10028,1,17,89,13,53,7.85850298852
35096,11225,10035,1,17,65,13,32,9.69198151227
35097,11225,11228,1,17,10,13,8,4.31631736212
35098,11225,11105,0,17,25,13,19,8.09796900673
35099,11225,11355,1,17,26,13,18,9.29754097212
35100,11225,11209,1,17,49,13,28,4.77185011044
35101,11225,11213,2,17,35,13,20,1.21173499725
35102,11225,11369,1,17,12,13,8,8.20356985796
35103,11225,10031,1,17,64,13,45,11.2736002806
35104,11225,11221,0,17,120,13,61,2.47000598428
35105,11225,11212,0,17,12,13,10,2.19743498865
35106,11225,11233,0,17,74,13,34,2.14915084494
35107,11225,11368,1,17,62,13,41,7.71733031982
35108,11225,11205,0,17,37,13,31,2.22670748148
35109,11225,10069,0,17,14,13,8,7.9879656804
35110,11225,11203,0,17,39,13,8,1.50123957614
35111,11225,10459,1,17,16,13,8,11.6755089835
35112,11225,11219,0,17,6,13,4,3.01682405724
35113,11225,11434,1,17,32,13,16,9.61843853078
35114,11225,11230,0,17,11,13,5,2.79498122608
35115,11225,11373,1,17,53,13,27,6.47100621071
35116,11225,11362,1,17,8,13,5,13.428446424
35117,11225,10305,0,17,11,13,8,7.69278016275
35118,11225,11104,0,17,8,13,6,5.88725117961
35119,11225,10004,1,17,168,13,99,5.17080021144
35120,11225,10275,0,17,13,13,7,8.21483272115
35121,11225,10118,0,17,4,13,3,6.16572163068
35122,11225,10026,0,17,57,13,43,9.65767852546
35123,11225,11235,1,17,19,13,14,5.4633116972
35124,11225,10469,0,17,44,13,12,15.2812511043
35125,11225,10281,0,17,31,13,24,4.75810004119
35126,11225,11223,0,17,10,13,7,4.55841067803
35127,11225,11379,1,17,33,13,13,5.41392994812
35128,11225,10465,1,17,37,13,16,13.3556579463
35129,11225,10455,0,17,20,13,11,10.8239406109
35130,11225,10466,0,17,16,13,11,16.7265892671
35131,11225,11239,0,17,4,13,2,4.15841454662
35132,11225,11207,1,17,86,13,31,3.24424396611
35133,11225,11367,1,17,35,13,17,8.35624065236
35134,11225,11106,0,17,21,13,19,6.9510327953
35135,11225,10471,1,17,19,13,15,16.6394537394
35136,11225,11234,0,17,50,13,15,3.52924008215
35137,11225,10167,0,17,11,13,4,6.43124196727
35138,11225,10453,1,17,21,13,16,13.3113067976
35139,11225,10451,1,17,20,13,12,10.9581339994
35140,11225,10033,1,17,86,13,31,12.8691026371
35141,11225,11354,1,17,38,13,25,9.96244517207
35142,11225,10463,1,17,36,13,16,15.2616944873
35143,11225,10169,0,17,4,13,4,6.41382499964
35144,11225,10456,1,17,21,13,12,11.7647396735
35145,11225,11420,0,17,8,13,7,7.42410152097
35146,11225,10153,0,17,6,13,5,7.01989664864
35147,11225,10307,0,17,6,13,3,18.563367594
35148,11225,10306,0,17,17,13,8,10.7174133926
35149,11225,10165,0,17,2,13,2,6.29841009556
35150,11225,10303,1,17,11,13,7,11.1369299437
35151,11225,11224,0,17,22,13,13,6.25870319126
35152,11225,10304,0,17,8,13,5,8.03985854187
35153,11225,10458,1,17,34,13,31,14.3172038271
35154,11225,11414,1,17,13,13,7,5.8878531837
35155,11225,11204,0,17,9,13,8,3.40925956045
35156,11225,11372,1,17,16,13,11,7.07495241073
35157,11225,11357,0,17,9,13,6,11.3577801459
35158,11225,10044,0,17,9,13,8,6.85772933014
35159,11225,11229,1,17,27,13,14,4.45143679985
35160,11225,11236,1,17,15,13,9,3.1141832534
35161,11225,10302,1,17,5,13,5,9.81637053967
35162,11225,11422,0,17,11,13,8,11.557245331
35163,11225,10312,0,17,4,13,2,14.2696782139
35164,11225,10310,0,17,27,13,6,8.69440432385
35165,11225,11429,1,17,8,13,6,11.7833104838
35166,11225,10152,0,17,2,13,2,6.66585705554
35167,11225,11214,0,17,10,13,6,4.90813200333
35168,11225,11435,1,17,41,13,23,8.04866447744
35169,11225,10039,1,17,8,13,7,11.3068570611
35170,11225,10121,0,17,1,13,1,6.28997074204
35171,11225,11413,1,17,14,13,7,10.7133826568
35172,11225,10473,1,17,14,13,9,11.8651516422
35173,11225,10454,1,17,19,13,10,10.0805740082
35174,11225,11416,1,17,5,13,5,5.68257453502
35175,11225,10280,0,17,5,13,3,4.50672661886
35176,11225,11694,0,17,5,13,4,8.22903314185
35177,11225,11358,0,17,6,13,4,10.7263274373
35178,11225,11421,1,17,4,13,4,5.43986598963
35179,11225,11412,0,17,4,13,4,10.5446022555
35180,11225,10174,0,17,2,13,2,6.21491490756
35181,11225,11417,0,17,3,13,3,5.86196993421
35182,11225,11427,1,17,5,13,4,11.7824316667
35183,11225,11411,0,17,4,13,2,11.7154487098
35184,11225,11374,1,17,10,13,9,6.54257775555
35185,11225,10096,0,17,2,13,2,8.21483272115
35186,11225,10006,0,17,19,13,18,4.3628172582
35187,11225,10037,1,17,15,13,10,10.4318234605
35188,11225,11370,0,17,8,13,4,7.69572770084
35189,11225,10475,1,17,15,13,11,16.3605763665
35190,11225,11225,13,17,17,13,13,0.0
35191,11225,10282,0,17,10,13,9,4.8696161657
35192,11225,11426,1,17,12,13,5,13.1882967633
35193,11225,11378,1,17,18,13,7,5.04019609727
35194,11225,10107,0,17,1,13,1,7.29016890091
35195,11225,11251,0,17,4,13,3,1.33668869043
35196,11225,11436,1,17,6,13,3,8.34910340461
35197,11225,11360,1,17,10,13,5,12.2545154522
35198,11225,11356,0,17,2,13,2,10.283489887
35199,11225,10474,1,17,8,13,7,10.9613541089
35200,11225,11697,0,17,1,13,1,7.49256918793
35201,11225,10172,0,17,2,13,2,6.47026586479
35202,11225,11691,0,17,4,13,3,11.1539562107
35203,11225,10470,1,17,6,13,4,17.1350824019
35204,11225,11366,0,17,7,13,5,9.47205386468
35205,11225,10041,0,17,2,13,2,4.00276024771
35206,11225,10278,0,17,1,13,1,4.45805271745
35207,11225,10106,0,17,4,13,1,7.18675607542
35208,11225,11428,0,17,2,13,2,11.9011481265
35209,11225,10286,0,17,1,13,1,4.6315690803
35210,11225,10279,0,17,1,13,1,4.45813001044
35211,11225,10103,0,17,1,13,1,6.86856614509
35212,11225,10196,0,17,1,13,1,8.21483272115
35213,11225,10154,0,17,1,13,1,6.62630718839
35214,11225,10119,0,17,2,13,2,6.3839101662
35215,11225,10464,0,17,5,13,4,15.9795185708
35216,11225,10166,0,17,2,13,2,6.42413522817
35217,11225,10203,0,17,1,13,1,8.21483272115
35218,11225,11359,0,17,2,13,2,12.9621643253
35219,11225,10177,0,17,1,13,1,6.47405716202
35220,11225,11040,0,17,1,13,1,15.5163762313
35221,11225,11364,0,17,2,13,2,11.7673780478
35222,11225,11692,0,17,2,13,2,9.67116227145
35223,11225,11423,0,17,1,13,1,10.4346698736
35224,11225,11415,0,17,2,13,2,7.25137148673
35225,11225,10175,0,17,2,13,1,6.43957203602
35226,10282,10012,0,10,445,9,357,1.03528070349
35227,10282,11222,0,10,110,9,71,3.66323582346
35228,10282,11231,0,10,65,9,44,2.71965159027
35229,10282,10019,0,10,637,9,440,3.67282465218
35230,10282,11102,0,10,35,9,30,6.00873692558
35231,10282,10003,1,10,493,9,400,1.68481249743
35232,10282,10020,0,10,143,9,116,3.37592489201
35233,10282,10018,0,10,339,9,256,2.83856966279
35234,10282,10001,1,10,670,9,468,2.49728957821
35235,10282,11365,0,10,21,9,9,11.7627554085
35236,10282,10007,2,10,1780,9,1042,0.40956283073
35237,10282,10022,0,10,228,9,164,3.79754664024
35238,10282,10013,0,10,745,9,406,0.533518367173
35239,10282,10472,0,10,23,9,8,10.9364944839
35240,10282,11226,0,10,195,9,123,5.84552383146
35241,10282,10027,0,10,141,9,83,7.28729519667
35242,10282,11210,0,10,34,9,20,7.14004847242
35243,10282,11693,0,10,6,9,6,13.1655565168
35244,10282,11432,0,10,49,9,36,11.6098184628
35245,10282,11103,0,10,35,9,26,6.2805153097
35246,10282,11237,0,10,64,9,53,5.04765225007
35247,10282,10010,0,10,218,9,181,2.2678186807
35248,10282,10014,0,10,397,9,286,1.29937507845
35249,10282,10009,0,10,135,9,91,1.99463563967
35250,10282,10036,0,10,826,9,656,3.18396252967
35251,10282,11216,0,10,60,9,49,4.29974490851
35252,10282,11418,0,10,15,9,11,9.57467681657
35253,10282,11109,0,10,5,9,5,8.80188380612
35254,10282,11371,0,10,71,9,65,8.23072683461
35255,10282,10460,0,10,42,9,22,11.059953895
35256,10282,10048,0,10,86,9,65,0.367695876071
35257,10282,10128,0,10,51,9,40,5.58562072303
35258,10282,11375,0,10,44,9,27,8.8499201356
35259,10282,10023,0,10,210,9,134,4.38846419506
35260,10282,11211,0,10,352,9,256,3.17288201585
35261,10282,10011,0,10,437,9,352,1.80579451044
35262,10282,10025,0,10,143,9,65,6.11314288569
35263,10282,10032,0,10,65,9,28,9.33854266347
35264,10282,11232,0,10,125,9,24,4.29014378911
35265,10282,11377,0,10,46,9,33,6.0681997472
35266,10282,11361,0,10,19,9,11,13.0107434834
35267,10282,11206,0,10,90,9,63,3.88875646184
35268,10282,11430,0,10,187,9,143,12.372579036
35269,10282,10021,0,10,62,9,45,4.5274315742
35270,10282,11201,0,10,234,9,176,2.01034621537
35271,10282,11238,0,10,109,9,64,3.73083181642
35272,10282,10016,0,10,162,9,110,2.77915396055
35273,10282,11218,0,10,26,9,19,5.40174619181
35274,10282,10301,0,10,45,9,32,7.2379041136
35275,10282,10452,0,10,54,9,34,9.67723012446
35276,10282,10314,0,10,51,9,30,10.2826859154
35277,10282,10461,0,10,50,9,20,12.6742751533
35278,10282,11101,0,10,193,9,96,4.40254591225
35279,10282,10029,0,10,50,9,38,6.26982453958
35280,10282,10467,0,10,33,9,22,13.1266436494
35281,10282,11208,0,10,43,9,13,8.05821752594
35282,10282,10024,0,10,101,9,71,5.15989653285
35283,10282,10005,0,10,65,9,41,0.827134069291
35284,10282,10030,0,10,39,9,26,7.89608646492
35285,10282,10002,0,10,258,9,186,1.43491341619
35286,10282,11385,0,10,56,9,31,6.45249477381
35287,10282,11220,0,10,38,9,23,5.2269320143
35288,10282,11215,0,10,123,9,95,3.74485921488
35289,10282,10038,0,10,174,9,85,0.763158227004
35290,10282,11217,0,10,92,9,71,3.08812275711
35291,10282,10462,0,10,104,9,58,11.8784260559
35292,10282,10040,0,10,80,9,27,10.7525528687
35293,10282,10457,0,10,28,9,16,10.8061171183
35294,10282,10017,0,10,277,9,161,3.26962792461
35295,10282,11433,0,10,18,9,12,12.0040615998
35296,10282,10308,0,10,8,9,8,13.5101358515
35297,10282,10468,0,10,52,9,30,11.9795477666
35298,10282,10111,0,10,15,9,13,3.47958722648
35299,10282,10309,0,10,23,9,15,16.6254378269
35300,10282,10034,0,10,68,9,33,11.5014225175
35301,10282,10028,0,10,89,9,53,5.18676829603
35302,10282,10035,0,10,65,9,32,7.24723321898
35303,10282,11228,0,10,10,9,8,6.87508412426
35304,10282,11105,0,10,25,9,19,6.84034825521
35305,10282,11355,0,10,26,9,18,10.4709282132
35306,10282,11209,0,10,49,9,28,6.52871626785
35307,10282,11213,0,10,35,9,20,5.26499207712
35308,10282,11369,0,10,12,9,8,8.17981309165
35309,10282,10031,0,10,64,9,45,8.27128489241
35310,10282,11221,0,10,120,9,61,4.95378054996
35311,10282,11212,0,10,12,9,10,6.52427904406
35312,10282,11233,0,10,74,9,34,5.74427937097
35313,10282,11368,0,10,62,9,41,8.44230850466
35314,10282,11205,0,10,37,9,31,3.02364299617
35315,10282,10069,0,10,14,9,8,4.21262297861
35316,10282,11203,0,10,39,9,8,6.35037582345
35317,10282,10459,0,10,16,9,8,9.80456274594
35318,10282,11219,0,10,6,9,4,5.92283935515
35319,10282,11434,0,10,32,9,16,13.0212721277
35320,10282,11230,0,10,11,9,5,7.01095615711
35321,10282,11373,0,10,53,9,27,7.27233991303
35322,10282,11362,0,10,8,9,5,15.0428587475
35323,10282,10305,0,10,11,9,8,8.75482614028
35324,10282,11104,0,10,8,9,6,5.30628833512
35325,10282,10004,0,10,168,9,99,1.87679114871
35326,10282,10275,0,10,13,9,7,4.80029410874
35327,10282,10118,0,10,4,9,3,2.63809923418
35328,10282,10026,0,10,57,9,43,6.68835945406
35329,10282,11235,0,10,19,9,14,9.80104062474
35330,10282,10469,0,10,44,9,12,13.6351032678
35331,10282,10281,0,10,31,9,24,0.178069024873
35332,10282,11223,0,10,10,9,7,8.50563916158
35333,10282,11379,0,10,33,9,13,7.09247633731
35334,10282,10465,0,10,37,9,16,12.7553023367
35335,10282,10455,0,10,20,9,11,8.79616947011
35336,10282,10466,0,10,16,9,11,14.8572719851
35337,10282,11239,0,10,4,9,2,8.63830190884
35338,10282,11207,0,10,86,9,31,7.07029274825
35339,10282,11367,0,10,35,9,17,10.156415193
35340,10282,11106,0,10,21,9,19,5.33693406857
35341,10282,10471,0,10,19,9,15,13.9412221689
35342,10282,11234,0,10,50,9,15,8.36915795569
35343,10282,10167,0,10,11,9,4,3.32165949012
35344,10282,10453,0,10,21,9,16,10.7974223017
35345,10282,10451,0,10,20,9,12,8.56640866476
35346,10282,10033,0,10,86,9,31,9.9886251184
35347,10282,11354,0,10,38,9,25,10.5383473485
35348,10282,10463,0,10,36,9,16,12.6216483568
35349,10282,10169,0,10,4,9,4,3.26398150347
35350,10282,10456,0,10,21,9,12,9.5416863338
35351,10282,11420,0,10,8,9,7,10.9295814263
35352,10282,10153,0,10,6,9,5,3.88606753151
35353,10282,10307,0,10,6,9,3,18.8007956967
35354,10282,10306,0,10,17,9,8,11.5581578919
35355,10282,10165,0,10,2,9,2,3.05768614694
35356,10282,10303,0,10,11,9,7,9.85655921698
35357,10282,11224,0,10,22,9,13,9.77342621461
35358,10282,10304,0,10,8,9,5,8.52413582227
35359,10282,10458,0,10,34,9,31,12.0915225791
35360,10282,11414,0,10,13,9,7,9.86686131746
35361,10282,11204,0,10,9,9,8,6.95450443599
35362,10282,11372,0,10,16,9,11,7.19276964259
35363,10282,11357,0,10,9,9,6,11.721636345
35364,10282,10044,0,10,9,9,8,4.61900111558
35365,10282,11229,0,10,27,9,14,8.99913073979
35366,10282,11236,0,10,15,9,9,7.86121754078
35367,10282,10302,0,10,5,9,5,8.76874055387
35368,10282,11422,0,10,11,9,8,15.1409667916
35369,10282,10312,0,10,4,9,2,14.7219569566
35370,10282,10310,0,10,27,9,6,7.91850049988
35371,10282,11429,0,10,8,9,6,14.4661669772
35372,10282,10152,0,10,2,9,2,3.61330000645
35373,10282,11214,0,10,10,9,6,8.21096485841
35374,10282,11435,0,10,41,9,23,10.8011832116
35375,10282,10039,0,10,8,9,7,8.54320589722
35376,10282,10121,0,10,1,9,1,2.53072773708
35377,10282,11413,0,10,14,9,7,14.1850494936
35378,10282,10473,0,10,14,9,9,10.7405303124
35379,10282,10454,0,10,19,9,10,8.00007529768
35380,10282,11416,0,10,5,9,5,8.92564205334
35381,10282,10280,0,10,5,9,3,0.694475248832
35382,10282,11694,0,10,5,9,4,13.0915120932
35383,10282,11358,0,10,6,9,4,11.836810677
35384,10282,11421,0,10,4,9,4,8.39322567365
35385,10282,11412,0,10,4,9,4,13.4530400929
35386,10282,10174,0,10,2,9,2,3.14430658429
35387,10282,11417,0,10,3,9,3,9.3576764547
35388,10282,11427,0,10,5,9,4,14.0119307766
35389,10282,11411,0,10,4,9,2,14.719785097
35390,10282,11374,0,10,10,9,9,8.07271942356
35391,10282,10096,0,10,2,9,2,4.80029410874
35392,10282,10006,0,10,19,9,18,0.641776942551
35393,10282,10037,0,10,15,9,10,7.80312695217
35394,10282,11370,0,10,8,9,4,7.22688585689
35395,10282,10475,0,10,15,9,11,14.9026983586
35396,10282,11225,0,10,17,9,13,4.8696161657
35397,10282,10282,9,10,10,9,9,0.0
35398,10282,11426,0,10,12,9,5,15.4295057115
35399,10282,11378,0,10,18,9,7,5.8793757207
35400,10282,10107,0,10,1,9,1,3.78150551375
35401,10282,11251,0,10,4,9,3,6.16349126743
35402,10282,11436,0,10,6,9,3,11.8004593654
35403,10282,11360,0,10,10,9,5,13.0450457577
35404,10282,11356,0,10,2,9,2,10.119733741
35405,10282,10474,0,10,8,9,7,9.38886203224
35406,10282,11697,0,10,1,9,1,12.1688925408
35407,10282,10172,0,10,2,9,2,3.37147676989
35408,10282,11691,0,10,4,9,3,15.636437353
35409,10282,10470,0,10,6,9,4,15.0034929842
35410,10282,11366,0,10,7,9,5,11.5300213388
35411,10282,10041,0,10,2,9,2,1.0005672469
35412,10282,10278,0,10,1,9,1,0.554185106974
35413,10282,10106,0,10,4,9,1,3.763432105
35414,10282,11428,0,10,2,9,2,14.3371957739
35415,10282,10286,0,10,1,9,1,0.2402573248
35416,10282,10279,0,10,1,9,1,0.414923114635
35417,10282,10103,0,10,1,9,1,3.57401288294
35418,10282,10196,0,10,1,9,1,4.80029410874
35419,10282,10154,0,10,1,9,1,3.56507020944
35420,10282,10119,0,10,2,9,2,2.57996341966
35421,10282,10464,0,10,5,9,4,15.2555996925
35422,10282,10166,0,10,2,9,2,3.2652174976
35423,10282,10203,0,10,1,9,1,4.80029410874
35424,10282,11359,0,10,2,9,2,13.5162135178
35425,10282,10177,0,10,1,9,1,3.31120110091
35426,10282,11040,0,10,1,9,1,17.6939675133
35427,10282,11364,0,10,2,9,2,13.5076975721
35428,10282,11692,0,10,2,9,2,14.3358714275
35429,10282,11423,0,10,1,9,1,12.9220658136
35430,10282,11415,0,10,2,9,2,9.71851541296
35431,10282,10175,0,10,2,9,1,3.13862102476
35432,11426,10012,2,12,445,5,357,14.5605515204
35433,11426,11222,1,12,110,5,71,11.7922078958
35434,11426,11231,2,12,65,5,44,15.2328268031
35435,11426,10019,3,12,637,5,440,14.0720864171
35436,11426,11102,2,12,35,5,30,11.0153246573
35437,11426,10003,0,12,493,5,400,14.0815176724
35438,11426,10020,0,12,143,5,116,13.7223683303
35439,11426,10018,2,12,339,5,256,14.3769089824
35440,11426,10001,2,12,670,5,468,14.5126802607
35441,11426,11365,2,12,21,5,9,3.75607757803
35442,11426,10007,3,12,1780,5,1042,15.0693488946
35443,11426,10022,2,12,228,5,164,13.0539988398
35444,11426,10013,0,12,745,5,406,14.939302061
35445,11426,10472,2,12,23,5,8,10.2779907631
35446,11426,11226,3,12,195,5,123,13.6991438207
35447,11426,10027,2,12,141,5,83,13.4671984961
35448,11426,11210,2,12,34,5,20,13.8128307323
35449,11426,11693,0,12,6,5,6,10.6784151637
35450,11426,11432,1,12,49,5,36,3.98866963876
35451,11426,11103,2,12,35,5,26,10.1850762907
35452,11426,11237,3,12,64,5,53,10.6284682574
35453,11426,10010,2,12,218,5,181,13.7056544926
35454,11426,10014,2,12,397,5,286,14.9205045747
35455,11426,10009,0,12,135,5,91,13.5245476169
35456,11426,10036,3,12,826,5,656,14.2475658998
35457,11426,11216,2,12,60,5,49,12.4531133836
35458,11426,11418,0,12,15,5,11,6.35267644311
35459,11426,11109,0,12,5,5,5,9.6410668514
35460,11426,11371,2,12,71,5,65,8.53621522975
35461,11426,10460,2,12,42,5,22,11.2275265433
35462,11426,10048,0,12,86,5,65,15.3500316871
35463,11426,10128,2,12,51,5,40,12.5103877229
35464,11426,11375,2,12,44,5,27,6.59781136979
35465,11426,10023,2,12,210,5,134,14.0652983759
35466,11426,11211,2,12,352,5,256,12.3207230872
35467,11426,10011,2,12,437,5,352,14.6583956644
35468,11426,10025,0,12,143,5,65,13.7431164984
35469,11426,10032,2,12,65,5,28,13.7728426155
35470,11426,11232,2,12,125,5,24,15.7866487678
35471,11426,11377,2,12,46,5,33,9.61667919604
35472,11426,11361,2,12,19,5,11,3.49951101202
35473,11426,11206,0,12,90,5,63,11.8261706047
35474,11426,11430,2,12,187,5,143,6.86617908542
35475,11426,10021,2,12,62,5,45,12.8068658484
35476,11426,11201,2,12,234,5,176,14.2998959171
35477,11426,11238,0,12,109,5,64,13.180422849
35478,11426,10016,2,12,162,5,110,13.4971687588
35479,11426,11218,2,12,26,5,19,14.6908000017
35480,11426,10301,2,12,45,5,32,20.7955774921
35481,11426,10452,2,12,54,5,34,12.8621553225
35482,11426,10314,3,12,51,5,30,23.9132384743
35483,11426,10461,1,12,50,5,20,9.80052219312
35484,11426,11101,2,12,193,5,96,11.4768717348
35485,11426,10029,2,12,50,5,38,12.4787952569
35486,11426,10467,2,12,33,5,22,12.4023851332
35487,11426,11208,0,12,43,5,13,8.95035492571
35488,11426,10024,1,12,101,5,71,13.942523085
35489,11426,10005,2,12,65,5,41,15.201926169
35490,11426,10030,1,12,39,5,26,13.0874979966
35491,11426,10002,0,12,258,5,186,13.9991102579
35492,11426,11385,1,12,56,5,31,9.24009515893
35493,11426,11220,2,12,38,5,23,16.6973897452
35494,11426,11215,2,12,123,5,95,14.5918407666
35495,11426,10038,2,12,174,5,85,14.9161144132
35496,11426,11217,0,12,92,5,71,13.9189095584
35497,11426,10462,3,12,104,5,58,10.4680245461
35498,11426,10040,2,12,80,5,27,13.9462963842
35499,11426,10457,2,12,28,5,16,12.2113520934
35500,11426,10017,2,12,277,5,161,13.2565882981
35501,11426,11433,2,12,18,5,12,4.26280735692
35502,11426,10308,0,12,8,5,8,25.8140322885
35503,11426,10468,2,12,52,5,30,13.1835544479
35504,11426,10111,0,12,15,5,13,13.5981207728
35505,11426,10309,2,12,23,5,15,29.3950067804
35506,11426,10034,1,12,68,5,33,14.003963533
35507,11426,10028,2,12,89,5,53,12.6074856859
35508,11426,10035,2,12,65,5,32,12.1544725004
35509,11426,11228,1,12,10,5,8,17.1955174905
35510,11426,11105,0,12,25,5,19,10.2443719822
35511,11426,11355,2,12,26,5,18,5.29578006528
35512,11426,11209,2,12,49,5,28,17.8619040258
35513,11426,11213,0,12,35,5,20,11.9836811408
35514,11426,11369,2,12,12,5,8,8.12137157638
35515,11426,10031,1,12,64,5,45,13.5904335518
35516,11426,11221,0,12,120,5,61,11.1441826788
35517,11426,11212,0,12,12,5,10,11.1914715333
35518,11426,11233,0,12,74,5,34,11.050820898
35519,11426,11368,2,12,62,5,41,7.27875275476
35520,11426,11205,0,12,37,5,31,13.087970072
35521,11426,10069,0,12,14,5,8,14.4487119755
35522,11426,11203,0,12,39,5,8,12.5252008654
35523,11426,10459,1,12,16,5,8,11.0873402627
35524,11426,11219,0,12,6,5,4,16.0126816515
35525,11426,11434,2,12,32,5,16,4.79671528808
35526,11426,11230,0,12,11,5,5,14.8336321852
35527,11426,11373,2,12,53,5,27,8.24287335234
35528,11426,11362,1,12,8,5,5,1.99820241966
35529,11426,10305,0,12,11,5,8,20.7451329478
35530,11426,11104,0,12,8,5,6,10.4441619119
35531,11426,10004,2,12,168,5,99,16.9599257402
35532,11426,10275,0,12,13,5,7,13.8486101379
35533,11426,10118,0,12,4,5,3,13.9763802976
35534,11426,10026,0,12,57,5,43,13.1898000449
35535,11426,11235,1,12,19,5,14,15.8066878386
35536,11426,10469,0,12,44,5,12,11.5078931572
35537,11426,10281,0,12,31,5,24,15.475435765
35538,11426,11223,0,12,10,5,7,16.1194673008
35539,11426,11379,2,12,33,5,13,8.37838491684
35540,11426,10465,2,12,37,5,16,8.19782527548
35541,11426,10455,0,12,20,5,11,11.3534713601
35542,11426,10466,0,12,16,5,11,12.788036788
35543,11426,11239,0,12,4,5,2,10.222592123
35544,11426,11207,2,12,86,5,31,10.0308921008
35545,11426,11367,2,12,35,5,17,5.27451595127
35546,11426,11106,0,12,21,5,19,11.2304521167
35547,11426,10471,2,12,19,5,15,15.0579342415
35548,11426,11234,0,12,50,5,15,13.1338893881
35549,11426,10167,0,12,11,5,4,13.4145576377
35550,11426,10453,1,12,21,5,16,13.0326877265
35551,11426,10451,2,12,20,5,12,12.1596621067
35552,11426,10033,2,12,86,5,31,13.8009995734
35553,11426,11354,3,12,38,5,25,5.98283593215
35554,11426,10463,2,12,36,5,16,14.1781152294
35555,11426,10169,0,12,4,5,4,13.4692950836
35556,11426,10456,2,12,21,5,12,11.9124260261
35557,11426,11420,0,12,8,5,7,6.37665105426
35558,11426,10153,0,12,6,5,5,13.3811566965
35559,11426,10307,0,12,6,5,3,31.5335871988
35560,11426,10306,0,12,17,5,8,23.6867019295
35561,11426,10165,0,12,2,5,2,13.6019764973
35562,11426,10303,2,12,11,5,7,24.2429929453
35563,11426,11224,0,12,22,5,13,17.8221194093
35564,11426,10304,0,12,8,5,5,21.1931507284
35565,11426,10458,2,12,34,5,31,12.6582810415
35566,11426,11414,3,12,13,5,7,8.20063256717
35567,11426,11204,0,12,9,5,8,15.9046400172
35568,11426,11372,1,12,16,5,11,8.65651162391
35569,11426,11357,0,12,9,5,6,5.86247306501
35570,11426,10044,0,12,9,5,8,12.1467165017
35571,11426,11229,2,12,27,5,14,14.7627632597
35572,11426,11236,1,12,15,5,9,11.4882383154
35573,11426,10302,2,12,5,5,5,22.9426586711
35574,11426,11422,0,12,11,5,8,4.86586537948
35575,11426,10312,0,12,4,5,2,27.2544993588
35576,11426,10310,0,12,27,5,6,21.8405703136
35577,11426,11429,1,12,8,5,6,1.86989219261
35578,11426,10152,0,12,2,5,2,13.3053278082
35579,11426,11214,0,12,10,5,6,17.1276408134
35580,11426,11435,2,12,41,5,23,5.16281076874
35581,11426,10039,2,12,8,5,7,13.0541289366
35582,11426,10121,0,12,1,5,1,14.2635824129
35583,11426,11413,2,12,14,5,7,4.57154124013
35584,11426,10473,2,12,14,5,9,9.36641317129
35585,11426,10454,2,12,19,5,10,11.4345548391
35586,11426,11416,3,12,5,5,5,7.5791011293
35587,11426,10280,0,12,5,5,3,15.6712650774
35588,11426,11694,0,12,5,5,4,12.6265828044
35589,11426,11358,0,12,6,5,4,4.3950902779
35590,11426,11421,1,12,4,5,4,7.74883024438
35591,11426,11412,0,12,4,5,4,3.14872771243
35592,11426,10174,0,12,2,5,2,13.4019011984
35593,11426,11417,0,12,3,5,3,7.58230632754
35594,11426,11427,2,12,5,5,4,1.43056254134
35595,11426,11411,1,12,4,5,2,2.77917591563
35596,11426,11374,3,12,10,5,9,7.35681273339
35597,11426,10096,0,12,2,5,2,13.8486101379
35598,11426,10006,0,12,19,5,18,15.4393496632
35599,11426,10037,2,12,15,5,10,12.5957179989
35600,11426,11370,0,12,8,5,4,9.14195786602
35601,11426,10475,2,12,15,5,11,11.4809986831
35602,11426,11225,1,12,17,5,13,13.1882967633
35603,11426,10282,0,12,10,5,9,15.4295057115
35604,11426,11426,5,12,12,5,5,0.0
35605,11426,11378,2,12,18,5,7,9.5509123255
35606,11426,10107,0,12,1,5,1,13.9316361818
35607,11426,11251,0,12,4,5,3,13.210633389
35608,11426,11436,2,12,6,5,3,5.64875889021
35609,11426,11360,2,12,10,5,5,4.54001949519
35610,11426,11356,0,12,2,5,2,7.40635087236
35611,11426,10474,1,12,8,5,7,10.3671571001
35612,11426,11697,0,12,1,5,1,15.4411074483
35613,11426,10172,0,12,2,5,2,13.3946299719
35614,11426,11691,0,12,4,5,3,9.34535951919
35615,11426,10470,1,12,6,5,4,13.7332462252
35616,11426,11366,0,12,7,5,5,3.90407229976
35617,11426,10041,0,12,2,5,2,15.3066571681
35618,11426,10278,0,12,1,5,1,14.8934023945
35619,11426,10106,0,12,4,5,1,13.7995927742
35620,11426,11428,1,12,2,5,2,1.35601018841
35621,11426,10286,0,12,1,5,1,15.317465207
35622,11426,10279,0,12,1,5,1,15.1504576336
35623,11426,10103,0,12,1,5,1,13.6195099441
35624,11426,10196,0,12,1,5,1,13.8486101379
35625,11426,10154,0,12,1,5,1,13.3224438431
35626,11426,10119,0,12,2,5,2,14.3228900796
35627,11426,10464,0,12,5,5,4,9.3183253999
35628,11426,10166,0,12,2,5,2,13.4795710645
35629,11426,10203,0,12,1,5,1,13.8486101379
35630,11426,11359,0,12,2,5,2,5.09584108452
35631,11426,10177,0,12,1,5,1,13.477835434
35632,11426,11040,0,12,1,5,1,2.33041203074
35633,11426,11364,0,12,2,5,2,2.27110755551
35634,11426,11692,0,12,2,5,2,10.3804804186
35635,11426,11423,0,12,1,5,1,2.76917626443
35636,11426,11415,0,12,2,5,2,5.96603302432
35637,11426,10175,0,12,2,5,1,13.6621753805
35638,11378,10012,2,18,445,7,357,5.02182447542
35639,11378,11222,2,18,110,7,71,2.25615673594
35640,11378,11231,2,18,65,7,44,6.10350453306
35641,11378,10019,3,18,637,7,440,5.21250396447
35642,11378,11102,2,18,35,7,30,3.45327355532
35643,11378,10003,0,18,493,7,400,4.58491607896
35644,11378,10020,0,18,143,7,116,4.71671124218
35645,11378,10018,2,18,339,7,256,5.21708099684
35646,11378,10001,2,18,670,7,468,5.25631066981
35647,11378,11365,3,18,21,7,9,5.89668868431
35648,11378,10007,2,18,1780,7,1042,5.52401569396
35649,11378,10022,3,18,228,7,164,4.1598095618
35650,11378,10013,0,18,745,7,406,5.38886146246
35651,11378,10472,2,18,23,7,8,7.5528319787
35652,11378,11226,2,18,195,7,123,6.10677309931
35653,11378,10027,2,18,141,7,83,6.69873676959
35654,11378,11210,2,18,34,7,20,7.00534677879
35655,11378,11693,0,18,6,7,6,9.79535136951
35656,11378,11432,1,18,49,7,36,5.78810818112
35657,11378,11103,2,18,35,7,26,2.71657319295
35658,11378,11237,2,18,64,7,53,1.69284315472
35659,11378,10010,2,18,218,7,181,4.29007652803
35660,11378,10014,2,18,397,7,286,5.43588456713
35661,11378,10009,0,18,135,7,91,3.99133628645
35662,11378,10036,2,18,826,7,656,5.20103440548
35663,11378,11216,2,18,60,7,49,3.84816904513
35664,11378,11418,0,18,15,7,11,4.03382099914
35665,11378,11109,0,18,5,7,5,5.2905655004
35666,11378,11371,2,18,71,7,65,3.61387432335
35667,11378,10460,3,18,42,7,22,8.14805592933
35668,11378,10048,0,18,86,7,65,5.81143271469
35669,11378,10128,3,18,51,7,40,4.70804304455
35670,11378,11375,2,18,44,7,27,2.9967005048
35671,11378,10023,3,18,210,7,134,5.52828530298
35672,11378,11211,2,18,352,7,256,2.83089794256
35673,11378,10011,2,18,437,7,352,5.24458554743
35674,11378,10025,1,18,143,7,65,6.17531491152
35675,11378,10032,2,18,65,7,28,8.29886369906
35676,11378,11232,3,18,125,7,24,7.1311971558
35677,11378,11377,2,18,46,7,33,1.29657826424
35678,11378,11361,2,18,19,7,11,7.27715389561
35679,11378,11206,0,18,90,7,63,2.58851599
35680,11378,11430,2,18,187,7,143,7.5753559436
35681,11378,10021,2,18,62,7,45,4.30535094826
35682,11378,11201,3,18,234,7,176,4.95120045111
35683,11378,11238,0,18,109,7,64,4.36792830561
35684,11378,10016,2,18,162,7,110,4.21536840794
35685,11378,11218,2,18,26,7,19,6.70269715301
35686,11378,10301,2,18,45,7,32,11.9122404121
35687,11378,10452,3,18,54,7,34,7.97785416874
35688,11378,10314,3,18,51,7,30,15.1084959271
35689,11378,10461,1,18,50,7,20,8.8699363203
35690,11378,11101,3,18,193,7,96,2.40651178142
35691,11378,10029,3,18,50,7,38,5.17567397364
35692,11378,10467,3,18,33,7,22,10.3725452964
35693,11378,11208,0,18,43,7,13,3.88770291442
35694,11378,10024,0,18,101,7,71,5.80580607219
35695,11378,10005,2,18,65,7,41,5.69679930271
35696,11378,10030,1,18,39,7,26,6.83389681028
35697,11378,10002,0,18,258,7,186,4.45187368128
35698,11378,11385,1,18,56,7,31,1.54050390852
35699,11378,11220,2,18,38,7,23,8.23312410738
35700,11378,11215,3,18,123,7,95,5.84787619681
35701,11378,10038,2,18,174,7,85,5.39216237815
35702,11378,11217,0,18,92,7,71,4.89516348751
35703,11378,10462,2,18,104,7,58,8.46950074534
35704,11378,10040,2,18,80,7,27,9.38656554693
35705,11378,10457,3,18,28,7,16,8.46589555699
35706,11378,10017,2,18,277,7,161,4.13449895714
35707,11378,11433,2,18,18,7,12,6.34922173186
35708,11378,10308,0,18,8,7,8,17.6742917915
35709,11378,10468,2,18,52,7,30,9.86997896219
35710,11378,10111,0,18,15,7,13,4.62486130174
35711,11378,10309,2,18,23,7,15,21.1189218822
35712,11378,10034,1,18,68,7,33,9.94730756905
35713,11378,10028,2,18,89,7,53,4.52620796564
35714,11378,10035,3,18,65,7,32,5.64054112282
35715,11378,11228,1,18,10,7,8,9.31737676377
35716,11378,11105,2,18,25,7,19,3.50254216605
35717,11378,11355,2,18,26,7,18,4.7095023591
35718,11378,11209,2,18,49,7,28,9.63181944033
35719,11378,11213,0,18,35,7,20,4.03211505277
35720,11378,11369,2,18,12,7,8,3.16357290653
35721,11378,10031,1,18,64,7,45,7.44866491914
35722,11378,11221,0,18,120,7,61,2.58559022002
35723,11378,11212,0,18,12,7,10,4.30749295684
35724,11378,11233,0,18,74,7,34,3.35903318624
35725,11378,11368,2,18,62,7,41,2.81688004215
35726,11378,11205,0,18,37,7,31,3.87932066768
35727,11378,10069,0,18,14,7,8,5.81322568177
35728,11378,11203,0,18,39,7,8,5.41724786829
35729,11378,10459,1,18,16,7,8,7.009999766
35730,11378,11219,0,18,6,7,4,8.00984394155
35731,11378,11434,3,18,32,7,16,7.62529427216
35732,11378,11230,0,18,11,7,5,7.68942297193
35733,11378,11373,4,18,53,7,27,1.53632935165
35734,11378,11362,1,18,8,7,5,9.22804607353
35735,11378,10305,0,18,11,7,8,12.5088129098
35736,11378,11104,0,18,8,7,6,1.61974487741
35737,11378,10004,3,18,168,7,99,7.47033344725
35738,11378,10275,0,18,13,7,7,5.52760631183
35739,11378,10118,0,18,4,7,3,4.72001785034
35740,11378,10026,0,18,57,7,43,6.08082845003
35741,11378,11235,2,18,19,7,14,9.99682835085
35742,11378,10469,0,18,44,7,12,10.3881038497
35743,11378,10281,0,18,31,7,24,5.92904104914
35744,11378,11223,0,18,10,7,7,9.42875722034
35745,11378,11379,2,18,33,7,13,1.35161897092
35746,11378,10465,3,18,37,7,16,8.31564499923
35747,11378,10455,1,18,20,7,11,6.31666405079
35748,11378,10466,0,18,16,7,11,11.8779698131
35749,11378,11239,1,18,4,7,2,5.53880384054
35750,11378,11207,2,18,86,7,31,3.69926960301
35751,11378,11367,2,18,35,7,17,4.27710397079
35752,11378,11106,0,18,21,7,19,3.02047159665
35753,11378,10471,2,18,19,7,15,12.194561397
35754,11378,11234,1,18,50,7,15,7.34941669927
35755,11378,10167,0,18,11,7,4,4.3453604641
35756,11378,10453,1,18,21,7,16,8.90969339087
35757,11378,10451,2,18,20,7,12,6.67850159961
35758,11378,10033,3,18,86,7,31,8.76719208921
35759,11378,11354,2,18,38,7,25,5.08069412422
35760,11378,10463,3,18,36,7,16,10.8357317907
35761,11378,10169,0,18,4,7,4,4.38306590657
35762,11378,10456,2,18,21,7,12,7.2917986782
35763,11378,11420,0,18,8,7,7,5.81873982877
35764,11378,10153,0,18,6,7,5,4.57910640188
35765,11378,10307,0,18,6,7,3,23.3144365552
35766,11378,10306,0,18,17,7,8,15.5499327465
35767,11378,10165,0,18,2,7,2,4.44892714855
35768,11378,10303,2,18,11,7,7,15.1246582785
35769,11378,11224,0,18,22,7,13,11.2017105312
35770,11378,10304,0,18,8,7,5,12.6910144822
35771,11378,10458,2,18,34,7,31,9.69273061646
35772,11378,11414,2,18,13,7,7,5.51801532473
35773,11378,11204,0,18,9,7,8,8.43881447141
35774,11378,11372,1,18,16,7,11,2.04002662719
35775,11378,11357,0,18,9,7,6,6.43516182139
35776,11378,10044,0,18,9,7,8,3.58454243924
35777,11378,11229,2,18,27,7,14,8.84816373087
35778,11378,11236,1,18,15,7,9,5.76661679514
35779,11378,10302,3,18,5,7,5,13.8864221352
35780,11378,11422,1,18,11,7,8,9.77231590509
35781,11378,10312,0,18,4,7,2,19.0461273916
35782,11378,10310,0,18,27,7,6,12.8548491731
35783,11378,11429,1,18,8,7,6,8.65791454684
35784,11378,10152,0,18,2,7,2,4.35712678615
35785,11378,11214,0,18,10,7,6,9.92984215666
35786,11378,11435,3,18,41,7,23,5.14940050208
35787,11378,10039,2,18,8,7,7,7.2714977596
35788,11378,10121,0,18,1,7,1,5.00156799761
35789,11378,11413,2,18,14,7,7,8.7749767774
35790,11378,10473,2,18,14,7,9,6.90807598418
35791,11378,10454,2,18,19,7,10,5.69408666547
35792,11378,11416,2,18,5,7,5,3.93680364886
35793,11378,10280,0,18,5,7,3,6.15056203339
35794,11378,11694,0,18,5,7,4,10.5944570511
35795,11378,11358,0,18,6,7,4,6.13281315486
35796,11378,11421,1,18,4,7,4,3.27096640616
35797,11378,11412,0,18,4,7,4,7.74640301684
35798,11378,10174,0,18,2,7,2,4.25161240344
35799,11378,11417,0,18,3,7,3,4.52658337576
35800,11378,11427,2,18,5,7,4,8.1359557401
35801,11378,11411,0,18,4,7,2,9.01734916624
35802,11378,11374,2,18,10,7,9,2.19564944609
35803,11378,10096,0,18,2,7,2,5.52760631183
35804,11378,10006,0,18,19,7,18,5.91900650684
35805,11378,10037,2,18,15,7,10,6.406235968
35806,11378,11370,0,18,8,7,4,2.76066225121
35807,11378,10475,2,18,15,7,11,11.4007661568
35808,11378,11225,1,18,17,7,13,5.04019609727
35809,11378,10282,0,18,10,7,9,5.8793757207
35810,11378,11426,2,18,12,7,5,9.5509123255
35811,11378,11378,7,18,18,7,7,0.0
35812,11378,10107,0,18,1,7,1,5.11538959552
35813,11378,11251,0,18,4,7,3,5.88683643816
35814,11378,11436,2,18,6,7,3,6.54020395962
35815,11378,11360,2,18,10,7,5,7.51767596288
35816,11378,11356,0,18,2,7,2,5.24700194981
35817,11378,10474,1,18,8,7,7,6.2003455068
35818,11378,11697,0,18,1,7,1,11.3160245839
35819,11378,10172,0,18,2,7,2,4.34496108647
35820,11378,11691,0,18,4,7,3,11.3942632433
35821,11378,10470,1,18,6,7,4,12.3787064319
35822,11378,11366,0,18,7,7,5,5.65502327619
35823,11378,10041,0,18,2,7,2,5.82213480026
35824,11378,10278,0,18,1,7,1,5.34641004027
35825,11378,10106,0,18,4,7,1,4.97002944138
35826,11378,11428,0,18,2,7,2,8.48006176051
35827,11378,10286,0,18,1,7,1,5.77253680826
35828,11378,10279,0,18,1,7,1,5.60965462727
35829,11378,10103,0,18,1,7,1,4.6910464358
35830,11378,10196,0,18,1,7,1,5.52760631183
35831,11378,10154,0,18,1,7,1,4.35317831182
35832,11378,10119,0,18,2,7,2,5.0798193647
35833,11378,10464,0,18,5,7,4,10.939328882
35834,11378,10166,0,18,2,7,2,4.39549187811
35835,11378,10203,0,18,1,7,1,5.52760631183
35836,11378,11359,0,18,2,7,2,8.13483578154
35837,11378,10177,0,18,1,7,1,4.4138367004
35838,11378,11040,0,18,1,7,1,11.8164387312
35839,11378,11364,0,18,2,7,2,7.65451967505
35840,11378,11692,0,18,2,7,2,10.6552839021
35841,11378,11423,0,18,1,7,1,7.09227613364
35842,11378,11415,0,18,2,7,2,4.01114820241
35843,11378,10175,0,18,2,7,1,4.55060159988
35844,10107,10012,0,1,445,1,357,2.91017881046
35845,10107,11222,0,1,110,1,71,3.38601731957
35846,10107,11231,0,1,65,1,44,6.13540976618
35847,10107,10019,1,1,637,1,440,0.158547221516
35848,10107,11102,0,1,35,1,30,3.0667941218
35849,10107,10003,0,1,493,1,400,2.36622705909
35850,10107,10020,0,1,143,1,116,0.55127778919
35851,10107,10018,0,1,339,1,256,0.960607391417
35852,10107,10001,0,1,670,1,468,1.30235678568
35853,10107,11365,0,1,21,1,9,10.1812442253
35854,10107,10007,0,1,1780,1,1042,3.79015239288
35855,10107,10022,0,1,228,1,164,0.956677052182
35856,10107,10013,0,1,745,1,406,3.37191605077
35857,10107,10472,0,1,23,1,8,7.44318881781
35858,10107,11226,0,1,195,1,123,8.48229872108
35859,10107,10027,0,1,141,1,83,3.50643199436
35860,10107,11210,0,1,34,1,20,9.75336649264
35861,10107,11693,0,1,6,1,6,14.4917550923
35862,10107,11432,0,1,49,1,36,10.5792426917
35863,10107,11103,0,1,35,1,26,3.77546757619
35864,10107,11237,0,1,64,1,53,5.45955951638
35865,10107,10010,0,1,218,1,181,1.89149247207
35866,10107,10014,0,1,397,1,286,2.4886672533
35867,10107,10009,0,1,135,1,91,2.72275360107
35868,10107,10036,0,1,826,1,656,0.617371522088
35869,10107,11216,0,1,60,1,49,6.20629990448
35870,10107,11418,0,1,15,1,11,9.12208481109
35871,10107,11109,0,1,5,1,5,9.87816726274
35872,10107,11371,0,1,71,1,65,5.66021455379
35873,10107,10460,0,1,42,1,22,7.43323000276
35874,10107,10048,0,1,86,1,65,4.05772165496
35875,10107,10128,0,1,51,1,40,2.00409857486
35876,10107,11375,0,1,44,1,27,7.85203935155
35877,10107,10023,0,1,210,1,134,0.66728925256
35878,10107,11211,0,1,352,1,256,4.03606805775
35879,10107,10011,0,1,437,1,352,1.97707643035
35880,10107,10025,0,1,143,1,65,2.34218635304
35881,10107,10032,0,1,65,1,28,5.56051172982
35882,10107,11232,0,1,125,1,24,7.73853696725
35883,10107,11377,0,1,46,1,33,4.45066593059
35884,10107,11361,0,1,19,1,11,10.9573186274
35885,10107,11206,0,1,90,1,63,4.89147206192
35886,10107,11430,0,1,187,1,143,12.6666566397
35887,10107,10021,0,1,62,1,45,1.17680680775
35888,10107,11201,0,1,234,1,176,4.92031723791
35889,10107,11238,0,1,109,1,64,6.04711642999
35890,10107,10016,0,1,162,1,110,1.42300893478
35891,10107,11218,0,1,26,1,19,8.41730513023
35892,10107,10301,0,1,45,1,32,10.9851875592
35893,10107,10452,0,1,54,1,34,5.9098949222
35894,10107,10314,0,1,51,1,30,13.9569158891
35895,10107,10461,0,1,50,1,20,9.23534175191
35896,10107,11101,0,1,193,1,96,2.7138883253
35897,10107,10029,0,1,50,1,38,2.60298203006
35898,10107,10467,0,1,33,1,22,9.41524851454
35899,10107,11208,0,1,43,1,13,8.68104246221
35900,10107,10024,0,1,101,1,71,1.40855957175
35901,10107,10005,0,1,65,1,41,4.38372910549
35902,10107,10030,0,1,39,1,26,4.11918576802
35903,10107,10002,0,1,258,1,186,3.41533653574
35904,10107,11385,0,1,56,1,31,6.43191283611
35905,10107,11220,0,1,38,1,23,8.79727665507
35906,10107,11215,0,1,123,1,95,6.82744202618
35907,10107,10038,0,1,174,1,85,4.06708080106
35908,10107,11217,0,1,92,1,71,5.82527011835
35909,10107,10462,0,1,104,1,58,8.34647785561
35910,10107,10040,0,1,80,1,27,6.97253109182
35911,10107,10457,0,1,28,1,16,7.08284240051
35912,10107,10017,0,1,277,1,161,1.12621925085
35913,10107,11433,0,1,18,1,12,11.3333483289
35914,10107,10308,0,1,8,1,8,17.2745706501
35915,10107,10468,0,1,52,1,30,8.21311872644
35916,10107,10111,0,1,15,1,13,0.560921144956
35917,10107,10309,0,1,23,1,15,20.3279246685
35918,10107,10034,0,1,68,1,33,7.72018610821
35919,10107,10028,0,1,89,1,53,1.66290961951
35920,10107,10035,0,1,65,1,32,3.57789888928
35921,10107,11228,0,1,10,1,8,10.3839928922
35922,10107,11105,0,1,25,1,19,3.95311557013
35923,10107,11355,0,1,26,1,18,8.64888744166
35924,10107,11209,0,1,49,1,28,10.1791050852
35925,10107,11213,0,1,35,1,20,7.05721773871
35926,10107,11369,0,1,12,1,8,5.89264944729
35927,10107,10031,0,1,64,1,45,4.49205158337
35928,10107,11221,0,1,120,1,61,5.97277596234
35929,10107,11212,0,1,12,1,10,8.06411471949
35930,10107,11233,0,1,74,1,34,7.03370051571
35931,10107,11368,0,1,62,1,41,6.6594937587
35932,10107,11205,0,1,37,1,31,5.06638746515
35933,10107,10069,0,1,14,1,8,0.745675550653
35934,10107,11203,0,1,39,1,8,8.50868304496
35935,10107,10459,0,1,16,1,8,6.21156196032
35936,10107,11219,0,1,6,1,4,9.27229420418
35937,10107,11434,0,1,32,1,16,12.7074098457
35938,10107,11230,0,1,11,1,5,9.94466865639
35939,10107,11373,0,1,53,1,27,5.87924387232
35940,10107,11362,0,1,8,1,5,13.0989358308
35941,10107,10305,0,1,11,1,8,12.5277568631
35942,10107,11104,0,1,8,1,6,3.66738653167
35943,10107,10004,0,1,168,1,99,5.56028749324
35944,10107,10275,0,1,13,1,7,1.03019396084
35945,10107,10118,0,1,4,1,3,1.21868249828
35946,10107,10026,0,1,57,1,43,2.91144308994
35947,10107,11235,0,1,19,1,14,12.7169322805
35948,10107,10469,0,1,44,1,12,10.0056466811
35949,10107,10281,0,1,31,1,24,3.95351646307
35950,10107,11223,0,1,10,1,7,11.625058107
35951,10107,11379,0,1,33,1,13,6.4489676101
35952,10107,10465,0,1,37,1,16,9.58116397803
35953,10107,10455,0,1,20,1,11,5.19338194066
35954,10107,10466,0,1,16,1,11,11.1545798766
35955,10107,11239,0,1,4,1,2,9.93919255445
35956,10107,11207,0,1,86,1,31,8.06578778555
35957,10107,11367,0,1,35,1,17,8.85667418684
35958,10107,11106,0,1,21,1,19,2.7064689578
35959,10107,10471,0,1,19,1,15,10.1612655855
35960,10107,11234,0,1,50,1,15,10.6963796062
35961,10107,10167,0,1,11,1,4,0.896434018413
35962,10107,10453,0,1,21,1,16,7.02819391744
35963,10107,10451,0,1,20,1,12,4.85481238278
35964,10107,10033,0,1,86,1,31,6.20893338174
35965,10107,11354,0,1,38,1,25,8.27761499911
35966,10107,10463,0,1,36,1,16,8.84022306856
35967,10107,10169,0,1,4,1,4,0.896749680253
35968,10107,10456,0,1,21,1,12,5.84576431357
35969,10107,11420,0,1,8,1,7,10.9319358712
35970,10107,10153,0,1,6,1,5,0.558817261485
35971,10107,10307,0,1,6,1,3,22.4884316212
35972,10107,10306,0,1,17,1,8,15.3377265032
35973,10107,10165,0,1,2,1,2,0.991765461106
35974,10107,10303,0,1,11,1,7,13.355339679
35975,10107,11224,0,1,22,1,13,13.1078096258
35976,10107,10304,0,1,8,1,5,12.304364996
35977,10107,10458,0,1,34,1,31,8.3502288742
35978,10107,11414,0,1,13,1,7,10.4616953908
35979,10107,11204,0,1,9,1,8,10.1773047938
35980,10107,11372,0,1,16,1,11,5.28375696254
35981,10107,11357,0,1,9,1,6,9.18615261063
35982,10107,10044,0,1,9,1,8,1.78493307246
35983,10107,11229,0,1,27,1,14,11.7399000683
35984,10107,11236,0,1,15,1,9,9.62964049562
35985,10107,10302,0,1,5,1,5,12.3664953243
35986,10107,11422,0,1,11,1,8,14.845012422
35987,10107,10312,0,1,4,1,2,18.4631899396
35988,10107,10310,0,1,27,1,6,11.598005242
35989,10107,11429,0,1,8,1,6,13.3939220169
35990,10107,10152,0,1,2,1,2,0.770969185175
35991,10107,11214,0,1,10,1,6,11.5746966639
35992,10107,11435,0,1,41,1,23,10.1636866398
35993,10107,10039,0,1,8,1,7,4.76706725545
35994,10107,10121,0,1,1,1,1,1.25425052669
35995,10107,11413,0,1,14,1,7,13.8432089668
35996,10107,10473,0,1,14,1,9,7.42072826359
35997,10107,10454,0,1,19,1,10,4.42597546593
35998,10107,11416,0,1,5,1,5,9.01284837038
35999,10107,10280,0,1,5,1,3,4.46558880436
36000,10107,11694,0,1,5,1,4,14.9151720298
36001,10107,11358,0,1,6,1,4,9.79898354357
36002,10107,11421,0,1,4,1,4,8.35815255658
36003,10107,11412,0,1,4,1,4,12.6549674349
36004,10107,10174,0,1,2,1,2,1.09398806968
36005,10107,11417,0,1,3,1,3,9.58129802649
36006,10107,11427,0,1,5,1,4,12.6061414905
36007,10107,11411,0,1,4,1,2,13.9063086667
36008,10107,11374,0,1,10,1,9,7.00503979472
36009,10107,10096,0,1,2,1,2,1.03019396084
36010,10107,10006,0,1,19,1,18,4.3478147203
36011,10107,10037,0,1,15,1,10,4.05745256954
36012,10107,11370,0,1,8,1,4,4.84339172563
36013,10107,10475,0,1,15,1,11,11.3062722195
36014,10107,11225,0,1,17,1,13,7.29016890091
36015,10107,10282,0,1,10,1,9,3.78150551375
36016,10107,11426,0,1,12,1,5,13.9316361818
36017,10107,11378,0,1,18,1,7,5.11538959552
36018,10107,10107,1,1,1,1,1,0.0
36019,10107,11251,0,1,4,1,3,8.60285820339
36020,10107,11436,0,1,6,1,3,11.6514445978
36021,10107,11360,0,1,10,1,5,10.6755710617
36022,10107,11356,0,1,2,1,2,7.41220380011
36023,10107,10474,0,1,8,1,7,5.94443404803
36024,10107,11697,0,1,1,1,1,14.7514802379
36025,10107,10172,0,1,2,1,2,0.870097062011
36026,10107,11691,0,1,4,1,3,16.4072095615
36027,10107,10470,0,1,6,1,4,11.2535616992
36028,10107,11366,0,1,7,1,5,10.2355810428
36029,10107,10041,0,1,2,1,2,4.60361728008
36030,10107,10278,0,1,1,1,1,3.67197944669
36031,10107,10106,0,1,4,1,1,0.145366670292
36032,10107,11428,0,1,2,1,2,13.0711138783
36033,10107,10286,0,1,1,1,1,3.91360120183
36034,10107,10279,0,1,1,1,1,3.92429107978
36035,10107,10103,0,1,1,1,1,0.458546378076
36036,10107,10196,0,1,1,1,1,1.03019396084
36037,10107,10154,0,1,1,1,1,0.786059366181
36038,10107,10119,0,1,2,1,2,1.20156988533
36039,10107,10464,0,1,5,1,4,11.9247710662
36040,10107,10166,0,1,2,1,2,0.884988493486
36041,10107,10203,0,1,1,1,1,1.03019396084
36042,10107,11359,0,1,2,1,2,10.9586207089
36043,10107,10177,0,1,1,1,1,0.840392793955
36044,10107,11040,0,1,1,1,1,16.0224609397
36045,10107,11364,0,1,2,1,2,11.7687744936
36046,10107,11692,0,1,2,1,2,15.4872883085
36047,10107,11423,0,1,1,1,1,11.8186836503
36048,10107,11415,0,1,2,1,2,9.01985278458
36049,10107,10175,0,1,2,1,1,0.850749886612
36050,11251,10012,0,4,445,3,357,6.24276454069
36051,11251,11222,0,4,110,3,71,5.60324016278
36052,11251,11231,0,4,65,3,44,3.81297090405
36053,11251,10019,0,4,637,3,440,8.59100349666
36054,11251,11102,0,4,35,3,30,8.77289996332
36055,11251,10003,0,4,493,3,400,6.46506362455
36056,11251,10020,0,4,143,3,116,8.05159357906
36057,11251,10018,0,4,339,3,256,8.00360101077
36058,11251,10001,0,4,670,3,468,7.77512230504
36059,11251,11365,0,4,21,3,9,10.319514953
36060,11251,10007,0,4,1780,3,1042,5.81114382764
36061,11251,10022,0,4,228,3,164,7.94710723602
36062,11251,10013,0,4,745,3,406,6.09898733002
36063,11251,10472,0,4,23,3,8,13.4037292968
36064,11251,11226,0,4,195,3,123,0.551865798085
36065,11251,10027,0,4,141,3,83,11.5742734858
36066,11251,11210,0,4,34,3,20,1.18385789135
36067,11251,11693,0,4,6,3,6,7.37575145355
36068,11251,11432,0,4,49,3,36,9.28872154059
36069,11251,11103,0,4,35,3,26,8.3282535699
36070,11251,11237,0,4,64,3,53,4.2305606458
36071,11251,10010,0,4,218,3,181,6.76622841395
36072,11251,10014,0,4,397,3,286,6.94747390194
36073,11251,10009,0,4,135,3,91,5.92675139483
36074,11251,10036,0,4,826,3,656,8.24314439441
36075,11251,11216,0,4,60,3,49,2.44151512768
36076,11251,11418,0,4,15,3,11,6.91467986414
36077,11251,11109,0,4,5,3,5,3.92642737099
36078,11251,11371,0,4,71,3,65,9.50000812101
36079,11251,10460,0,4,42,3,22,13.9339260889
36080,11251,10048,0,4,86,3,65,5.81731712111
36081,11251,10128,0,4,51,3,40,9.44335550603
36082,11251,11375,0,4,44,3,27,7.36574304541
36083,11251,10023,0,4,210,3,134,9.25482882546
36084,11251,11211,0,4,352,3,256,4.64790685571
36085,11251,10011,0,4,437,3,352,7.22298227557
36086,11251,10025,0,4,143,3,65,10.6542795677
36087,11251,10032,0,4,65,3,28,13.4972583752
36088,11251,11232,0,4,125,3,24,3.19304622841
36089,11251,11377,0,4,46,3,33,7.08584623115
36090,11251,11361,0,4,19,3,11,12.1294120485
36091,11251,11206,0,4,90,3,63,3.95190064941
36092,11251,11430,0,4,187,3,143,7.85884183466
36093,11251,10021,0,4,62,3,45,8.54784455303
36094,11251,11201,0,4,234,3,176,4.16479854748
36095,11251,11238,0,4,109,3,64,2.58786890008
36096,11251,10016,0,4,162,3,110,7.18133491058
36097,11251,11218,0,4,26,3,19,1.62545146592
36098,11251,10301,0,4,45,3,32,7.9008198818
36099,11251,10452,0,4,54,3,34,13.4150454064
36100,11251,10314,0,4,51,3,30,10.8545880762
36101,11251,10461,0,4,50,3,20,14.7567499449
36102,11251,11101,0,4,193,3,96,6.92398628506
36103,11251,10029,0,4,50,3,38,10.1080129612
36104,11251,10467,0,4,33,3,22,16.1699973692
36105,11251,11208,0,4,43,3,13,4.26063216237
36106,11251,10024,0,4,101,3,71,9.89342112136
36107,11251,10005,0,4,65,3,41,5.36801427741
36108,11251,10030,0,4,39,3,26,11.94128409
36109,11251,10002,0,4,258,3,186,5.43158928684
36110,11251,11385,0,4,56,3,31,4.84929701582
36111,11251,11220,0,4,38,3,23,3.72499933551
36112,11251,11215,0,4,123,3,95,2.63356253966
36113,11251,10038,0,4,174,3,85,5.41651199816
36114,11251,11217,0,4,92,3,71,3.07974925929
36115,11251,10462,0,4,104,3,58,14.3348792228
36116,11251,10040,0,4,80,3,27,14.7647412809
36117,11251,10457,0,4,28,3,16,14.1257728343
36118,11251,10017,0,4,277,3,161,7.52497978378
36119,11251,11433,0,4,18,3,12,9.01318085668
36120,11251,10308,0,4,8,3,8,12.6163494417
36121,11251,10468,0,4,52,3,30,15.5071068773
36122,11251,10111,0,4,15,3,13,8.06086330269
36123,11251,10309,0,4,23,3,15,16.1897960368
36124,11251,10034,0,4,68,3,33,15.4129105954
36125,11251,10028,0,4,89,3,53,9.09854232852
36126,11251,10035,0,4,65,3,32,10.8704072457
36127,11251,11228,0,4,10,3,8,3.98567411957
36128,11251,11105,0,4,25,3,19,9.14898669149
36129,11251,11355,0,4,26,3,18,9.76649527476
36130,11251,11209,0,4,49,3,28,4.68876076252
36131,11251,11213,0,4,35,3,20,1.86539137983
36132,11251,11369,0,4,12,3,8,9.01861351576
36133,11251,10031,0,4,64,3,45,12.49805214
36134,11251,11221,0,4,120,3,61,3.33097579837
36135,11251,11212,0,4,12,3,10,2.04334082414
36136,11251,11233,0,4,74,3,34,2.5997149344
36137,11251,11368,0,4,62,3,41,8.38172423553
36138,11251,11205,0,4,37,3,31,3.5522219594
36139,11251,10069,0,4,14,3,8,9.30776075745
36140,11251,11203,0,4,39,3,8,0.686946865285
36141,11251,10459,0,4,16,3,8,12.7365762531
36142,11251,11219,0,4,6,3,4,2.8321659064
36143,11251,11434,0,4,32,3,16,9.28586725998
36144,11251,11230,0,4,11,3,5,1.83007264155
36145,11251,11373,0,4,53,3,27,7.19644461972
36146,11251,11362,0,4,8,3,5,13.6469016682
36147,11251,10305,0,4,11,3,8,7.53817733161
36148,11251,11104,0,4,8,3,6,6.94115395478
36149,11251,10004,0,4,168,3,99,6.28215057583
36150,11251,10275,0,4,13,3,7,9.51128787782
36151,11251,10118,0,4,4,3,3,7.49222137846
36152,11251,10026,0,4,57,3,43,10.8972525841
36153,11251,11235,0,4,19,3,14,4.2381770513
36154,11251,10469,0,4,44,3,12,16.2544042379
36155,11251,10281,0,4,31,3,24,6.04320647187
36156,11251,11223,0,4,10,3,7,3.54288977436
36157,11251,11379,0,4,33,3,13,5.9912050561
36158,11251,10465,0,4,37,3,16,14.1470694325
36159,11251,10455,0,4,20,3,11,11.9241957281
36160,11251,10466,0,4,16,3,11,17.7265669881
36161,11251,11239,0,4,4,3,2,3.46092933875
36162,11251,11207,0,4,86,3,31,3.20732080641
36163,11251,11367,0,4,35,3,17,8.68014539605
36164,11251,11106,0,4,21,3,19,8.09862185916
36165,11251,10471,0,4,19,3,15,17.7796261353
36166,11251,11234,0,4,50,3,15,2.20691087454
36167,11251,10167,0,4,11,3,4,7.73512487897
36168,11251,10453,0,4,21,3,16,14.4503589707
36169,11251,10451,0,4,20,3,12,12.1088367418
36170,11251,10033,0,4,86,3,31,14.0633635012
36171,11251,11354,0,4,38,3,25,10.5657378127
36172,11251,10463,0,4,36,3,16,16.4024691404
36173,11251,10169,0,4,4,3,4,7.72026241882
36174,11251,10456,0,4,21,3,12,12.8793378597
36175,11251,11420,0,4,8,3,7,7.13032272613
36176,11251,10153,0,4,6,3,5,8.31436456696
36177,11251,10307,0,4,6,3,3,18.3393030593
36178,11251,10306,0,4,17,3,8,10.4824887519
36179,11251,10165,0,4,2,3,2,7.61154594354
36180,11251,10303,0,4,11,3,7,11.4762870091
36181,11251,11224,0,4,22,3,13,5.32677703675
36182,11251,10304,0,4,8,3,5,8.03822460649
36183,11251,10458,0,4,34,3,31,15.4014100226
36184,11251,11414,0,4,13,3,7,5.42678070856
36185,11251,11204,0,4,9,3,8,2.75900444952
36186,11251,11372,0,4,16,3,11,7.91851851178
36187,11251,11357,0,4,9,3,6,11.9711622331
36188,11251,10044,0,4,9,3,8,8.08134777381
36189,11251,11229,0,4,27,3,14,3.16969713286
36190,11251,11236,0,4,15,3,9,2.19937382864
36191,11251,10302,0,4,5,3,5,10.1444179403
36192,11251,11422,0,4,11,3,8,11.0956323864
36193,11251,10312,0,4,4,3,2,14.0521587032
36194,11251,10310,0,4,27,3,6,9.00559108686
36195,11251,11429,0,4,8,3,6,11.6814563312
36196,11251,10152,0,4,2,3,2,7.9617276024
36197,11251,11214,0,4,10,3,6,4.16324758563
36198,11251,11435,0,4,41,3,23,8.0509818882
36199,11251,10039,0,4,8,3,7,12.5020494847
36200,11251,10121,0,4,1,3,1,7.62173478704
36201,11251,11413,0,4,14,3,7,10.3202448326
36202,11251,10473,0,4,14,3,9,12.7911254034
36203,11251,10454,0,4,19,3,10,11.2024931587
36204,11251,11416,0,4,5,3,5,5.63246062516
36205,11251,10280,0,4,5,3,3,5.75621179268
36206,11251,11694,0,4,5,3,4,6.99088931809
36207,11251,11358,0,4,6,3,4,11.1616450361
36208,11251,11421,0,4,4,3,4,5.54527939978
36209,11251,11412,0,4,4,3,4,10.3900372298
36210,11251,10174,0,4,2,3,2,7.5209682959
36211,11251,11417,0,4,3,3,3,5.67205293594
36212,11251,11427,0,4,5,3,4,11.8410972668
36213,11251,11411,0,4,4,3,2,11.4928652023
36214,11251,11374,0,4,10,3,9,7.06289009571
36215,11251,10096,0,4,2,3,2,9.51128787782
36216,11251,10006,0,4,19,3,18,5.62921231003
36217,11251,10037,0,4,15,3,10,11.6214813429
36218,11251,11370,0,4,8,3,4,8.62531892583
36219,11251,10475,0,4,15,3,11,17.2864428976
36220,11251,11225,0,4,17,3,13,1.33668869043
36221,11251,10282,0,4,10,3,9,6.16349126743
36222,11251,11426,0,4,12,3,5,13.210633389
36223,11251,11378,0,4,18,3,7,5.88683643816
36224,11251,10107,0,4,1,3,1,8.60285820339
36225,11251,11251,3,4,4,3,3,0.0
36226,11251,11436,0,4,6,3,3,8.03934939585
36227,11251,11360,0,4,10,3,5,12.7350828665
36228,11251,11356,0,4,2,3,2,11.051428451
36229,11251,10474,0,4,8,3,7,11.9860834401
36230,11251,11697,0,4,1,3,1,6.16060770486
36231,11251,10172,0,4,2,3,2,7.7727763037
36232,11251,11691,0,4,4,3,3,10.2324961531
36233,11251,10470,0,4,6,3,4,18.1785759366
36234,11251,11366,0,4,7,3,5,9.66213282594
36235,11251,10041,0,4,2,3,2,5.2599671016
36236,11251,10278,0,4,1,3,1,5.77284363013
36237,11251,10106,0,4,4,3,1,8.49611901398
36238,11251,11428,0,4,2,3,2,11.8853596694
36239,11251,10286,0,4,1,3,1,5.92386555327
36240,11251,10279,0,4,1,3,1,5.75611142108
36241,11251,10103,0,4,1,3,1,8.17526230179
36242,11251,10196,0,4,1,3,1,9.51128787782
36243,11251,10154,0,4,1,3,1,7.92350537761
36244,11251,10119,0,4,2,3,2,7.71605984941
36245,11251,10464,0,4,5,3,4,16.758411465
36246,11251,10166,0,4,2,3,2,7.73087185383
36247,11251,10203,0,4,1,3,1,9.51128787782
36248,11251,11359,0,4,2,3,2,13.488655008
36249,11251,10177,0,4,1,3,1,7.78009030384
36250,11251,11040,0,4,1,3,1,15.5188342512
36251,11251,11364,0,4,2,3,2,11.9858555256
36252,11251,11692,0,4,2,3,2,8.6382710507
36253,11251,11423,0,4,1,3,1,10.4415438052
36254,11251,11415,0,4,2,3,2,7.40795235541
36255,11251,10175,0,4,2,3,1,7.75327251289
36256,11436,10012,2,6,445,3,357,11.1680368673
36257,11436,11222,1,6,110,3,71,8.5993721379
36258,11436,11231,2,6,65,3,44,10.8094312226
36259,11436,10019,2,6,637,3,440,11.7514459483
36260,11436,11102,2,6,35,3,30,9.48192255639
36261,11436,10003,0,6,493,3,400,10.8804068972
36262,11436,10020,0,6,143,3,116,11.256141535
36263,11436,10018,2,6,339,3,256,11.7322407923
36264,11436,10001,2,6,670,3,468,11.740259834
36265,11436,11365,2,6,21,3,9,4.48092957496
36266,11436,10007,2,6,1780,3,1042,11.3968476622
36267,11436,10022,2,6,228,3,164,10.6948558094
36268,11436,10013,0,6,745,3,406,11.405167672
36269,11436,10472,2,6,23,3,8,11.4180682394
36270,11436,11226,2,6,195,3,123,8.57213866297
36271,11436,10027,2,6,141,3,83,12.6578560129
36272,11436,11210,2,6,34,3,20,8.43753763358
36273,11436,11693,0,6,6,3,6,5.46046189741
36274,11436,11432,0,6,49,3,36,2.76651997397
36275,11436,11103,2,6,35,3,26,8.56798190069
36276,11436,11237,2,6,64,3,53,6.77058684301
36277,11436,10010,2,6,218,3,181,10.7048241933
36278,11436,10014,2,6,397,3,286,11.7169419775
36279,11436,10009,0,6,135,3,91,10.2209193811
36280,11436,10036,2,6,826,3,656,11.7351498289
36281,11436,11216,2,6,60,3,49,7.96366493142
36282,11436,11418,0,6,15,3,11,2.5598455029
36283,11436,11109,0,6,5,3,5,4.18926345461
36284,11436,11371,2,6,71,3,65,7.90700930748
36285,11436,10460,2,6,42,3,22,12.3154219372
36286,11436,10048,0,6,86,3,65,11.6119576544
36287,11436,10128,2,6,51,3,40,10.9645586464
36288,11436,11375,2,6,44,3,27,4.10544507936
36289,11436,10023,2,6,210,3,134,12.0337226024
36290,11436,11211,2,6,352,3,256,8.67149568561
36291,11436,10011,2,6,437,3,352,11.6271943002
36292,11436,10025,0,6,143,3,65,12.4263078943
36293,11436,10032,2,6,65,3,28,13.7724798357
36294,11436,11232,2,6,125,3,24,10.9717184279
36295,11436,11377,2,6,46,3,33,7.34811844645
36296,11436,11361,2,6,19,3,11,6.26038871224
36297,11436,11206,0,6,90,3,63,7.91217530602
36298,11436,11430,3,6,187,3,143,1.63152081107
36299,11436,10021,2,6,62,3,45,10.7733969956
36300,11436,11201,2,6,234,3,176,10.2006205167
36301,11436,11238,0,6,109,3,64,8.71462729488
36302,11436,10016,2,6,162,3,110,10.7121425048
36303,11436,11218,2,6,26,3,19,9.62920318674
36304,11436,10301,2,6,45,3,32,15.9027727508
36305,11436,10452,2,6,54,3,34,13.1279258592
36306,11436,10314,2,6,51,3,30,18.8938802445
36307,11436,10461,1,6,50,3,20,11.8457610919
36308,11436,11101,2,6,193,3,96,8.93778973453
36309,11436,10029,2,6,50,3,38,11.2578007045
36310,11436,10467,2,6,33,3,22,14.1899646559
36311,11436,11208,0,6,43,3,13,3.97358814153
36312,11436,10024,0,6,101,3,71,12.2260437323
36313,11436,10005,2,6,65,3,41,11.3351093515
36314,11436,10030,1,6,39,3,26,12.568214372
36315,11436,10002,0,6,258,3,186,10.4148464304
36316,11436,11385,1,6,56,3,31,5.42196081557
36317,11436,11220,2,6,38,3,23,11.720687588
36318,11436,11215,2,6,123,3,95,9.92614475018
36319,11436,10038,2,6,174,3,85,11.1337594515
36320,11436,11217,0,6,92,3,71,9.52210307681
36321,11436,10462,2,6,104,3,58,12.0385296234
36322,11436,10040,2,6,80,3,27,14.4876517723
36323,11436,10457,2,6,28,3,16,13.0513966665
36324,11436,10017,2,6,277,3,161,10.6690801275
36325,11436,11433,2,6,18,3,12,1.62415797485
36326,11436,10308,0,6,8,3,8,20.4575534104
36327,11436,10468,2,6,52,3,30,14.3555304351
36328,11436,10111,0,6,15,3,13,11.1650588966
36329,11436,10309,2,6,23,3,15,24.0484516878
36330,11436,10034,1,6,68,3,33,14.8328707165
36331,11436,10028,2,6,89,3,53,10.8755663125
36332,11436,10035,2,6,65,3,32,11.3932418724
36333,11436,11228,1,6,10,3,8,11.9460149133
36334,11436,11105,0,6,25,3,19,9.06981436219
36335,11436,11355,2,6,26,3,18,5.33009303065
36336,11436,11209,2,6,49,3,28,12.7200570201
36337,11436,11213,0,6,35,3,20,7.23879051656
36338,11436,11369,2,6,12,3,8,7.23979422017
36339,11436,10031,1,6,64,3,45,13.1773165514
36340,11436,11221,0,6,120,3,61,6.90394982944
36341,11436,11212,0,6,12,3,10,6.17161689566
36342,11436,11233,0,6,74,3,34,6.39690007236
36343,11436,11368,2,6,62,3,41,5.98132616308
36344,11436,11205,0,6,37,3,31,8.95446752072
36345,11436,10069,0,6,14,3,8,12.3374346547
36346,11436,11203,0,6,39,3,8,7.36155795244
36347,11436,10459,1,6,16,3,8,11.6002720583
36348,11436,11219,0,6,6,3,4,10.8677212074
36349,11436,11434,2,6,32,3,16,1.2708150361
36350,11436,11230,0,6,11,3,5,9.4794510474
36351,11436,11373,2,6,53,3,27,6.03562832316
36352,11436,11362,1,6,8,3,5,6.78280102343
36353,11436,10305,0,6,11,3,8,15.5132407625
36354,11436,11104,0,6,8,3,6,8.03449120577
36355,11436,10004,2,6,168,3,99,12.9487758594
36356,11436,10275,0,6,13,3,7,11.9875910775
36357,11436,10118,0,6,4,3,3,11.215162421
36358,11436,10026,0,6,57,3,43,12.1450904448
36359,11436,11235,1,6,19,3,14,10.1895601411
36360,11436,10469,0,6,44,3,12,13.6796333541
36361,11436,10281,0,6,31,3,24,11.789896746
36362,11436,11223,0,6,10,3,7,10.6080810254
36363,11436,11379,2,6,33,3,13,5.2029568039
36364,11436,10465,2,6,37,3,16,10.5154818762
36365,11436,10455,0,6,20,3,11,11.3601246379
36366,11436,10466,0,6,16,3,11,15.1896322892
36367,11436,11239,0,6,4,3,2,4.74594767633
36368,11436,11207,2,6,86,3,31,5.12051548119
36369,11436,11367,2,6,35,3,17,3.97388982683
36370,11436,11106,0,6,21,3,19,9.31113899002
36371,11436,10471,2,6,19,3,15,16.610320578
36372,11436,11234,0,6,50,3,15,7.59508696297
36373,11436,10167,0,6,11,3,4,10.8830810544
36374,11436,10453,1,6,21,3,16,13.7446224112
36375,11436,10451,2,6,20,3,12,12.0100871769
36376,11436,10033,2,6,86,3,31,14.0596743506
36377,11436,11354,2,6,38,3,25,6.63984191302
36378,11436,10463,2,6,36,3,16,15.4133976032
36379,11436,10169,0,6,4,3,4,10.9192156449
36380,11436,10456,2,6,21,3,12,12.2280727516
36381,11436,11420,0,6,8,3,7,0.925153852402
36382,11436,10153,0,6,6,3,5,11.1092991785
36383,11436,10307,0,6,6,3,3,26.1502146642
36384,11436,10306,0,6,17,3,8,18.3588482985
36385,11436,10165,0,6,2,3,2,10.9758049435
36386,11436,10303,2,6,11,3,7,19.4553063724
36387,11436,11224,0,6,22,3,13,12.2578283192
36388,11436,10304,0,6,8,3,5,16.0672574044
36389,11436,10458,2,6,34,3,31,13.9709276909
36390,11436,11414,2,6,13,3,7,2.67221478193
36391,11436,11204,0,6,9,3,8,10.5826962828
36392,11436,11372,1,6,16,3,11,6.97060627166
36393,11436,11357,0,6,9,3,6,7.63901107863
36394,11436,10044,0,6,9,3,8,10.0414193557
36395,11436,11229,2,6,27,3,14,9.17854468838
36396,11436,11236,1,6,15,3,9,6.07033501245
36397,11436,10302,2,6,5,3,5,18.1273032229
36398,11436,11422,0,6,11,3,8,3.34075666392
36399,11436,10312,0,6,4,3,2,21.9049632583
36400,11436,10310,0,6,27,3,6,16.9944880519
36401,11436,11429,1,6,8,3,6,3.86748525776
36402,11436,10152,0,6,2,3,2,10.8965624295
36403,11436,11214,0,6,10,3,6,11.6865821071
36404,11436,11435,2,6,41,3,23,1.91438727547
36405,11436,10039,2,6,8,3,7,12.814370476
36406,11436,10121,0,6,1,3,1,11.4885892315
36407,11436,11413,2,6,14,3,7,2.40430771804
36408,11436,10473,2,6,14,3,9,10.4806506444
36409,11436,10454,2,6,19,3,10,11.0460390484
36410,11436,11416,2,6,5,3,5,2.8770057934
36411,11436,10280,0,6,5,3,3,11.8294345126
36412,11436,11694,0,6,5,3,4,7.2394867503
36413,11436,11358,0,6,6,3,4,5.9602733103
36414,11436,11421,1,6,4,3,4,3.42601865523
36415,11436,11412,0,6,4,3,4,2.52687870562
36416,11436,10174,0,6,2,3,2,10.7813108645
36417,11436,11417,0,6,3,3,3,2.51773562962
36418,11436,11427,2,6,5,3,4,4.53482930863
36419,11436,11411,0,6,4,3,2,3.47869242068
36420,11436,11374,2,6,10,3,9,4.85733467771
36421,11436,10096,0,6,2,3,2,11.9875910775
36422,11436,10006,0,6,19,3,18,11.6098344746
36423,11436,10037,2,6,15,3,10,12.0726256713
36424,11436,11370,0,6,8,3,4,7.85986608537
36425,11436,10475,2,6,15,3,11,14.1817996742
36426,11436,11225,1,6,17,3,13,8.34910340461
36427,11436,10282,0,6,10,3,9,11.8004593654
36428,11436,11426,2,6,12,3,5,5.64875889021
36429,11436,11378,2,6,18,3,7,6.54020395962
36430,11436,10107,0,6,1,3,1,11.6514445978
36431,11436,11251,0,6,4,3,3,8.03934939585
36432,11436,11436,3,6,6,3,3,0.0
36433,11436,11360,2,6,10,3,5,7.38379910122
36434,11436,11356,0,6,2,3,2,8.06420453856
36435,11436,10474,1,6,8,3,7,10.7110686627
36436,11436,11697,0,6,1,3,1,9.82641323101
36437,11436,10172,0,6,2,3,2,10.8838261171
36438,11436,11691,0,6,4,3,3,5.47677277641
36439,11436,10470,1,6,6,3,4,15.982789628
36440,11436,11366,0,6,7,3,5,3.58880348004
36441,11436,10041,0,6,2,3,2,11.375369281
36442,11436,10278,0,6,1,3,1,11.2477242695
36443,11436,10106,0,6,4,3,1,11.5061098329
36444,11436,11428,0,6,2,3,2,4.30454089423
36445,11436,10286,0,6,1,3,1,11.626912655
36446,11436,10279,0,6,1,3,1,11.4382613753
36447,11436,10103,0,6,1,3,1,11.2307933771
36448,11436,10196,0,6,1,3,1,11.9875910775
36449,11436,10154,0,6,1,3,1,10.8931598832
36450,11436,10119,0,6,2,3,2,11.5725016379
36451,11436,10464,0,6,5,3,4,12.6253285233
36452,11436,10166,0,6,2,3,2,10.9317436163
36453,11436,10203,0,6,1,3,1,11.9875910775
36454,11436,11359,0,6,2,3,2,8.25421361362
36455,11436,10177,0,6,1,3,1,10.9515309141
36456,11436,11040,0,6,1,3,1,7.80043059926
36457,11436,11364,0,6,2,3,2,5.36995711388
36458,11436,11692,0,6,2,3,2,5.60373790229
36459,11436,11423,0,6,1,3,1,3.15005955313
36460,11436,11415,0,6,2,3,2,2.84388661323
36461,11436,10175,0,6,2,3,1,11.082602636
36462,11360,10012,2,10,445,5,357,12.054431119
36463,11360,11222,1,10,110,5,71,9.45421900924
36464,11360,11231,2,10,65,5,44,13.6211068402
36465,11360,10019,2,10,637,5,440,10.8301821801
36466,11360,11102,2,10,35,5,30,7.60950064831
36467,11360,10003,0,10,493,5,400,11.4683456793
36468,11360,10020,0,10,143,5,116,10.6085303396
36469,11360,10018,2,10,339,5,256,11.3264347368
36470,11360,10001,3,10,670,5,468,11.5401326606
36471,11360,11365,2,10,21,5,9,2.92593312247
36472,11360,10007,2,10,1780,5,1042,12.7521897239
36473,11360,10022,2,10,228,5,164,9.93437713276
36474,11360,10013,0,10,745,5,406,12.5159147031
36475,11360,10472,2,10,23,5,8,5.77912225638
36476,11360,11226,2,10,195,5,123,13.1085217414
36477,11360,10027,2,10,141,5,83,9.44031028339
36478,11360,11210,2,10,34,5,20,13.6434891406
36479,11360,11693,0,10,6,5,6,12.8276992681
36480,11360,11432,0,10,49,5,36,4.62298828704
36481,11360,11103,2,10,35,5,26,6.96922619114
36482,11360,11237,2,10,64,5,53,9.0634978813
36483,11360,10010,2,10,218,5,181,10.9762493947
36484,11360,10014,2,10,397,5,286,12.2328246032
36485,11360,10009,0,10,135,5,91,11.0504861681
36486,11360,10036,2,10,826,5,656,11.1177605159
36487,11360,11216,2,10,60,5,49,11.2047077003
36488,11360,11418,0,10,15,5,11,6.31284513943
36489,11360,11109,0,10,5,5,5,10.0962485324
36490,11360,11371,2,10,71,5,65,5.01827913177
36491,11360,10460,2,10,42,5,22,6.71738167146
36492,11360,10048,0,10,86,5,65,13.066258036
36493,11360,10128,2,10,51,5,40,8.93523171915
36494,11360,11375,2,10,44,5,27,5.3821591945
36495,11360,10023,2,10,210,5,134,10.6417823905
36496,11360,11211,2,10,352,5,256,10.2859905046
36497,11360,10011,2,10,437,5,352,11.8619257112
36498,11360,10025,0,10,143,5,65,9.94174485527
36499,11360,10032,2,10,65,5,28,9.43387559699
36500,11360,11232,2,10,125,5,24,14.5884236747
36501,11360,11377,3,10,46,5,33,6.98840369806
36502,11360,11361,3,10,19,5,11,1.23024369991
36503,11360,11206,0,10,90,5,63,10.1008463178
36504,11360,11430,2,10,187,5,143,8.99856834712
36505,11360,10021,2,10,62,5,45,9.49919918673
36506,11360,11201,2,10,234,5,176,12.4432789934
36507,11360,11238,0,10,109,5,64,11.8167083165
36508,11360,10016,2,10,162,5,110,10.6294565418
36509,11360,11218,2,10,26,5,19,13.9157904986
36510,11360,10301,2,10,45,5,32,19.4290410414
36511,11360,10452,2,10,54,5,34,8.4776560457
36512,11360,10314,2,10,51,5,30,22.6248663817
36513,11360,10461,1,10,50,5,20,5.28291253622
36514,11360,11101,2,10,193,5,96,8.68654123763
36515,11360,10029,2,10,50,5,38,8.72491364384
36516,11360,10467,2,10,33,5,22,7.88128996015
36517,11360,11208,0,10,43,5,13,8.87644499703
36518,11360,10024,0,10,101,5,71,10.3430303238
36519,11360,10005,2,10,65,5,41,13.0452681449
36520,11360,10030,1,10,39,5,26,8.95880062449
36521,11360,10002,0,10,258,5,186,11.7067951517
36522,11360,11385,1,10,56,5,31,7.96931559354
36523,11360,11220,2,10,38,5,23,15.6549106579
36524,11360,11215,2,10,123,5,95,13.308084933
36525,11360,10038,2,10,174,5,85,12.7084751848
36526,11360,11217,0,10,92,5,71,12.4009417783
36527,11360,10462,2,10,104,5,58,5.92840032573
36528,11360,10040,2,10,80,5,27,9.47571143813
36529,11360,10457,2,10,28,5,16,7.72020419101
36530,11360,10017,2,10,277,5,161,10.2729503832
36531,11360,11433,2,10,18,5,12,5.79836435176
36532,11360,10308,0,10,8,5,8,25.0917268606
36533,11360,10468,2,10,52,5,30,8.64815734317
36534,11360,10111,0,10,15,5,13,10.4736520837
36535,11360,10309,2,10,23,5,15,28.5802953517
36536,11360,10034,1,10,68,5,33,9.49087126823
36537,11360,10028,2,10,89,5,53,9.13296774369
36538,11360,10035,2,10,65,5,32,8.19416432707
36539,11360,11228,1,10,10,5,8,16.5589592363
36540,11360,11105,0,10,25,5,19,6.73145388069
36541,11360,11355,2,10,26,5,18,2.96938252099
36542,11360,11209,2,10,49,5,28,17.0039564875
36543,11360,11213,0,10,35,5,20,11.0838209149
36544,11360,11369,2,10,12,5,8,4.89723520821
36545,11360,10031,1,10,64,5,45,9.39559733845
36546,11360,11221,0,10,120,5,61,9.83997892624
36547,11360,11212,0,10,12,5,10,10.7441949109
36548,11360,11233,0,10,74,5,34,10.1898571507
36549,11360,11368,3,10,62,5,41,4.70770206392
36550,11360,11205,0,10,37,5,31,11.3966534763
36551,11360,10069,0,10,14,5,8,11.0441903567
36552,11360,11203,0,10,39,5,8,12.1094811208
36553,11360,10459,1,10,16,5,8,6.7011510744
36554,11360,11219,0,10,6,5,4,15.268770445
36555,11360,11434,2,10,32,5,16,7.28983593606
36556,11360,11230,0,10,11,5,5,14.5443136143
36557,11360,11373,2,10,53,5,27,5.98193210495
36558,11360,11362,1,10,8,5,5,2.84177831946
36559,11360,10305,0,10,11,5,8,19.9162899325
36560,11360,11104,0,10,8,5,6,7.73937390652
36561,11360,10004,2,10,168,5,99,14.805243498
36562,11360,10275,0,10,13,5,7,10.3400309933
36563,11360,10118,0,10,4,5,3,11.0440526176
36564,11360,10026,0,10,57,5,43,9.29004459347
36565,11360,11235,1,10,19,5,14,16.2442228955
36566,11360,10469,0,10,44,5,12,7.03799659449
36567,11360,10281,0,10,31,5,24,13.1357318247
36568,11360,11223,0,10,10,5,7,16.1272649602
36569,11360,11379,2,10,33,5,13,6.8426238757
36570,11360,10465,2,10,37,5,16,3.69442337353
36571,11360,10455,0,10,20,5,11,7.12068676063
36572,11360,10466,0,10,16,5,11,8.39794347789
36573,11360,11239,0,10,4,5,2,10.643203279
36574,11360,11207,2,10,86,5,31,9.64548698168
36575,11360,11367,2,10,35,5,17,4.18106469193
36576,11360,11106,0,10,21,5,19,8.04396947636
36577,11360,10471,2,10,19,5,15,10.5306322375
36578,11360,11234,0,10,50,5,15,13.4143257466
36579,11360,10167,0,10,11,5,4,10.3754874751
36580,11360,10453,1,10,21,5,16,8.54803186097
36581,11360,10451,2,10,20,5,12,7.93781366337
36582,11360,10033,2,10,86,5,31,9.39237629603
36583,11360,11354,3,10,38,5,25,2.50682403233
36584,11360,10463,2,10,36,5,16,9.63842974002
36585,11360,10169,0,10,4,5,4,10.4375936236
36586,11360,10456,2,10,21,5,12,7.54789509189
36587,11360,11420,0,10,8,5,7,7.61726031336
36588,11360,10153,0,10,6,5,5,10.1702044717
36589,11360,10307,0,10,6,5,3,30.7705186388
36590,11360,10306,0,10,17,5,8,22.9541389231
36591,11360,10165,0,10,2,5,2,10.6101392187
36592,11360,10303,2,10,11,5,7,22.6179093874
36593,11360,11224,0,10,22,5,13,17.9274566054
36594,11360,10304,0,10,8,5,5,20.1628976592
36595,11360,10458,2,10,34,5,31,8.11937082515
36596,11360,11414,2,10,13,5,7,9.06052161405
36597,11360,11204,0,10,9,5,8,15.4801510977
36598,11360,11372,1,10,16,5,11,5.85538912675
36599,11360,11357,0,10,9,5,6,1.55551215678
36600,11360,10044,0,10,9,5,8,8.9605065957
36601,11360,11229,2,10,27,5,14,15.0941125953
36602,11360,11236,1,10,15,5,9,11.6289307581
36603,11360,10302,2,10,5,5,5,21.393864944
36604,11360,11422,0,10,11,5,8,8.46668839379
36605,11360,10312,0,10,4,5,2,26.4861320796
36606,11360,10310,0,10,27,5,6,20.3705957537
36607,11360,11429,1,10,8,5,6,5.38625126558
36608,11360,10152,0,10,2,5,2,10.193279342
36609,11360,11214,0,10,10,5,6,16.8950513269
36610,11360,11435,2,10,41,5,23,5.75875148725
36611,11360,10039,2,10,8,5,7,8.82029899212
36612,11360,10121,0,10,1,5,1,11.3146869241
36613,11360,11413,2,10,14,5,7,7.75452243938
36614,11360,10473,2,10,14,5,9,4.90209615953
36615,11360,10454,2,10,19,5,10,7.3590609633
36616,11360,11416,2,10,5,5,5,7.64691728907
36617,11360,10280,0,10,5,5,3,13.453670649
36618,11360,11694,0,10,5,5,4,14.5048150311
36619,11360,11358,1,10,6,5,4,1.6091784715
36620,11360,11421,1,10,4,5,4,7.41709236231
36621,11360,11412,0,10,4,5,4,5.84150850934
36622,11360,10174,0,10,2,5,2,10.4263790932
36623,11360,11417,0,10,3,5,3,7.99277646199
36624,11360,11427,2,10,5,5,4,3.9761546127
36625,11360,11411,0,10,4,5,2,6.42818851977
36626,11360,11374,2,10,10,5,9,5.7126300452
36627,11360,10096,0,10,2,5,2,10.3400309933
36628,11360,10006,0,10,19,5,18,13.2292980525
36629,11360,10037,2,10,15,5,10,8.497086242
36630,11360,11370,0,10,8,5,4,5.91782611786
36631,11360,10475,2,10,15,5,11,7.17697203012
36632,11360,11225,1,10,17,5,13,12.2545154522
36633,11360,10282,0,10,10,5,9,13.0450457577
36634,11360,11426,2,10,12,5,5,4.54001949519
36635,11360,11378,2,10,18,5,7,7.51767596288
36636,11360,10107,0,10,1,5,1,10.6755710617
36637,11360,11251,0,10,4,5,3,12.7350828665
36638,11360,11436,2,10,6,5,3,7.38379910122
36639,11360,11360,5,10,10,5,5,0.0
36640,11360,11356,0,10,2,5,2,3.35470016944
36641,11360,10474,1,10,8,5,7,6.07523533906
36642,11360,11697,0,10,1,5,1,16.6354399864
36643,11360,10172,0,10,2,5,2,10.3432930759
36644,11360,11691,0,10,4,5,3,12.4917842297
36645,11360,10470,1,10,6,5,4,9.31212768846
36646,11360,11366,0,10,7,5,5,3.82486259995
36647,11360,10041,0,10,2,5,2,13.2001187164
36648,11360,10278,0,10,1,5,1,12.5684870993
36649,11360,10106,0,10,4,5,1,10.5638119616
36650,11360,11428,0,10,2,5,2,4.63836594991
36651,11360,10286,0,10,1,5,1,12.9949941921
36652,11360,10279,0,10,1,5,1,12.8607851416
36653,11360,10103,0,10,1,5,1,10.4632013035
36654,11360,10196,0,10,1,5,1,10.3400309933
36655,11360,10154,0,10,1,5,1,10.2225892049
36656,11360,10119,0,10,2,5,2,11.3512134016
36657,11360,10464,0,10,5,5,4,5.30872205745
36658,11360,10166,0,10,2,5,2,10.4452754819
36659,11360,10203,0,10,1,5,1,10.3400309933
36660,11360,11359,1,10,2,5,2,0.87307576469
36661,11360,10177,0,10,1,5,1,10.4288210347
36662,11360,11040,0,10,1,5,1,5.90145871595
36663,11360,11364,0,10,2,5,2,2.55154908931
36664,11360,11692,0,10,2,5,2,12.9602355008
36665,11360,11423,0,10,1,5,1,4.60470077269
36666,11360,11415,0,10,2,5,2,5.70157921617
36667,11360,10175,0,10,2,5,1,10.6318750624
36668,11356,10012,0,2,445,2,357,9.0957316572
36669,11356,11222,0,2,110,2,71,6.72830379845
36670,11356,11231,0,2,65,2,44,11.122880947
36671,11356,10019,0,2,637,2,440,7.56928576971
36672,11356,11102,0,2,35,2,30,4.35787073042
36673,11356,10003,0,2,493,2,400,8.47261825769
36674,11356,10020,0,2,143,2,116,7.39955137706
36675,11356,10018,0,2,339,2,256,8.12844340176
36676,11356,10001,0,2,670,2,468,8.37006274672
36677,11356,11365,0,2,21,2,9,4.19605178094
36678,11356,10007,0,2,1780,2,1042,9.87237652285
36679,11356,10022,0,2,228,2,164,6.73885002931
36680,11356,10013,0,2,745,2,406,9.58630018752
36681,11356,10472,0,2,23,2,8,3.3628319773
36682,11356,11226,0,2,195,2,123,11.3179173047
36683,11356,10027,0,2,141,2,83,6.13223750675
36684,11356,11210,0,2,34,2,20,12.1137305085
36685,11356,11693,0,2,6,2,6,13.067413789
36686,11356,11432,0,2,49,2,36,5.58731840607
36687,11356,11103,0,2,35,2,26,3.85410986916
36688,11356,11237,0,2,64,2,53,6.93689982248
36689,11356,10010,0,2,218,2,181,7.936542865
36690,11356,10014,0,2,397,2,286,9.17632965308
36691,11356,10009,0,2,135,2,91,8.14767252983
36692,11356,10036,0,2,826,2,656,7.89257147595
36693,11356,11216,0,2,60,2,49,9.09345568716
36694,11356,11418,0,2,15,2,11,6.0245885458
36695,11356,11109,0,2,5,2,5,9.36101587933
36696,11356,11371,0,2,71,2,65,1.88987330029
36697,11356,10460,0,2,42,2,22,4.28511078637
36698,11356,10048,0,2,86,2,65,10.1943894384
36699,11356,10128,0,2,51,2,40,5.60337089448
36700,11356,11375,0,2,44,2,27,4.48157405076
36701,11356,10023,0,2,210,2,134,7.32932559791
36702,11356,11211,0,2,352,2,256,7.70225998316
36703,11356,10011,0,2,437,2,352,8.76310149617
36704,11356,10025,0,2,143,2,65,6.58829019861
36705,11356,10032,0,2,65,2,28,6.39167198133
36706,11356,11232,0,2,125,2,24,12.3090881474
36707,11356,11377,0,2,46,2,33,4.31087234304
36708,11356,11361,0,2,19,2,11,3.96839985881
36709,11356,11206,0,2,90,2,63,7.74633749285
36710,11356,11430,0,2,187,2,143,9.6462355921
36711,11356,10021,0,2,62,2,45,6.23806528882
36712,11356,11201,0,2,234,2,176,9.84684005397
36713,11356,11238,0,2,109,2,64,9.57957267278
36714,11356,10016,0,2,162,2,110,7.53116931983
36715,11356,11218,0,2,26,2,19,11.9491329453
36716,11356,10301,0,2,45,2,32,16.9024877916
36717,11356,10452,0,2,54,2,34,5.52573025387
36718,11356,10314,0,2,51,2,30,20.0859817344
36719,11356,10461,0,2,50,2,20,3.9749520853
36720,11356,11101,0,2,193,2,96,5.72017704125
36721,11356,10029,0,2,50,2,38,5.37085326581
36722,11356,10467,0,2,33,2,22,6.13944011917
36723,11356,11208,0,2,43,2,13,7.9288638327
36724,11356,10024,0,2,101,2,71,6.99842213898
36725,11356,10005,0,2,65,2,41,10.2448830345
36726,11356,10030,0,2,39,2,26,5.70090419384
36727,11356,10002,0,2,258,2,186,8.88077388406
36728,11356,11385,0,2,56,2,31,6.24398072745
36729,11356,11220,0,2,38,2,23,13.4312389444
36730,11356,11215,0,2,123,2,95,11.0346682335
36731,11356,10038,0,2,174,2,85,9.89134124092
36732,11356,11217,0,2,92,2,71,10.0237029055
36733,11356,10462,0,2,104,2,58,3.99107551808
36734,11356,10040,0,2,80,2,27,6.73310475854
36735,11356,10457,0,2,28,2,16,5.11671188193
36736,11356,10017,0,2,277,2,161,7.12965661434
36737,11356,11433,0,2,18,2,12,6.81083138603
36738,11356,10308,0,2,8,2,8,22.8399495826
36739,11356,10468,0,2,52,2,30,6.34054846937
36740,11356,10111,0,2,15,2,13,7.2632519053
36741,11356,10309,0,2,23,2,15,26.2315796742
36742,11356,10034,0,2,68,2,33,6.94097432551
36743,11356,10028,0,2,89,2,53,5.82368751159
36744,11356,10035,0,2,65,2,32,4.85866558567
36745,11356,11228,0,2,10,2,8,14.5627722028
36746,11356,11105,0,2,25,2,19,3.46394049887
36747,11356,11355,0,2,26,2,18,2.79087167714
36748,11356,11209,0,2,49,2,28,14.848792192
36749,11356,11213,0,2,35,2,20,9.23218154819
36750,11356,11369,0,2,12,2,8,2.10177697819
36751,11356,10031,0,2,64,2,45,6.18763821535
36752,11356,11221,0,2,120,2,61,7.81795925613
36753,11356,11212,0,2,12,2,10,9.25795080213
36754,11356,11233,0,2,74,2,34,8.45825180842
36755,11356,11368,0,2,62,2,41,2.75704119179
36756,11356,11205,0,2,37,2,31,8.96632510923
36757,11356,10069,0,2,14,2,8,7.73284400998
36758,11356,11203,0,2,39,2,8,10.5170677408
36759,11356,10459,0,2,16,2,8,3.79118224515
36760,11356,11219,0,2,6,2,4,13.2554239605
36761,11356,11434,0,2,32,2,16,8.49054140186
36762,11356,11230,0,2,11,2,5,12.8760060724
36763,11356,11373,0,2,53,2,27,3.85574422079
36764,11356,11362,0,2,8,2,5,6.06038579457
36765,11356,10305,0,2,11,2,8,17.6966618527
36766,11356,11104,0,2,8,2,6,4.90853396565
36767,11356,10004,0,2,168,2,99,11.9527581458
36768,11356,10275,0,2,13,2,7,7.01079277068
36769,11356,10118,0,2,4,2,3,7.90325611311
36770,11356,10026,0,2,57,2,43,5.94598270431
36771,11356,11235,0,2,19,2,14,14.997856212
36772,11356,10469,0,2,44,2,12,5.74304815074
36773,11356,10281,0,2,31,2,24,10.2314741815
36774,11356,11223,0,2,10,2,7,14.5845598598
36775,11356,11379,0,2,33,2,13,5.14226814842
36776,11356,10465,0,2,37,2,16,3.09808391336
36777,11356,10455,0,2,20,2,11,3.9487935232
36778,11356,10466,0,2,16,2,11,7.2811978196
36779,11356,11239,0,2,4,2,2,9.81263205212
36780,11356,11207,0,2,86,2,31,8.34073875923
36781,11356,11367,0,2,35,2,17,4.09211892587
36782,11356,11106,0,2,21,2,19,4.88224189453
36783,11356,10471,0,2,19,2,15,8.5548864503
36784,11356,11234,0,2,50,2,15,12.2222087836
36785,11356,10167,0,2,11,2,4,7.20391016221
36786,11356,10453,0,2,21,2,16,5.88360834749
36787,11356,10451,0,2,20,2,12,4.75332401537
36788,11356,10033,0,2,86,2,31,6.47983054498
36789,11356,11354,1,2,38,2,25,1.55537988233
36790,11356,10463,0,2,36,2,16,7.39800860869
36791,11356,10169,0,2,4,2,4,7.26767917466
36792,11356,10456,0,2,21,2,12,4.57022004986
36793,11356,11420,0,2,8,2,7,7.90104600559
36794,11356,10153,0,2,6,2,5,6.93194432985
36795,11356,10307,0,2,6,2,3,28.4295712606
36796,11356,10306,0,2,17,2,8,20.7305950937
36797,11356,10165,0,2,2,2,2,7.45361440526
36798,11356,10303,0,2,11,2,7,19.8996998071
36799,11356,11224,0,2,22,2,13,16.3772851244
36800,11356,10304,0,2,8,2,5,17.8162010125
36801,11356,10458,0,2,34,2,31,5.92412261284
36802,11356,11414,0,2,13,2,7,8.78223820929
36803,11356,11204,0,2,9,2,8,13.6712243838
36804,11356,11372,0,2,16,2,11,3.23897003341
36805,11356,11357,0,2,9,2,6,1.80767534534
36806,11356,10044,0,2,9,2,8,5.76334534319
36807,11356,11229,0,2,27,2,14,13.8318457886
36808,11356,11236,0,2,15,2,9,10.4846598512
36809,11356,10302,0,2,5,2,5,18.7324552817
36810,11356,11422,0,2,11,2,8,10.2176416686
36811,11356,10312,0,2,4,2,2,24.1883667441
36812,11356,10310,0,2,27,2,6,17.7683967296
36813,11356,11429,0,2,8,2,6,7.6228515378
36814,11356,10152,0,2,2,2,2,6.99449850094
36815,11356,11214,0,2,10,2,6,15.1545914434
36816,11356,11435,0,2,41,2,23,6.15362996879
36817,11356,10039,0,2,8,2,7,5.6477935741
36818,11356,10121,0,2,1,2,1,8.15984557415
36819,11356,11413,0,2,14,2,7,9.31526428748
36820,11356,10473,0,2,14,2,9,2.41716418543
36821,11356,10454,0,2,19,2,10,4.06259090214
36822,11356,11416,0,2,5,2,5,7.05797584758
36823,11356,10280,0,2,5,2,3,10.6056618978
36824,11356,11694,0,2,5,2,4,14.4206647523
36825,11356,11358,0,2,6,2,4,3.03000833899
36826,11356,11421,0,2,4,2,4,6.5720399525
36827,11356,11412,0,2,4,2,4,7.52468129914
36828,11356,10174,0,2,2,2,2,7.28242016353
36829,11356,11417,0,2,3,2,3,7.58552268472
36830,11356,11427,0,2,5,2,4,6.39390810901
36831,11356,11411,0,2,4,2,2,8.5038712562
36832,11356,11374,0,2,10,2,9,4.27270129934
36833,11356,10096,0,2,2,2,2,7.01079277068
36834,11356,10006,0,2,19,2,18,10.3926667472
36835,11356,10037,0,2,15,2,10,5.21913580808
36836,11356,11370,0,2,8,2,4,2.90544069954
36837,11356,10475,0,2,15,2,11,6.49233064041
36838,11356,11225,0,2,17,2,13,10.283489887
36839,11356,10282,0,2,10,2,9,10.119733741
36840,11356,11426,0,2,12,2,5,7.40635087236
36841,11356,11378,0,2,18,2,7,5.24700194981
36842,11356,10107,0,2,1,2,1,7.41220380011
36843,11356,11251,0,2,4,2,3,11.051428451
36844,11356,11436,0,2,6,2,3,8.06420453856
36845,11356,11360,0,2,10,2,5,3.35470016944
36846,11356,11356,2,2,2,2,2,0.0
36847,11356,10474,0,2,8,2,7,2.99380844647
36848,11356,11697,0,2,1,2,1,15.9192278526
36849,11356,10172,0,2,2,2,2,7.16710398986
36850,11356,11691,0,2,4,2,3,13.5357531378
36851,11356,10470,0,2,6,2,4,7.99708927457
36852,11356,11366,0,2,7,2,5,4.82403401894
36853,11356,10041,0,2,2,2,2,10.4227316049
36854,11356,10278,0,2,1,2,1,9.69066356835
36855,11356,10106,0,2,4,2,1,7.30925301838
36856,11356,11428,0,2,2,2,2,7.02017347872
36857,11356,10286,0,2,1,2,1,10.1043719832
36858,11356,10279,0,2,1,2,1,9.99243374348
36859,11356,10103,0,2,1,2,1,7.24025273924
36860,11356,10196,0,2,1,2,1,7.01079277068
36861,11356,10154,0,2,1,2,1,7.02829990555
36862,11356,10119,0,2,2,2,2,8.18561491047
36863,11356,10464,0,2,5,2,4,5.70791083318
36864,11356,10166,0,2,2,2,2,7.27400622869
36865,11356,10203,0,2,1,2,1,7.01079277068
36866,11356,11359,0,2,2,2,2,3.5478147177
36867,11356,10177,0,2,1,2,1,7.25146386511
36868,11356,11040,0,2,1,2,1,9.12692864016
36869,11356,11364,0,2,2,2,2,5.14190402244
36870,11356,11692,0,2,2,2,2,13.5213878236
36871,11356,11423,0,2,1,2,1,6.30888734403
36872,11356,11415,0,2,2,2,2,5.46985025171
36873,11356,10175,0,2,2,2,1,7.4576539056
36874,10474,10012,1,8,445,7,357,8.36823547647
36875,10474,11222,1,8,110,7,71,6.72560814515
36876,10474,11231,1,8,65,7,44,11.0650537522
36877,10474,10019,1,8,637,7,440,6.09786119506
36878,10474,11102,1,8,35,7,30,3.48542529253
36879,10474,10003,0,8,493,7,400,7.71541602846
36880,10474,10020,0,8,143,7,116,6.14802223897
36881,10474,10018,1,8,339,7,256,6.8470659409
36882,10474,10001,1,8,670,7,468,7.15920820078
36883,10474,11365,1,8,21,7,9,7.16295809616
36884,10474,10007,1,8,1780,7,1042,9.25030208934
36885,10474,10022,1,8,228,7,164,5.6114751876
36886,10474,10013,0,8,745,7,406,8.88336233875
36887,10474,10472,2,8,23,7,8,1.55271072695
36888,10474,11226,1,8,195,7,123,12.1261773121
36889,10474,10027,1,8,141,7,83,3.53585693724
36890,10474,11210,1,8,34,7,20,13.1409245195
36891,10474,11693,0,8,6,7,6,15.3402748056
36892,10474,11432,0,8,49,7,36,8.43869257378
36893,10474,11103,1,8,35,7,26,3.67696522379
36894,10474,11237,1,8,64,7,53,7.76836382152
36895,10474,10010,1,8,218,7,181,7.12591108025
36896,10474,10014,1,8,397,7,286,8.21593039867
36897,10474,10009,0,8,135,7,91,7.62537783104
36898,10474,10036,1,8,826,7,656,6.53521781446
36899,10474,11216,1,8,60,7,49,9.70204482309
36900,10474,11418,0,8,15,7,11,8.40638454472
36901,10474,11109,0,8,5,7,5,11.2014552879
36902,10474,11371,1,8,71,7,65,2.91289118777
36903,10474,10460,1,8,42,7,22,1.95090745446
36904,10474,10048,0,8,86,7,65,9.56602739064
36905,10474,10128,1,8,51,7,40,3.94058639324
36906,10474,11375,1,8,44,7,27,6.7592134174
36907,10474,10023,1,8,210,7,134,5.61551001568
36908,10474,11211,1,8,352,7,256,7.80642644046
36909,10474,10011,1,8,437,7,352,7.7256933517
36910,10474,10025,0,8,143,7,65,4.34416048947
36911,10474,10032,1,8,65,7,28,3.40632667978
36912,10474,11232,1,8,125,7,24,12.4887549172
36913,10474,11377,1,8,46,7,33,4.92774669354
36914,10474,11361,1,8,19,7,11,6.887267165
36915,10474,11206,0,8,90,7,63,8.18215371353
36916,10474,11430,1,8,187,7,143,12.2182041721
36917,10474,10021,1,8,62,7,45,4.91617800806
36918,10474,11201,2,8,234,7,176,9.72571136088
36919,10474,11238,0,8,109,7,64,9.99028558776
36920,10474,10016,1,8,162,7,110,6.61048589618
36921,10474,11218,1,8,26,7,19,12.5288330278
36922,10474,10301,1,8,45,7,32,16.5700528532
36923,10474,10452,1,8,54,7,34,2.5357580969
36924,10474,10314,1,8,51,7,30,19.664456656
36925,10474,10461,1,8,50,7,20,3.30085250447
36926,10474,11101,1,8,193,7,96,5.40693656629
36927,10474,10029,1,8,50,7,38,3.39697248302
36928,10474,10467,1,8,33,7,22,4.18490241894
36929,10474,11208,0,8,43,7,13,9.73010028181
36930,10474,10024,0,8,101,7,71,5.04685677972
36931,10474,10005,1,8,65,7,41,9.74853606879
36932,10474,10030,1,8,39,7,26,2.95342316464
36933,10474,10002,0,8,258,7,186,8.44154450951
36934,10474,11385,1,8,56,7,31,7.60512299848
36935,10474,11220,1,8,38,7,23,13.6298044164
36936,10474,11215,1,8,123,7,95,11.294282609
36937,10474,10038,1,8,174,7,85,9.38847147262
36938,10474,11217,0,8,92,7,71,10.2130095061
36939,10474,10462,1,8,104,7,58,2.50870168392
36940,10474,10040,1,8,80,7,27,3.80362411838
36941,10474,10457,1,8,28,7,16,2.38554227507
36942,10474,10017,1,8,277,7,161,6.12463835532
36943,10474,11433,1,8,18,7,12,9.61576010073
36944,10474,10308,0,8,8,7,8,22.758721965
36945,10474,10468,1,8,52,7,30,3.76853574912
36946,10474,10111,0,8,15,7,13,6.02094715074
36947,10474,10309,1,8,23,7,15,25.9806341684
36948,10474,10034,1,8,68,7,33,4.1237352971
36949,10474,10028,1,8,89,7,53,4.30114282661
36950,10474,10035,1,8,65,7,32,2.52663620244
36951,10474,11228,1,8,10,7,8,14.9908911735
36952,10474,11105,0,8,25,7,19,2.86960465884
36953,10474,11355,1,8,26,7,18,5.66769212469
36954,10474,11209,1,8,49,7,28,15.0769793812
36955,10474,11213,0,8,35,7,20,10.1228650575
36956,10474,11369,1,8,12,7,8,3.5878087597
36957,10474,10031,1,8,64,7,45,3.33309286031
36958,10474,11221,0,8,120,7,61,8.65967927738
36959,10474,11212,0,8,12,7,10,10.5078377278
36960,10474,11233,0,8,74,7,34,9.5430958556
36961,10474,11368,1,8,62,7,41,4.81115283719
36962,10474,11205,0,8,37,7,31,9.16852252298
36963,10474,10069,0,8,14,7,8,5.9938860635
36964,10474,11203,0,8,39,7,8,11.5757773075
36965,10474,10459,2,8,16,7,8,0.895080581986
36966,10474,11219,0,8,6,7,4,13.7172168429
36967,10474,11434,1,8,32,7,16,11.2884405905
36968,10474,11230,0,8,11,7,5,13.7294787039
36969,10474,11373,1,8,53,7,27,5.34580456859
36970,10474,11362,1,8,8,7,5,8.89703196863
36971,10474,10305,0,8,11,7,8,17.7581428407
36972,10474,11104,0,8,8,7,6,5.0743317165
36973,10474,10004,1,8,168,7,99,11.2625013015
36974,10474,10275,0,8,13,7,7,5.20661276689
36975,10474,10118,0,8,4,7,3,6.82285765264
36976,10474,10026,0,8,57,7,43,3.59302923804
36977,10474,11235,1,8,19,7,14,16.167767194
36978,10474,10469,0,8,44,7,12,4.36684535596
36979,10474,10281,0,8,31,7,24,9.53632737614
36980,10474,11223,0,8,10,7,7,15.4929276922
36981,10474,11379,1,8,33,7,13,6.71996104541
36982,10474,10465,1,8,37,7,16,3.77131949572
36983,10474,10455,1,8,20,7,11,1.06925641384
36984,10474,10466,0,8,16,7,11,5.76941141762
36985,10474,11239,0,8,4,7,2,11.5567233243
36986,10474,11207,1,8,86,7,31,9.82782830983
36987,10474,11367,1,8,35,7,17,6.78963241904
36988,10474,11106,0,8,21,7,19,4.21743400851
36989,10474,10471,1,8,19,7,15,6.1026377176
36990,10474,11234,0,8,50,7,15,13.5496793286
36991,10474,10167,0,8,11,7,4,6.10114996932
36992,10474,10453,1,8,21,7,16,3.0341448036
36993,10474,10451,1,8,20,7,12,1.87644762703
36994,10474,10033,1,8,86,7,31,3.4919289824
36995,10474,11354,1,8,38,7,25,4.52992211736
36996,10474,10463,1,8,36,7,16,4.79883510928
36997,10474,10169,0,8,4,7,4,6.16309714786
36998,10474,10456,2,8,21,7,12,1.58238377909
36999,10474,11420,0,8,8,7,7,10.399265046
37000,10474,10153,0,8,6,7,5,5.62008774769
37001,10474,10307,0,8,6,7,3,28.1653344903
37002,10474,10306,0,8,17,7,8,20.7207566067
37003,10474,10165,0,8,2,7,2,6.37108454465
37004,10474,10303,1,8,11,7,7,19.2086157887
37005,10474,11224,0,8,22,7,13,17.2195520806
37006,10474,10304,0,8,8,7,5,17.7103382155
37007,10474,10458,1,8,34,7,31,3.51677569449
37008,10474,11414,1,8,13,7,7,10.9471532097
37009,10474,11204,0,8,9,7,8,14.3429879021
37010,10474,11372,1,8,16,7,11,4.35488641574
37011,10474,11357,0,8,9,7,6,4.561658369
37012,10474,10044,0,8,9,7,8,4.77977382245
37013,10474,11229,1,8,27,7,14,15.0294843163
37014,10474,11236,1,8,15,7,9,11.9453693219
37015,10474,10302,1,8,5,7,5,18.1537815287
37016,10474,11422,0,8,11,7,8,13.1180018914
37017,10474,10312,0,8,4,7,2,24.0290163878
37018,10474,10310,0,8,27,7,6,17.3019827492
37019,10474,11429,1,8,8,7,6,10.6111229625
37020,10474,10152,0,8,2,7,2,5.82401582698
37021,10474,11214,0,8,10,7,6,15.842511353
37022,10474,11435,1,8,41,7,23,8.80730407593
37023,10474,10039,1,8,8,7,7,2.74736339195
37024,10474,10121,0,8,1,7,1,7.01373272766
37025,10474,11413,1,8,14,7,7,12.1866346436
37026,10474,10473,1,8,14,7,9,1.54438058469
37027,10474,10454,1,8,19,7,10,1.587024675
37028,10474,11416,1,8,5,7,5,9.17473318522
37029,10474,10280,0,8,5,7,3,9.99714653577
37030,10474,11694,0,8,5,7,4,16.4709885649
37031,10474,11358,0,8,6,7,4,6.01766324129
37032,10474,11421,1,8,4,7,4,8.58038197844
37033,10474,11412,0,8,4,7,4,10.4524258394
37034,10474,10174,0,8,2,7,2,6.25751223636
37035,10474,11417,0,8,3,7,3,9.76181533389
37036,10474,11427,1,8,5,7,4,9.38685688884
37037,10474,11411,0,8,4,7,2,11.4737434599
37038,10474,11374,1,8,10,7,9,6.2489500564
37039,10474,10096,0,8,2,7,2,5.20661276689
37040,10474,10006,0,8,19,7,18,9.81912966147
37041,10474,10037,1,8,15,7,10,2.54847696295
37042,10474,11370,0,8,8,7,4,3.46711415921
37043,10474,10475,1,8,15,7,11,5.56001729247
37044,10474,11225,1,8,17,7,13,10.9613541089
37045,10474,10282,0,8,10,7,9,9.38886203224
37046,10474,11426,1,8,12,7,5,10.3671571001
37047,10474,11378,1,8,18,7,7,6.2003455068
37048,10474,10107,0,8,1,7,1,5.94443404803
37049,10474,11251,0,8,4,7,3,11.9860834401
37050,10474,11436,1,8,6,7,3,10.7110686627
37051,10474,11360,1,8,10,7,5,6.07523533906
37052,10474,11356,0,8,2,7,2,2.99380844647
37053,10474,10474,7,8,8,7,7,0.0
37054,10474,11697,0,8,1,7,1,17.4964670502
37055,10474,10172,0,8,2,7,2,6.05346115909
37056,10474,11691,0,8,4,7,3,16.1718136512
37057,10474,10470,1,8,6,7,4,6.1938745521
37058,10474,11366,0,8,7,7,5,7.72416662442
37059,10474,10041,0,8,2,7,2,9.95636820205
37060,10474,10278,0,8,1,7,1,9.08554328437
37061,10474,10106,0,8,4,7,1,5.8895855205
37062,10474,11428,0,8,2,7,2,10.0139609257
37063,10474,10286,0,8,1,7,1,9.44493196922
37064,10474,10279,0,8,1,7,1,9.38456704999
37065,10474,10103,0,8,1,7,1,5.95405904423
37066,10474,10196,0,8,1,7,1,5.20661276689
37067,10474,10154,0,8,1,7,1,5.86955570348
37068,10474,10119,0,8,2,7,2,7.00423197976
37069,10474,10464,0,8,5,7,4,5.98313180644
37070,10474,10166,0,8,2,7,2,6.16432995436
37071,10474,10203,0,8,1,7,1,5.20661276689
37072,10474,11359,0,8,2,7,2,5.9808332091
37073,10474,10177,0,8,1,7,1,6.12440806185
37074,10474,11040,0,8,1,7,1,11.969262849
37075,10474,11364,0,8,2,7,2,8.11503680571
37076,10474,11692,0,8,2,7,2,15.9464501962
37077,10474,11423,0,8,1,7,1,9.26291154842
37078,10474,11415,0,8,2,7,2,7.93805642055
37079,10474,10175,0,8,2,7,1,6.31846201006
37080,11697,10012,0,1,445,1,357,12.3679727059
37081,11697,11222,0,1,110,1,71,11.6245341293
37082,11697,11231,0,1,65,1,44,9.55211165444
37083,11697,10019,0,1,637,1,440,14.744416809
37084,11697,11102,0,1,35,1,30,14.5909344943
37085,11697,10003,0,1,493,1,400,12.6210050212
37086,11697,10020,0,1,143,1,116,14.2004175964
37087,11697,10018,0,1,339,1,256,14.1640743372
37088,11697,10001,0,1,670,1,468,13.9327992083
37089,11697,11365,0,1,21,1,9,13.7816365849
37090,11697,10007,0,1,1780,1,1042,11.8523241967
37091,11697,10022,0,1,228,1,164,14.0599334163
37092,11697,10013,0,1,745,1,406,12.1776752504
37093,11697,10472,0,1,23,1,8,18.7679305815
37094,11697,11226,0,1,195,1,123,6.36260168656
37095,11697,10027,0,1,141,1,83,17.5901695662
37096,11697,11210,0,1,34,1,20,5.0577262411
37097,11697,11693,0,1,6,1,6,5.33229886913
37098,11697,11432,0,1,49,1,36,12.2413635821
37099,11697,11103,0,1,35,1,26,13.9939958107
37100,11697,11237,0,1,64,1,53,9.89712437974
37101,11697,10010,0,1,218,1,181,12.9260245301
37102,11697,10014,0,1,397,1,286,13.0667118395
37103,11697,10009,0,1,135,1,91,12.0871618651
37104,11697,10036,0,1,826,1,656,14.4028887476
37105,11697,11216,0,1,60,1,49,8.54991628221
37106,11697,11418,0,1,15,1,11,10.331695247
37107,11697,11109,0,1,5,1,5,6.60538968881
37108,11697,11371,0,1,71,1,65,14.7293844811
37109,11697,10460,0,1,42,1,22,19.4325431423
37110,11697,10048,0,1,86,1,65,11.8069729883
37111,11697,10128,0,1,51,1,40,15.4539814308
37112,11697,11375,0,1,44,1,27,11.5518259101
37113,11697,10023,0,1,210,1,134,15.3978049015
37114,11697,11211,0,1,352,1,256,10.7506378985
37115,11697,10011,0,1,437,1,352,13.3675819555
37116,11697,10025,0,1,143,1,65,16.7370133478
37117,11697,10032,0,1,65,1,28,19.4321015771
37118,11697,11232,0,1,125,1,24,8.26957710647
37119,11697,11377,0,1,46,1,33,12.6096089229
37120,11697,11361,0,1,19,1,11,15.7014969191
37121,11697,11206,0,1,90,1,63,9.97187395954
37122,11697,11430,0,1,187,1,143,8.62163487884
37123,11697,10021,0,1,62,1,45,14.6227575764
37124,11697,11201,0,1,234,1,176,10.2315555863
37125,11697,11238,0,1,109,1,64,8.74617075788
37126,11697,10016,0,1,162,1,110,13.3329986259
37127,11697,11218,0,1,26,1,19,6.80692697645
37128,11697,10301,0,1,45,1,32,10.9323206142
37129,11697,10452,0,1,54,1,34,19.2353993092
37130,11697,10314,0,1,51,1,30,12.8286949089
37131,11697,10461,0,1,50,1,20,19.8606647755
37132,11697,11101,0,1,193,1,96,12.8752206673
37133,11697,10029,0,1,50,1,38,16.0851854919
37134,11697,10467,0,1,33,1,22,21.635303936
37135,11697,11208,0,1,43,1,13,7.99540480036
37136,11697,10024,0,1,101,1,71,16.0152827424
37137,11697,10005,0,1,65,1,41,11.3461649221
37138,11697,10030,0,1,39,1,26,17.8939279208
37139,11697,10002,0,1,258,1,186,11.5765818949
37140,11697,11385,0,1,56,1,31,9.89649801057
37141,11697,11220,0,1,38,1,23,7.93811042132
37142,11697,11215,0,1,123,1,95,8.43327938842
37143,11697,10038,0,1,174,1,85,11.4555560069
37144,11697,11217,0,1,92,1,71,9.16004224268
37145,11697,10462,0,1,104,1,58,19.6374051507
37146,11697,10040,0,1,80,1,27,20.6254579318
37147,11697,10457,0,1,28,1,16,19.7818911991
37148,11697,10017,0,1,277,1,161,13.6602648448
37149,11697,11433,0,1,18,1,12,11.3749901166
37150,11697,10308,0,1,8,1,8,12.754311779
37151,11697,10468,0,1,52,1,30,21.185740235
37152,11697,10111,0,1,15,1,13,14.2043377661
37153,11697,10309,0,1,23,1,15,16.1455050368
37154,11697,10034,0,1,68,1,33,21.2252189969
37155,11697,10028,0,1,89,1,53,15.1338692807
37156,11697,10035,0,1,65,1,32,16.7643901671
37157,11697,11228,0,1,10,1,8,6.70142489995
37158,11697,11105,0,1,25,1,19,14.8022299203
37159,11697,11355,0,1,26,1,18,13.882707684
37160,11697,11209,0,1,49,1,28,7.69372657034
37161,11697,11213,0,1,35,1,20,7.76160957352
37162,11697,11369,0,1,12,1,8,14.1305379807
37163,11697,10031,0,1,64,1,45,18.4759892299
37164,11697,11221,0,1,120,1,61,9.09024702845
37165,11697,11212,0,1,12,1,10,7.04351109769
37166,11697,11233,0,1,74,1,34,8.07335627709
37167,11697,11368,0,1,62,1,41,13.1695721339
37168,11697,11205,0,1,37,1,31,9.71272812342
37169,11697,10069,0,1,14,1,8,15.4628546673
37170,11697,11203,0,1,39,1,8,6.26353135718
37171,11697,10459,0,1,16,1,8,18.3222414093
37172,11697,11219,0,1,6,1,4,6.78216454468
37173,11697,11434,0,1,32,1,16,10.6749509165
37174,11697,11230,0,1,11,1,5,5.22233211801
37175,11697,11373,0,1,53,1,27,12.2459294059
37176,11697,11362,0,1,8,1,5,16.5759777884
37177,11697,10305,0,1,11,1,8,9.14152313607
37178,11697,11104,0,1,8,1,6,12.6828742215
37179,11697,10004,0,1,168,1,99,11.8499002426
37180,11697,10275,0,1,13,1,7,15.6376175002
37181,11697,10118,0,1,4,1,3,13.6522043497
37182,11697,10026,0,1,57,1,43,16.9177325445
37183,11697,11235,0,1,19,1,14,2.71612638256
37184,11697,10469,0,1,44,1,12,21.5295420002
37185,11697,10281,0,1,31,1,24,12.0286729676
37186,11697,11223,0,1,10,1,7,4.24080877029
37187,11697,11379,0,1,33,1,13,10.8670371048
37188,11697,10465,0,1,37,1,16,18.9423935086
37189,11697,10455,0,1,20,1,11,17.622659603
37190,11697,10466,0,1,16,1,11,23.054892323
37191,11697,11239,0,1,4,1,2,6.11519413684
37192,11697,11207,0,1,86,1,31,7.67775104344
37193,11697,11367,0,1,35,1,17,12.4990727479
37194,11697,11106,0,1,21,1,19,13.9779920834
37195,11697,10471,0,1,19,1,15,23.5075620338
37196,11697,11234,0,1,50,1,15,4.08415110251
37197,11697,10167,0,1,11,1,4,13.8752509041
37198,11697,10453,0,1,21,1,16,20.2079996214
37199,11697,10451,0,1,20,1,12,17.9240942318
37200,11697,10033,0,1,86,1,31,19.9607423902
37201,11697,11354,0,1,38,1,25,15.0018372129
37202,11697,10463,0,1,36,1,16,22.144289489
37203,11697,10169,0,1,4,1,4,13.863329935
37204,11697,10456,0,1,21,1,12,18.596679362
37205,11697,11420,0,1,8,1,7,9.24355924887
37206,11697,10153,0,1,6,1,5,14.4411362807
37207,11697,10307,0,1,6,1,3,17.9939675948
37208,11697,10306,0,1,17,1,8,11.013161554
37209,11697,10165,0,1,2,1,2,13.7617929086
37210,11697,10303,0,1,11,1,7,14.1636609972
37211,11697,11224,0,1,22,1,13,4.50228095434
37212,11697,10304,0,1,8,1,5,10.0746385684
37213,11697,10458,0,1,34,1,31,21.0031451997
37214,11697,11414,0,1,13,1,7,7.59488330566
37215,11697,11204,0,1,9,1,8,5.68813247872
37216,11697,11372,0,1,16,1,11,13.1723331098
37217,11697,11357,0,1,9,1,6,16.3383366832
37218,11697,10044,0,1,9,1,8,14.0984338445
37219,11697,11229,0,1,27,1,14,3.18699867455
37220,11697,11236,0,1,15,1,9,5.55188823902
37221,11697,10302,0,1,5,1,5,12.9649290666
37222,11697,11422,0,1,11,1,8,11.5496098431
37223,11697,10312,0,1,4,1,2,14.1212592831
37224,11697,10310,0,1,27,1,6,11.9470042208
37225,11697,11429,0,1,8,1,6,13.6005712421
37226,11697,10152,0,1,2,1,2,14.0914133838
37227,11697,11214,0,1,10,1,6,5.31257700433
37228,11697,11435,0,1,41,1,23,10.9681741422
37229,11697,10039,0,1,8,1,7,18.4151168684
37230,11697,10121,0,1,1,1,1,13.7819688088
37231,11697,11413,0,1,14,1,7,11.2323472539
37232,11697,10473,0,1,14,1,9,18.0187052208
37233,11697,10454,0,1,19,1,10,16.9651527162
37234,11697,11416,0,1,5,1,5,9.03794547584
37235,11697,10280,0,1,5,1,3,11.6648877999
37236,11697,11694,0,1,5,1,4,3.4363948238
37237,11697,11358,0,1,6,1,4,15.0416660721
37238,11697,11421,0,1,4,1,4,9.40327506705
37239,11697,11412,0,1,4,1,4,12.2923800845
37240,11697,10174,0,1,2,1,2,13.6639998334
37241,11697,11417,0,1,3,1,3,8.64557314927
37242,11697,11427,0,1,5,1,4,14.3587941793
37243,11697,11411,0,1,4,1,2,12.9450532059
37244,11697,11374,0,1,10,1,9,11.6465727301
37245,11697,10096,0,1,2,1,2,15.6376175002
37246,11697,10006,0,1,19,1,18,11.5801735686
37247,11697,10037,0,1,15,1,10,17.5310614937
37248,11697,11370,0,1,8,1,4,14.0301607996
37249,11697,10475,0,1,15,1,11,22.4003757388
37250,11697,11225,0,1,17,1,13,7.49256918793
37251,11697,10282,0,1,10,1,9,12.1688925408
37252,11697,11426,0,1,12,1,5,15.4411074483
37253,11697,11378,0,1,18,1,7,11.3160245839
37254,11697,10107,0,1,1,1,1,14.7514802379
37255,11697,11251,0,1,4,1,3,6.16060770486
37256,11697,11436,0,1,6,1,3,9.82641323101
37257,11697,11360,0,1,10,1,5,16.6354399864
37258,11697,11356,0,1,2,1,2,15.9192278526
37259,11697,10474,0,1,8,1,7,17.4964670502
37260,11697,11697,1,1,1,1,1,0.0
37261,11697,10172,0,1,2,1,2,13.9112068668
37262,11697,11691,0,1,4,1,3,8.32156294293
37263,11697,10470,0,1,6,1,4,23.6285084377
37264,11697,11366,0,1,7,1,5,12.9222699995
37265,11697,10041,0,1,2,1,2,11.2018896711
37266,11697,10278,0,1,1,1,1,11.8390731033
37267,11697,10106,0,1,4,1,1,14.6411982205
37268,11697,11428,0,1,2,1,2,14.1154904406
37269,11697,10286,0,1,1,1,1,11.9295778825
37270,11697,10279,0,1,1,1,1,11.779009971
37271,11697,10103,0,1,1,1,1,14.3177879296
37272,11697,10196,0,1,1,1,1,15.6376175002
37273,11697,10154,0,1,1,1,1,14.0550071076
37274,11697,10119,0,1,2,1,2,13.8761228991
37275,11697,10464,0,1,5,1,4,21.4287028824
37276,11697,10166,0,1,2,1,2,13.874253007
37277,11697,10203,0,1,1,1,1,15.6376175002
37278,11697,11359,0,1,2,1,2,17.488992228
37279,11697,10177,0,1,1,1,1,13.9225882495
37280,11697,11040,0,1,1,1,1,17.4653039909
37281,11697,11364,0,1,2,1,2,15.0659978282
37282,11697,11692,0,1,2,1,2,6.37202986908
37283,11697,11423,0,1,1,1,1,12.9510438415
37284,11697,11415,0,1,2,1,2,10.9471408348
37285,11697,10175,0,1,2,1,1,13.9038955573
37286,10172,10012,0,2,445,2,357,2.39219323179
37287,10172,11222,0,2,110,2,71,2.52089380318
37288,10172,11231,0,2,65,2,44,5.49343363624
37289,10172,10019,0,2,637,2,440,0.915607762123
37290,10172,11102,0,2,35,2,30,2.83334145916
37291,10172,10003,0,2,493,2,400,1.76785367552
37292,10172,10020,0,2,143,2,116,0.373628497912
37293,10172,10018,0,2,339,2,256,0.992092438247
37294,10172,10001,0,2,670,2,468,1.20311686615
37295,10172,11365,0,2,21,2,9,9.63857723852
37296,10172,10007,0,2,1780,2,1042,3.29480189959
37297,10172,10022,1,2,228,2,164,0.446964345205
37298,10172,10013,0,2,745,2,406,2.89603652347
37299,10172,10472,0,2,23,2,8,7.59180067233
37300,10172,11226,0,2,195,2,123,7.67140709309
37301,10172,10027,0,2,141,2,83,4.07513694759
37302,10172,11210,0,2,34,2,20,8.93144638854
37303,10172,11693,0,2,6,2,6,13.627405107
37304,10172,11432,0,2,49,2,36,9.93112687913
37305,10172,11103,0,2,35,2,26,3.37456832618
37306,10172,11237,0,2,64,2,53,4.59782275551
37307,10172,10010,0,2,218,2,181,1.20420943421
37308,10172,10014,0,2,397,2,286,2.16249823374
37309,10172,10009,0,2,135,2,91,1.97192509112
37310,10172,10036,0,2,826,2,656,0.870161577867
37311,10172,11216,0,2,60,2,49,5.36166618924
37312,10172,11418,0,2,15,2,11,8.37375396201
37313,10172,11109,0,2,5,2,5,9.01455791872
37314,10172,11371,0,2,71,2,65,5.33802061485
37315,10172,10460,0,2,42,2,22,7.68930912657
37316,10172,10048,0,2,86,2,65,3.59279410057
37317,10172,10128,0,2,51,2,40,2.21683716331
37318,10172,11375,0,2,44,2,27,7.17023242778
37319,10172,10023,0,2,210,2,134,1.48822618428
37320,10172,11211,0,2,352,2,256,3.17712450771
37321,10172,10011,0,2,437,2,352,1.67643817868
37322,10172,10025,0,2,143,2,65,2.98637479774
37323,10172,10032,0,2,65,2,28,6.12689998479
37324,10172,11232,0,2,125,2,24,7.07595516279
37325,10172,11377,0,2,46,2,33,3.81101849254
37326,10172,11361,0,2,19,2,11,10.5359771071
37327,10172,11206,0,2,90,2,63,4.0246946953
37328,10172,11430,0,2,187,2,143,11.8586699992
37329,10172,10021,0,2,62,2,45,1.15612513138
37330,10172,11201,0,2,234,2,176,4.22460239766
37331,10172,11238,0,2,109,2,64,5.23665826902
37332,10172,10016,0,2,162,2,110,0.663217516776
37333,10172,11218,0,2,26,2,19,7.65562542176
37334,10172,10301,0,2,45,2,32,10.6065878604
37335,10172,10452,0,2,54,2,34,6.36185329504
37336,10172,10314,0,2,51,2,30,13.6490286311
37337,10172,10461,0,2,50,2,20,9.35193333376
37338,10172,11101,0,2,193,2,96,1.98536358901
37339,10172,10029,0,2,50,2,38,2.91069887658
37340,10172,10467,0,2,33,2,22,9.76138795582
37341,10172,11208,0,2,43,2,13,7.83199313381
37342,10172,10024,0,2,101,2,71,2.13613448053
37343,10172,10005,0,2,65,2,41,3.85493317978
37344,10172,10030,0,2,39,2,26,4.61839020671
37345,10172,10002,0,2,258,2,186,2.73371093089
37346,10172,11385,0,2,56,2,31,5.60734973575
37347,10172,11220,0,2,38,2,23,8.16321812541
37348,10172,11215,0,2,123,2,95,6.09929201081
37349,10172,10038,0,2,174,2,85,3.51297141341
37350,10172,11217,0,2,92,2,71,5.06811748965
37351,10172,10462,0,2,104,2,58,8.52517490192
37352,10172,10040,0,2,80,2,27,7.51813774067
37353,10172,10457,0,2,28,2,16,7.44783751206
37354,10172,10017,2,2,277,2,161,0.256522051658
37355,10172,11433,0,2,18,2,12,10.6324334653
37356,10172,10308,0,2,8,2,8,16.865936577
37357,10172,10468,0,2,52,2,30,8.65478753882
37358,10172,10111,0,2,15,2,13,0.310250549055
37359,10172,10309,0,2,23,2,15,19.996732095
37360,10172,10034,0,2,68,2,33,8.24941742473
37361,10172,10028,0,2,89,2,53,1.81626915339
37362,10172,10035,0,2,65,2,32,3.88223181568
37363,10172,11228,0,2,10,2,8,9.71611912323
37364,10172,11105,0,2,25,2,19,3.72244547968
37365,10172,11355,0,2,26,2,18,8.14729405697
37366,10172,11209,0,2,49,2,28,9.57060761142
37367,10172,11213,0,2,35,2,20,6.19897314154
37368,10172,11369,0,2,12,2,8,5.47826847108
37369,10172,10031,0,2,64,2,45,5.06147177424
37370,10172,11221,0,2,120,2,61,5.10268283933
37371,10172,11212,0,2,12,2,10,7.19532121552
37372,10172,11233,0,2,74,2,34,6.16383624588
37373,10172,11368,0,2,62,2,41,6.11927899103
37374,10172,11205,0,2,37,2,31,4.255839785
37375,10172,10069,0,2,14,2,8,1.615116518
37376,10172,11203,0,2,39,2,8,7.65971923669
37377,10172,10459,0,2,16,2,8,6.43618094535
37378,10172,11219,0,2,6,2,4,8.56734568019
37379,10172,11434,0,2,32,2,16,11.9649919385
37380,10172,11230,0,2,11,2,5,9.15844420552
37381,10172,11373,0,2,53,2,27,5.23497782794
37382,10172,11362,0,2,8,2,5,12.6617478393
37383,10172,10305,0,2,11,2,8,12.0200239885
37384,10172,11104,0,2,8,2,6,2.99594652248
37385,10172,10004,0,2,168,2,99,5.22856878158
37386,10172,10275,0,2,13,2,7,1.74860450091
37387,10172,10118,0,2,4,2,3,0.772810555659
37388,10172,10026,0,2,57,2,43,3.4283457487
37389,10172,11235,0,2,19,2,14,11.9154585532
37390,10172,10469,0,2,44,2,12,10.2652888997
37391,10172,10281,0,2,31,2,24,3.53014773402
37392,10172,11223,0,2,10,2,7,10.8581784838
37393,10172,11379,0,2,33,2,13,5.69162711453
37394,10172,10465,0,2,37,2,16,9.55186229635
37395,10172,10455,0,2,20,2,11,5.42572002911
37396,10172,10466,0,2,16,2,11,11.4890302486
37397,10172,11239,0,2,4,2,2,9.07070336163
37398,10172,11207,0,2,86,2,31,7.19990450125
37399,10172,11367,0,2,35,2,17,8.24227140784
37400,10172,11106,0,2,21,2,19,2.30057348287
37401,10172,10471,0,2,19,2,15,10.6962133945
37402,10172,11234,0,2,50,2,15,9.84828701917
37403,10172,10167,0,2,11,2,4,0.050360461809
37404,10172,10453,0,2,21,2,16,7.48104376643
37405,10172,10451,0,2,20,2,12,5.20891428102
37406,10172,10033,0,2,86,2,31,6.76116297275
37407,10172,11354,0,2,38,2,25,7.89142872746
37408,10172,10463,0,2,36,2,16,9.35058814796
37409,10172,10169,1,2,4,2,4,0.109644364706
37410,10172,10456,0,2,21,2,12,6.17652478916
37411,10172,11420,0,2,8,2,7,10.1439802013
37412,10172,10153,0,2,6,2,5,0.576832421673
37413,10172,10307,0,2,6,2,3,22.1710531392
37414,10172,10306,0,2,17,2,8,14.8881182777
37415,10172,10165,0,2,2,2,2,0.317775183053
37416,10172,10303,0,2,11,2,7,13.1551702394
37417,10172,11224,0,2,22,2,13,12.3779750703
37418,10172,10304,0,2,8,2,5,11.8547044979
37419,10172,10458,0,2,34,2,31,8.74075963791
37420,10172,11414,0,2,13,2,7,9.62228687882
37421,10172,11204,0,2,9,2,8,9.43761483477
37422,10172,11372,0,2,16,2,11,4.74437954153
37423,10172,11357,0,2,9,2,6,8.8964196448
37424,10172,10044,0,2,9,2,8,1.40522161217
37425,10172,11229,0,2,27,2,14,10.9216328231
37426,10172,11236,0,2,15,2,9,8.76221824962
37427,10172,10302,0,2,5,2,5,12.1096879198
37428,10172,11422,0,2,11,2,8,14.1091045601
37429,10172,10312,0,2,4,2,2,18.0897774219
37430,10172,10310,0,2,27,2,6,11.2846215783
37431,10172,11429,0,2,8,2,6,12.7708303812
37432,10172,10152,0,2,2,2,2,0.245100874533
37433,10172,11214,0,2,10,2,6,10.8584591843
37434,10172,11435,0,2,41,2,23,9.44952861008
37435,10172,10039,0,2,8,2,7,5.25663521346
37436,10172,10121,0,2,1,2,1,0.99932623356
37437,10172,11413,0,2,14,2,7,13.1094163096
37438,10172,10473,0,2,14,2,9,7.45858948144
37439,10172,10454,0,2,19,2,10,4.63099865686
37440,10172,11416,0,2,5,2,5,8.20438805296
37441,10172,10280,0,2,5,2,3,4.01938859507
37442,10172,11694,0,2,5,2,4,14.0453168899
37443,10172,11358,0,2,6,2,4,9.36443774506
37444,10172,11421,0,2,4,2,4,7.55581818402
37445,10172,11412,0,2,4,2,4,11.9815314945
37446,10172,10174,0,2,2,2,2,0.267296063664
37447,10172,11417,0,2,3,2,3,8.76474840583
37448,10172,11427,0,2,5,2,4,12.0429750543
37449,10172,11411,0,2,4,2,2,13.2415330346
37450,10172,11374,0,2,10,2,9,6.322357333
37451,10172,10096,0,2,2,2,2,1.74860450091
37452,10172,10006,0,2,19,2,18,3.86827373412
37453,10172,10037,0,2,15,2,10,4.47154248937
37454,10172,11370,0,2,8,2,4,4.43523445354
37455,10172,10475,0,2,15,2,11,11.5382689512
37456,10172,11225,0,2,17,2,13,6.47026586479
37457,10172,10282,0,2,10,2,9,3.37147676989
37458,10172,11426,0,2,12,2,5,13.3946299719
37459,10172,11378,0,2,18,2,7,4.34496108647
37460,10172,10107,0,2,1,2,1,0.870097062011
37461,10172,11251,0,2,4,2,3,7.77277630369
37462,10172,11436,0,2,6,2,3,10.8838261171
37463,10172,11360,0,2,10,2,5,10.3432930759
37464,10172,11356,0,2,2,2,2,7.16710398986
37465,10172,10474,0,2,8,2,7,6.05346115909
37466,10172,11697,0,2,1,2,1,13.9112068668
37467,10172,10172,2,2,2,2,2,0.0
37468,10172,11691,0,2,4,2,3,15.5717450473
37469,10172,10470,0,2,6,2,4,11.6552407185
37470,10172,11366,0,2,7,2,5,9.63353795881
37471,10172,10041,0,2,2,2,2,4.07376241562
37472,10172,10278,0,2,1,2,1,3.15058310681
37473,10172,10106,0,2,4,2,1,0.742015344724
37474,10172,11428,0,2,2,2,2,12.4825906653
37475,10172,10286,0,2,1,2,1,3.45912951623
37476,10172,10279,0,2,1,2,1,3.43165889219
37477,10172,10103,0,2,1,2,1,0.413976135012
37478,10172,10196,0,2,1,2,1,1.74860450091
37479,10172,10154,0,2,1,2,1,0.19618576619
37480,10172,10119,0,2,2,2,2,1.01886725706
37481,10172,10464,0,2,5,2,4,11.983836522
37482,10172,10166,0,2,2,2,2,0.111753835719
37483,10172,10203,0,2,1,2,1,1.74860450091
37484,10172,11359,0,2,2,2,2,10.6886838541
37485,10172,10177,0,2,1,2,1,0.0856240830639
37486,10172,11040,0,2,1,2,1,15.5322758196
37487,10172,11364,0,2,2,2,2,11.2738087238
37488,10172,11692,0,2,2,2,2,14.6300207684
37489,10172,11423,0,2,1,2,1,11.1922923287
37490,10172,11415,0,2,2,2,2,8.30449386255
37491,10172,10175,0,2,2,2,1,0.290557147151
37492,11691,10012,0,4,445,3,357,15.2595801098
37493,11691,11222,0,4,110,3,71,13.0925049712
37494,11691,11231,0,4,65,3,44,13.8775617302
37495,11691,10019,0,4,637,3,440,16.4810882323
37496,11691,11102,0,4,35,3,30,14.6551320754
37497,11691,10003,1,4,493,3,400,15.1417138607
37498,11691,10020,0,4,143,3,116,15.9421674469
37499,11691,10018,0,4,339,3,256,16.2879489893
37500,11691,10001,0,4,670,3,468,16.2192808313
37501,11691,11365,0,4,21,3,9,9.73926152434
37502,11691,10007,0,4,1780,3,1042,15.2299527517
37503,11691,10022,0,4,228,3,164,15.472789324
37504,11691,10013,0,4,745,3,406,15.3592467574
37505,11691,10472,0,4,23,3,8,16.8930599607
37506,11691,11226,0,4,195,3,123,10.7627555053
37507,11691,10027,0,4,141,3,83,17.9036929326
37508,11691,11210,0,4,34,3,20,9.96328814233
37509,11691,11693,0,4,6,3,6,3.17116500464
37510,11691,11432,0,4,49,3,36,8.0704844115
37511,11691,11103,0,4,35,3,26,13.7688095476
37512,11691,11237,0,4,64,3,53,11.0371471584
37513,11691,10010,0,4,218,3,181,15.1183640931
37514,11691,10014,0,4,397,3,286,15.9071293074
37515,11691,10009,0,4,135,3,91,14.4679251905
37516,11691,10036,0,4,826,3,656,16.3651448882
37517,11691,11216,0,4,60,3,49,11.3601943045
37518,11691,11418,0,4,15,3,11,7.82936115383
37519,11691,11109,0,4,5,3,5,6.83455886962
37520,11691,11371,0,4,71,3,65,13.3315196071
37521,11691,10460,0,4,42,3,22,17.79218171
37522,11691,10048,0,4,86,3,65,15.3644751938
37523,11691,10128,0,4,51,3,40,16.0589222708
37524,11691,11375,0,4,44,3,27,9.46931559623
37525,11691,10023,0,4,210,3,134,16.8847784305
37526,11691,11211,0,4,352,3,256,12.8229774476
37527,11691,10011,0,4,437,3,352,15.9469160661
37528,11691,10025,0,4,143,3,65,17.5343468587
37529,11691,10032,0,4,65,3,28,19.1570369465
37530,11691,11232,0,4,125,3,24,13.4175214285
37531,11691,11377,0,4,46,3,33,12.4303067042
37532,11691,11361,0,4,19,3,11,11.2831720374
37533,11691,11206,0,4,90,3,63,11.9419851178
37534,11691,11430,0,4,187,3,143,3.96658998311
37535,11691,10021,0,4,62,3,45,15.6941835794
37536,11691,11201,0,4,234,3,176,13.7343640574
37537,11691,11238,0,4,109,3,64,12.0151467558
37538,11691,10016,0,4,162,3,110,15.2593480473
37539,11691,11218,0,4,26,3,19,11.7816258056
37540,11691,10301,0,4,45,3,32,17.7348910028
37541,11691,10452,0,4,54,3,34,18.5560174497
37542,11691,10314,0,4,51,3,30,20.2792037125
37543,11691,10461,0,4,50,3,20,17.2605689048
37544,11691,11101,0,4,193,3,96,13.7634034341
37545,11691,10029,0,4,50,3,38,16.4403150507
37546,11691,10467,0,4,33,3,22,19.6489504105
37547,11691,11208,0,4,43,3,13,7.76671469368
37548,11691,10024,0,4,101,3,71,17.1996164898
37549,11691,10005,0,4,65,3,41,14.9890662667
37550,11691,10030,0,4,39,3,26,17.8824394963
37551,11691,10002,0,4,258,3,186,14.4208914457
37552,11691,11385,0,4,56,3,31,9.97915831554
37553,11691,11220,0,4,38,3,23,13.7660883627
37554,11691,11215,0,4,123,3,95,12.7593368177
37555,11691,10038,0,4,174,3,85,14.8898242524
37556,11691,11217,0,4,92,3,71,12.7913365948
37557,11691,10462,0,4,104,3,58,17.4987908764
37558,11691,10040,0,4,80,3,27,19.9306485811
37559,11691,10457,0,4,28,3,16,18.522342459
37560,11691,10017,0,4,277,3,161,15.3314168821
37561,11691,11433,0,4,18,3,12,6.81736675191
37562,11691,10308,0,4,8,3,8,20.8626364314
37563,11691,10468,0,4,52,3,30,19.8317502444
37564,11691,10111,0,4,15,3,13,15.8743952032
37565,11691,10309,0,4,23,3,15,24.347287751
37566,11691,10034,0,4,68,3,33,20.2955196568
37567,11691,10028,0,4,89,3,53,15.9091856697
37568,11691,10035,0,4,65,3,32,16.6873350324
37569,11691,11228,0,4,10,3,8,13.3102479272
37570,11691,11105,0,4,25,3,19,14.3572568554
37571,11691,11355,0,4,26,3,18,10.7796271593
37572,11691,11209,0,4,49,3,28,14.2819761806
37573,11691,11213,0,4,35,3,20,10.4182021164
37574,11691,11369,0,4,12,3,8,12.6560502601
37575,11691,10031,0,4,64,3,45,18.4994792884
37576,11691,11221,0,4,120,3,61,10.7899077981
37577,11691,11212,0,4,12,3,10,9.14628421294
37578,11691,11233,0,4,74,3,34,9.89868557195
37579,11691,11368,0,4,62,3,41,11.398529031
37580,11691,11205,0,4,37,3,31,12.6129618854
37581,11691,10069,0,4,14,3,8,17.1359304511
37582,11691,11203,0,4,39,3,8,9.72515609055
37583,11691,10459,0,4,16,3,8,17.0636470316
37584,11691,11219,0,4,6,3,4,12.6439704508
37585,11691,11434,0,4,32,3,16,5.21154499525
37586,11691,11230,0,4,11,3,5,10.8776343421
37587,11691,11373,0,4,53,3,27,11.2626730473
37588,11691,11362,0,4,8,3,5,11.1041926395
37589,11691,10305,0,4,11,3,8,16.588912062
37590,11691,11104,0,4,8,3,6,12.9987804357
37591,11691,10004,0,4,168,3,99,16.3040367762
37592,11691,10275,0,4,13,3,7,16.9144069971
37593,11691,10118,0,4,4,3,3,15.73849694
37594,11691,10026,0,4,57,3,43,17.3449017455
37595,11691,11235,0,4,19,3,14,10.0862987925
37596,11691,10469,0,4,44,3,12,19.0990830541
37597,11691,10281,0,4,31,3,24,15.5753265642
37598,11691,11223,0,4,10,3,7,11.1860573532
37599,11691,11379,0,4,33,3,13,10.1781251554
37600,11691,10465,0,4,37,3,16,15.8682228637
37601,11691,10455,0,4,20,3,11,16.7828434839
37602,11691,10466,0,4,16,3,11,20.5922594091
37603,11691,11239,0,4,4,3,2,7.03701698602
37604,11691,11207,0,4,86,3,31,8.60108877994
37605,11691,11367,0,4,35,3,17,9.44924103971
37606,11691,11106,0,4,21,3,19,14.3678452524
37607,11691,10471,0,4,19,3,15,22.085990939
37608,11691,11234,0,4,50,3,15,8.61352707746
37609,11691,10167,0,4,11,3,4,15.5600934319
37610,11691,10453,0,4,21,3,16,19.2058442896
37611,11691,10451,0,4,20,3,12,17.4012283979
37612,11691,10033,0,4,86,3,31,19.4763118363
37613,11691,11354,0,4,38,3,25,12.0863631521
37614,11691,10463,0,4,36,3,16,20.8894004468
37615,11691,10169,0,4,4,3,4,15.5837207431
37616,11691,10456,0,4,21,3,12,17.6712069323
37617,11691,11420,0,4,8,3,7,5.80992206889
37618,11691,10153,0,4,6,3,5,15.9023654319
37619,11691,10307,0,4,6,3,3,26.2604313782
37620,11691,10306,0,4,17,3,8,18.9631257893
37621,11691,10165,0,4,2,3,2,15.5945836621
37622,11691,10303,0,4,11,3,7,21.2757167997
37623,11691,11224,0,4,22,3,13,12.3157616089
37624,11691,10304,0,4,8,3,5,17.378668998
37625,11691,10458,0,4,34,3,31,19.4473229705
37626,11691,11414,0,4,13,3,7,5.95150711022
37627,11691,11204,0,4,9,3,8,11.9095483853
37628,11691,11372,0,4,16,3,11,12.2569223097
37629,11691,11357,0,4,9,3,6,12.9901400325
37630,11691,10044,0,4,9,3,8,14.9778591892
37631,11691,11229,0,4,27,3,14,9.54915370978
37632,11691,11236,0,4,15,3,9,8.07067892718
37633,11691,10302,0,4,5,3,5,19.9668749804
37634,11691,11422,0,4,11,3,8,4.50168501556
37635,11691,10312,0,4,4,3,2,22.2718766059
37636,11691,10310,0,4,27,3,6,18.8437925502
37637,11691,11429,0,4,8,3,6,7.58583195945
37638,11691,10152,0,4,2,3,2,15.6362408078
37639,11691,11214,0,4,10,3,6,12.4382334065
37640,11691,11435,0,4,41,3,23,7.39115851806
37641,11691,10039,0,4,8,3,7,18.1761308006
37642,11691,10121,0,4,1,3,1,15.9838065327
37643,11691,11413,0,4,14,3,7,4.85744449151
37644,11691,10473,0,4,14,3,9,15.9528927209
37645,11691,10454,0,4,19,3,10,16.4203170389
37646,11691,11416,0,4,5,3,5,7.46589073269
37647,11691,10280,0,4,5,3,3,15.4613434711
37648,11691,11694,0,4,5,3,4,4.88520102238
37649,11691,11358,0,4,6,3,4,11.2396872823
37650,11691,11421,0,4,4,3,4,8.13547860724
37651,11691,11412,0,4,4,3,4,6.70474009544
37652,11691,10174,0,4,2,3,2,15.417329545
37653,11691,11417,0,4,3,3,3,6.86866556686
37654,11691,11427,0,4,5,3,4,8.86874813614
37655,11691,11411,0,4,4,3,2,6.5737992124
37656,11691,11374,0,4,10,3,9,10.1304466663
37657,11691,10096,0,4,2,3,2,16.9144069971
37658,11691,10006,0,4,19,3,18,15.2743905662
37659,11691,10037,0,4,15,3,10,17.3980427302
37660,11691,11370,0,4,8,3,4,13.1824070243
37661,11691,10475,0,4,15,3,11,19.5251011645
37662,11691,11225,0,4,17,3,13,11.1539562107
37663,11691,10282,0,4,10,3,9,15.636437353
37664,11691,11426,0,4,12,3,5,9.34535951919
37665,11691,11378,0,4,18,3,7,11.3942632433
37666,11691,10107,0,4,1,3,1,16.4072095615
37667,11691,11251,0,4,4,3,3,10.2324961531
37668,11691,11436,0,4,6,3,3,5.47677277641
37669,11691,11360,0,4,10,3,5,12.4917842297
37670,11691,11356,0,4,2,3,2,13.5357531378
37671,11691,10474,0,4,8,3,7,16.1718136512
37672,11691,11697,0,4,1,3,1,8.32156294293
37673,11691,10172,0,4,2,3,2,15.5717450473
37674,11691,11691,3,4,4,3,3,0.0
37675,11691,10470,0,4,6,3,4,21.4105427723
37676,11691,11366,0,4,7,3,5,8.89885292505
37677,11691,10041,0,4,2,3,2,14.9599412341
37678,11691,10278,0,4,1,3,1,15.1189190097
37679,11691,10106,0,4,4,3,1,16.2641070985
37680,11691,11428,0,4,2,3,2,8.33347521689
37681,11691,10286,0,4,1,3,1,15.4223710528
37682,11691,10279,0,4,1,3,1,15.2310722176
37683,11691,10103,0,4,1,3,1,15.9585118567
37684,11691,10196,0,4,1,3,1,16.9144069971
37685,11691,10154,0,4,1,3,1,15.6226765358
37686,11691,10119,0,4,2,3,2,16.0766652369
37687,11691,10464,0,4,5,3,4,17.800493522
37688,11691,10166,0,4,2,3,2,15.596575439
37689,11691,10203,0,4,1,3,1,16.9144069971
37690,11691,11359,0,4,2,3,2,13.3310528203
37691,11691,10177,0,4,1,3,1,15.6264951768
37692,11691,11040,0,4,1,3,1,10.7314145229
37693,11691,11364,0,4,2,3,2,10.1224370102
37694,11691,11692,0,4,2,3,2,1.95856038761
37695,11691,11423,0,4,1,3,1,7.89581404126
37696,11691,11415,0,4,2,3,2,8.24420624643
37697,11691,10175,0,4,2,3,1,15.7195768027
37698,10470,10012,1,6,445,4,357,14.0472110842
37699,10470,11222,1,6,110,4,71,12.8256820093
37700,10470,11231,1,6,65,4,44,17.0182607406
37701,10470,10019,1,6,637,4,440,11.3801136943
37702,10470,11102,1,6,35,4,30,9.5327573783
37703,10470,10003,0,6,493,4,400,13.4183397313
37704,10470,10020,0,6,143,4,116,11.6276857057
37705,10470,10018,1,6,339,4,256,12.2140458147
37706,10470,10001,1,6,670,4,468,12.5558051847
37707,10470,11365,1,6,21,4,9,11.7199910928
37708,10470,10007,1,6,1780,4,1042,14.9498407412
37709,10470,10022,1,6,228,4,164,11.2564310981
37710,10470,10013,0,6,745,4,406,14.547662101
37711,10470,10472,1,6,23,4,8,4.86235782372
37712,10470,11226,1,6,195,4,123,18.3099234372
37713,10470,10027,1,6,141,4,83,7.8254188325
37714,10470,11210,1,6,34,4,20,19.334740845
37715,10470,11693,0,6,6,4,6,21.0638946717
37716,10470,11432,0,6,49,4,36,13.3456234133
37717,10470,11103,1,6,35,4,26,9.85662135648
37718,10470,11237,1,6,64,4,53,13.9621248174
37719,10470,10010,1,6,218,4,181,12.8377542167
37720,10470,10014,1,6,397,4,286,13.7305704421
37721,10470,10009,0,6,135,4,91,13.4762234526
37722,10470,10036,1,6,826,4,656,11.8689038655
37723,10470,11216,1,6,60,4,49,15.8746731308
37724,10470,11418,0,6,15,4,11,14.0206417018
37725,10470,11109,0,6,5,4,5,17.2071613894
37726,10470,11371,1,6,71,4,65,8.9028236095
37727,10470,10460,1,6,42,4,22,4.24465474244
37728,10470,10048,0,6,86,4,65,15.2447476759
37729,10470,10128,1,6,51,4,40,9.44507810103
37730,10470,11375,1,6,44,4,27,12.4516318222
37731,10470,10023,2,6,210,4,134,10.7147436106
37732,10470,11211,1,6,352,4,256,13.9037615022
37733,10470,10011,1,6,437,4,352,13.2177719941
37734,10470,10025,0,6,143,4,65,9.01807319663
37735,10470,10032,1,6,65,4,28,5.91871755571
37736,10470,11232,1,6,125,4,24,18.515490148
37737,10470,11377,1,6,46,4,33,11.1174449659
37738,10470,11361,1,6,19,4,11,10.5193107544
37739,10470,11206,0,6,90,4,63,14.3442748572
37740,10470,11430,1,6,187,4,143,17.5924381717
37741,10470,10021,1,6,62,4,45,10.5141395007
37742,10470,11201,1,6,234,4,176,15.6865988424
37743,10470,11238,0,6,109,4,64,16.1245133166
37744,10470,10016,1,6,162,4,110,12.2927870583
37745,10470,11218,1,6,26,4,19,18.6754048991
37746,10470,10301,1,6,45,4,32,22.2342355244
37747,10470,10452,1,6,54,4,34,5.35290643791
37748,10470,10314,1,6,51,4,30,25.2011080871
37749,10470,10461,1,6,50,4,20,4.15354799032
37750,10470,11101,1,6,193,4,96,11.4755346056
37751,10470,10029,1,6,50,4,38,8.74465239536
37752,10470,10467,1,6,33,4,22,2.00897596915
37753,10470,11208,0,6,43,4,13,15.7422497235
37754,10470,10024,0,6,101,4,71,9.96646986122
37755,10470,10005,1,6,65,4,41,15.5060889453
37756,10470,10030,1,6,39,4,26,7.15568868556
37757,10470,10002,0,6,258,4,186,14.2940728562
37758,10470,11385,1,6,56,4,31,13.7360063065
37759,10470,11220,1,6,38,4,23,19.6471387318
37760,10470,11215,1,6,123,4,95,17.3684350975
37761,10470,10038,1,6,174,4,85,15.1584592667
37762,10470,11217,0,6,92,4,71,16.2826023542
37763,10470,10462,1,6,104,4,58,4.03520645398
37764,10470,10040,1,6,80,4,27,4.5806716178
37765,10470,10457,1,6,28,4,16,4.21472951265
37766,10470,10017,1,6,277,4,161,11.7970933121
37767,10470,11433,1,6,18,4,12,14.5991688674
37768,10470,10308,0,6,8,4,8,28.5135607996
37769,10470,10468,1,6,52,4,30,3.06650145243
37770,10470,10111,0,6,15,4,13,11.5246824498
37771,10470,10309,1,6,23,4,15,31.5769235762
37772,10470,10034,2,6,68,4,33,3.84914839643
37773,10470,10028,1,6,89,4,53,9.84818952613
37774,10470,10035,1,6,65,4,32,7.77987859569
37775,10470,11228,1,6,10,4,8,21.0772432328
37776,10470,11105,0,6,25,4,19,9.03917327647
37777,10470,11355,1,6,26,4,18,10.6533781601
37778,10470,11209,1,6,49,4,28,21.0879385489
37779,10470,11213,0,6,35,4,20,16.3161277507
37780,10470,11369,1,6,12,4,8,9.5208187034
37781,10470,10031,1,6,64,4,45,6.90385274426
37782,10470,11221,0,6,120,4,61,14.853411033
37783,10470,11212,0,6,12,4,10,16.682323953
37784,10470,11233,0,6,74,4,34,15.7308413499
37785,10470,11368,1,6,62,4,41,10.5943474041
37786,10470,11205,0,6,37,4,31,15.2624028087
37787,10470,10069,0,6,14,4,8,10.9926501036
37788,10470,11203,0,6,39,4,8,17.7687823502
37789,10470,10459,1,6,16,4,8,5.46190301848
37790,10470,11219,0,6,6,4,4,19.8249532582
37791,10470,11434,1,6,32,4,16,16.2464915197
37792,10470,11230,0,6,11,4,5,19.9130744719
37793,10470,11373,1,6,53,4,27,11.3909794463
37794,10470,11362,1,6,8,4,5,11.8002138288
37795,10470,10305,0,6,11,4,8,23.6559874795
37796,10470,11104,0,6,8,4,6,11.2519814379
37797,10470,10004,1,6,168,4,99,16.8131915881
37798,10470,10275,0,6,13,4,7,10.2798474547
37799,10470,10118,0,6,4,4,3,12.3661478517
37800,10470,10026,0,6,57,4,43,8.35307215715
37801,10470,11235,1,6,19,4,14,22.3604018859
37802,10470,10469,0,6,44,4,12,2.31557208499
37803,10470,10281,0,6,31,4,24,15.1690350186
37804,10470,11223,0,6,10,4,7,21.6780190803
37805,10470,11379,1,6,33,4,13,12.7750919245
37806,10470,10465,1,6,37,4,16,5.64230043752
37807,10470,10455,0,6,20,4,11,6.36550428601
37808,10470,10466,0,6,16,4,11,0.980140725899
37809,10470,11239,0,6,4,4,2,17.6073259673
37810,10470,11207,1,6,86,4,31,15.9509926439
37811,10470,11367,1,6,35,4,17,12.046850036
37812,10470,11106,0,6,21,4,19,10.2587166802
37813,10470,10471,1,6,19,4,15,2.23832334602
37814,10470,11234,0,6,50,4,15,19.72386151
37815,10470,10167,0,6,11,4,4,11.7055972095
37816,10470,10453,1,6,21,4,16,4.24821542466
37817,10470,10451,1,6,20,4,12,6.44759494358
37818,10470,10033,1,6,86,4,31,5.28482160348
37819,10470,11354,1,6,38,4,25,9.34392000037
37820,10470,10463,1,6,36,4,16,2.79585641228
37821,10470,10169,0,6,4,4,4,11.7590784439
37822,10470,10456,1,6,21,4,12,5.50017613276
37823,10470,11420,0,6,8,4,7,15.8842229903
37824,10470,10153,0,6,6,4,5,11.1200145131
37825,10470,10307,0,6,6,4,3,33.7308963141
37826,10470,10306,0,6,17,4,8,26.5432793233
37827,10470,10165,0,6,2,4,2,11.9605982981
37828,10470,10303,1,6,11,4,7,24.5079391759
37829,10470,11224,0,6,22,4,13,23.3928225035
37830,10470,10304,0,6,8,4,5,23.5099403328
37831,10470,10458,1,6,34,4,31,2.91461780175
37832,10470,11414,1,6,13,4,7,16.7543618413
37833,10470,11204,0,6,9,4,8,20.4971966441
37834,10470,11372,1,6,16,4,11,10.4573561991
37835,10470,11357,0,6,9,4,6,8.45866635823
37836,10470,10044,0,6,9,4,8,10.6192375949
37837,10470,11229,1,6,27,4,14,21.2198510728
37838,10470,11236,1,6,15,4,9,18.0883541042
37839,10470,10302,1,6,5,4,5,23.5828160675
37840,10470,11422,0,6,11,4,8,17.7002466424
37841,10470,10312,0,6,4,4,2,29.7154758319
37842,10470,10310,0,6,27,4,6,22.8464902901
37843,10470,11429,1,6,8,4,6,14.6923653511
37844,10470,10152,0,6,2,4,2,11.4103040691
37845,10470,11214,0,6,10,4,6,21.9928298049
37846,10470,11435,1,6,41,4,23,14.0939941479
37847,10470,10039,2,6,8,4,7,6.51164273289
37848,10470,10121,0,6,1,4,1,12.4829268141
37849,10470,11413,1,6,14,4,7,16.9063578142
37850,10470,10473,1,6,14,4,9,5.66704050713
37851,10470,10454,1,6,19,4,10,7.15129782146
37852,10470,11416,1,6,5,4,5,15.0062808581
37853,10470,10280,0,6,5,4,3,15.6682399596
37854,10470,11694,0,6,5,4,4,22.3776581426
37855,10470,11358,0,6,6,4,4,10.2436471535
37856,10470,11421,1,6,4,4,4,14.4746177215
37857,10470,11412,0,6,4,4,4,15.0083779777
37858,10470,10174,0,6,2,4,2,11.9018453139
37859,10470,11417,0,6,3,4,3,15.5548031535
37860,10470,11427,1,6,5,4,4,13.2869218213
37861,10470,11411,0,6,4,4,2,15.7211827895
37862,10470,11374,1,6,10,4,9,12.1228060879
37863,10470,10096,0,6,2,4,2,10.2798474547
37864,10470,10006,0,6,19,4,18,15.5228886429
37865,10470,10037,1,6,15,4,10,7.2016997298
37866,10470,11370,0,6,8,4,4,9.62346278771
37867,10470,10475,1,6,15,4,11,2.39710102197
37868,10470,11225,1,6,17,4,13,17.1350824019
37869,10470,10282,0,6,10,4,9,15.0034929842
37870,10470,11426,1,6,12,4,5,13.7332462252
37871,10470,11378,1,6,18,4,7,12.3787064319
37872,10470,10107,0,6,1,4,1,11.2535616992
37873,10470,11251,0,6,4,4,3,18.1785759366
37874,10470,11436,1,6,6,4,3,15.982789628
37875,10470,11360,1,6,10,4,5,9.31212768846
37876,10470,11356,0,6,2,4,2,7.99708927457
37877,10470,10474,1,6,8,4,7,6.1938745521
37878,10470,11697,0,6,1,4,1,23.6285084377
37879,10470,10172,0,6,2,4,2,11.6552407185
37880,10470,11691,0,6,4,4,3,21.4105427723
37881,10470,10470,4,6,6,4,4,0.0
37882,10470,11366,0,6,7,4,5,12.5235307331
37883,10470,10041,0,6,2,4,2,15.7236995255
37884,10470,10278,0,6,1,4,1,14.8051801117
37885,10470,10106,0,6,4,4,1,11.2536748634
37886,10470,11428,0,6,2,4,2,13.9500796912
37887,10470,10286,0,6,1,4,1,15.1082391766
37888,10470,10279,0,6,1,4,1,15.0866906986
37889,10470,10103,0,6,1,4,1,11.4294809659
37890,10470,10196,0,6,1,4,1,10.2798474547
37891,10470,10154,0,6,1,4,1,11.4591707531
37892,10470,10119,0,6,2,4,2,12.4439194564
37893,10470,10464,0,6,5,4,4,4.81193437056
37894,10470,10166,0,6,2,4,2,11.7563031417
37895,10470,10203,0,6,1,4,1,10.2798474547
37896,10470,11359,0,6,2,4,2,8.64674715885
37897,10470,10177,0,6,1,4,1,11.7077105618
37898,10470,11040,0,6,1,4,1,14.465337494
37899,10470,11364,0,6,2,4,2,11.861707353
37900,10470,11692,0,6,2,4,2,21.5040349195
37901,10470,11423,0,6,1,4,1,13.7437695655
37902,10470,11415,0,6,2,4,2,13.4661389956
37903,10470,10175,0,6,2,4,1,11.8698343966
37904,11366,10012,0,7,445,5,357,10.6732960622
37905,11366,11222,0,7,110,5,71,7.90416511819
37906,11366,11231,0,7,65,5,44,11.3765985389
37907,11366,10019,0,7,637,5,440,10.3676618692
37908,11366,11102,1,7,35,5,30,7.48064024714
37909,11366,10003,1,7,493,5,400,10.2103302957
37910,11366,10020,0,7,143,5,116,9.97654390618
37911,11366,10018,0,7,339,5,256,10.6002315338
37912,11366,10001,2,7,670,5,468,10.7117178392
37913,11366,11365,0,7,21,5,9,0.89964915537
37914,11366,10007,3,7,1780,5,1042,11.1675100415
37915,11366,10022,0,7,228,5,164,9.32290043655
37916,11366,10013,0,7,745,5,406,11.0434461158
37917,11366,10472,0,7,23,5,8,8.1611758661
37918,11366,11226,1,7,195,5,123,10.1108733911
37919,11366,10027,0,7,141,5,83,10.2994031977
37920,11366,11210,0,7,34,5,20,10.4122488942
37921,11366,11693,0,7,6,5,6,9.00794357216
37922,11366,11432,1,7,49,5,36,0.832804679601
37923,11366,11103,0,7,35,5,26,6.59159947699
37924,11366,11237,0,7,64,5,53,6.74403738884
37925,11366,10010,0,7,218,5,181,9.85736397421
37926,11366,10014,0,7,397,5,286,11.0548489626
37927,11366,10009,0,7,135,5,91,9.63928140888
37928,11366,10036,1,7,826,5,656,10.4985681692
37929,11366,11216,0,7,60,5,49,8.64288723953
37930,11366,11418,0,7,15,5,11,2.78471847582
37931,11366,11109,0,7,5,5,5,6.51492566076
37932,11366,11371,0,7,71,5,65,5.2632644899
37933,11366,10460,0,7,42,5,22,9.09947430033
37934,11366,10048,0,7,86,5,65,11.4468629769
37935,11366,10128,0,7,51,5,40,9.01495979428
37936,11366,11375,1,7,44,5,27,2.69472522551
37937,11366,10023,0,7,210,5,134,10.4419705592
37938,11366,11211,0,7,352,5,256,8.41669924
37939,11366,10011,0,7,437,5,352,10.8143368219
37940,11366,10025,1,7,143,5,65,10.3637005819
37941,11366,10032,1,7,65,5,28,11.0243167768
37942,11366,11232,0,7,125,5,24,12.021782746
37943,11366,11377,0,7,46,5,33,5.8237046257
37944,11366,11361,0,7,19,5,11,2.7854268054
37945,11366,11206,0,7,90,5,63,7.93493098693
37946,11366,11430,0,7,187,5,143,5.21790181649
37947,11366,10021,0,7,62,5,45,9.15865326208
37948,11366,11201,0,7,234,5,176,10.4090066583
37949,11366,11238,0,7,109,5,64,9.353395087
37950,11366,10016,1,7,162,5,110,9.68185565745
37951,11366,11218,0,7,26,5,19,11.0459030464
37952,11366,10301,0,7,45,5,32,17.0177032859
37953,11366,10452,0,7,54,5,34,10.2456577192
37954,11366,10314,1,7,51,5,30,20.1674575471
37955,11366,10461,0,7,50,5,20,8.37024699937
37956,11366,11101,1,7,193,5,96,7.67605637087
37957,11366,10029,0,7,50,5,38,9.10730909927
37958,11366,10467,0,7,33,5,22,10.8107934724
37959,11366,11208,0,7,43,5,13,5.49189667049
37960,11366,10024,0,7,101,5,71,10.418849673
37961,11366,10005,0,7,65,5,41,11.2981175917
37962,11366,10030,0,7,39,5,26,10.0494160725
37963,11366,10002,0,7,258,5,186,10.0981969953
37964,11366,11385,0,7,56,5,31,5.37744965796
37965,11366,11220,0,7,38,5,23,12.9838342386
37966,11366,11215,0,7,123,5,95,10.7955479653
37967,11366,10038,0,7,174,5,85,11.0121001189
37968,11366,11217,0,7,92,5,71,10.0694129221
37969,11366,10462,1,7,104,5,58,8.67392471599
37970,11366,10040,0,7,80,5,27,11.5195743643
37971,11366,10457,0,7,28,5,16,9.93876706937
37972,11366,10017,0,7,277,5,161,9.47668175793
37973,11366,11433,0,7,18,5,12,2.08182544536
37974,11366,10308,0,7,8,5,8,22.2605993617
37975,11366,10468,0,7,52,5,30,11.1554992804
37976,11366,10111,0,7,15,5,13,9.85822425486
37977,11366,10309,1,7,23,5,15,25.8182012857
37978,11366,10034,0,7,68,5,33,11.7605105124
37979,11366,10028,0,7,89,5,53,9.04957159122
37980,11366,10035,0,7,65,5,32,8.9745649029
37981,11366,11228,0,7,10,5,8,13.6269916631
37982,11366,11105,0,7,25,5,19,6.81703693042
37983,11366,11355,0,7,26,5,18,2.0565486011
37984,11366,11209,0,7,49,5,28,14.2171281828
37985,11366,11213,0,7,35,5,20,8.26032852886
37986,11366,11369,0,7,12,5,8,4.7026039474
37987,11366,10031,0,7,64,5,45,10.6177716956
37988,11366,11221,0,7,120,5,61,7.30541697761
37989,11366,11212,0,7,12,5,10,7.61880057611
37990,11366,11233,0,7,74,5,34,7.32309221867
37991,11366,11368,0,7,62,5,41,3.62669328985
37992,11366,11205,0,7,37,5,31,9.2078131462
37993,11366,10069,0,7,14,5,8,10.8081566276
37994,11366,11203,0,7,39,5,8,8.99124506314
37995,11366,10459,0,7,16,5,8,8.57360761327
37996,11366,11219,0,7,6,5,4,12.3927908219
37997,11366,11434,0,7,32,5,16,3.72548572247
37998,11366,11230,0,7,11,5,5,11.3891787822
37999,11366,11373,0,7,53,5,27,4.4114435223
38000,11366,11362,0,7,8,5,5,3.98479061622
38001,11366,10305,0,7,11,5,8,17.1291792178
38002,11366,11104,0,7,8,5,6,6.64584696694
38003,11366,10004,0,7,168,5,99,13.0574713024
38004,11366,10275,0,7,13,5,7,10.2747263149
38005,11366,10118,0,7,4,5,3,10.1713512943
38006,11366,10026,0,7,57,5,43,9.91035216202
38007,11366,11235,0,7,19,5,14,12.7651883074
38008,11366,10469,0,7,44,5,12,10.2090934627
38009,11366,10281,0,7,31,5,24,11.573835324
38010,11366,11223,0,7,10,5,7,12.8360891773
38011,11366,11379,0,7,33,5,13,4.47666458588
38012,11366,10465,0,7,37,5,16,6.97262652748
38013,11366,10455,0,7,20,5,11,8.54527635493
38014,11366,10466,0,7,16,5,11,11.6948880771
38015,11366,11239,0,7,4,5,2,7.08796647087
38016,11366,11207,0,7,86,5,31,6.45696516476
38017,11366,11367,0,7,35,5,17,1.39790463293
38018,11366,11106,0,7,21,5,19,7.57681133818
38019,11366,10471,0,7,19,5,15,13.3273058788
38020,11366,11234,1,7,50,5,15,9.96616934208
38021,11366,10167,0,7,11,5,4,9.64915943464
38022,11366,10453,0,7,21,5,16,10.6948965557
38023,11366,10451,0,7,20,5,12,9.28913602665
38024,11366,10033,0,7,86,5,31,11.2011703743
38025,11366,11354,0,7,38,5,25,3.28643972109
38026,11366,10463,0,7,36,5,16,12.2105039504
38027,11366,10169,0,7,4,5,4,9.70062424145
38028,11366,10456,0,7,21,5,12,9.30127825347
38029,11366,11420,0,7,8,5,7,3.79644471614
38030,11366,10153,0,7,6,5,5,9.67797881048
38031,11366,10307,0,7,6,5,3,27.9817158465
38032,11366,10306,0,7,17,5,8,20.1208079748
38033,11366,10165,0,7,2,5,2,9.81896580555
38034,11366,10303,0,7,11,5,7,20.4196811985
38035,11366,11224,0,7,22,5,13,14.6062407661
38036,11366,10304,0,7,8,5,5,17.5116339049
38037,11366,10458,0,7,34,5,31,10.7194153824
38038,11366,11414,0,7,13,5,7,5.32815015214
38039,11366,11204,0,7,9,5,8,12.4115025744
38040,11366,11372,0,7,16,5,11,4.97162878843
38041,11366,11357,0,7,9,5,6,4.09236769784
38042,11366,10044,0,7,9,5,8,8.46345948667
38043,11366,11229,1,7,27,5,14,11.6460928311
38044,11366,11236,0,7,15,5,9,8.21207192643
38045,11366,10302,0,7,5,5,5,19.1311977563
38046,11366,11422,0,7,11,5,8,5.39897585606
38047,11366,10312,0,7,4,5,2,23.6885393845
38048,11366,10310,0,7,27,5,6,18.0425663531
38049,11366,11429,0,7,8,5,6,3.17281714434
38050,11366,10152,0,7,2,5,2,9.56650576035
38051,11366,11214,0,7,10,5,6,13.7336213613
38052,11366,11435,0,7,41,5,23,1.96032394377
38053,11366,10039,0,7,8,5,7,10.1588236714
38054,11366,10121,0,7,1,5,1,10.4593082053
38055,11366,11413,0,7,14,5,7,4.49178948541
38056,11366,10473,0,7,14,5,9,7.20219926659
38057,11366,10454,0,7,19,5,10,8.41522372731
38058,11366,11416,0,7,5,5,5,4.14284468983
38059,11366,10280,0,7,5,5,3,11.7671927535
38060,11366,11694,0,7,5,5,4,10.6839321235
38061,11366,11358,0,7,6,5,4,2.37335724595
38062,11366,11421,0,7,4,5,4,4.11772613484
38063,11366,11412,0,7,4,5,4,2.73357389823
38064,11366,10174,0,7,2,5,2,9.61721490439
38065,11366,11417,0,7,3,5,3,4.36062711685
38066,11366,11427,0,7,5,5,4,2.4819492183
38067,11366,11411,0,7,4,5,2,3.84037390056
38068,11366,11374,0,7,10,5,9,3.45937732062
38069,11366,10096,0,7,2,5,2,10.2747263149
38070,11366,10006,0,7,19,5,18,11.5352776178
38071,11366,10037,0,7,15,5,10,9.54297879796
38072,11366,11370,0,7,8,5,4,5.62088828634
38073,11366,10475,1,7,15,5,11,10.6351294295
38074,11366,11225,0,7,17,5,13,9.47205386468
38075,11366,10282,0,7,10,5,9,11.5300213388
38076,11366,11426,0,7,12,5,5,3.90407229976
38077,11366,11378,0,7,18,5,7,5.65502327619
38078,11366,10107,0,7,1,5,1,10.2355810428
38079,11366,11251,0,7,4,5,3,9.66213282594
38080,11366,11436,0,7,6,5,3,3.58880348004
38081,11366,11360,0,7,10,5,5,3.82486259995
38082,11366,11356,0,7,2,5,2,4.82403401894
38083,11366,10474,0,7,8,5,7,7.72416662442
38084,11366,11697,0,7,1,5,1,12.9222699995
38085,11366,10172,0,7,2,5,2,9.63353795881
38086,11366,11691,0,7,4,5,3,8.89885292505
38087,11366,10470,0,7,6,5,4,12.5235307331
38088,11366,11366,5,7,7,5,5,0.0
38089,11366,10041,0,7,2,5,2,11.4039371597
38090,11366,10278,0,7,1,5,1,10.9921488247
38091,11366,10106,0,7,4,5,1,10.0978816471
38092,11366,11428,0,7,2,5,2,2.85352813923
38093,11366,10286,0,7,1,5,1,11.4154585973
38094,11366,10279,0,7,1,5,1,11.2476375711
38095,11366,10103,0,7,1,5,1,9.89069784141
38096,11366,10196,0,7,1,5,1,10.2747263149
38097,11366,10154,0,7,1,5,1,9.57901324938
38098,11366,10119,0,7,2,5,2,10.5240381472
38099,11366,10464,0,7,5,5,4,9.03660021486
38100,11366,10166,0,7,2,5,2,9.71154780919
38101,11366,10203,0,7,1,5,1,10.2747263149
38102,11366,11359,0,7,2,5,2,4.69793152332
38103,11366,10177,0,7,1,5,1,9.71454870404
38104,11366,11040,0,7,1,5,1,6.20117143709
38105,11366,11364,0,7,2,5,2,2.32528816336
38106,11366,11692,0,7,2,5,2,9.19094237115
38107,11366,11423,0,7,1,5,1,1.62732969291
38108,11366,11415,0,7,2,5,2,2.25442660005
38109,11366,10175,0,7,2,5,1,9.88990374169
38110,10041,10012,0,2,445,2,357,1.69746917698
38111,10041,11222,0,2,110,2,71,3.74758958973
38112,10041,11231,0,2,65,2,44,1.71910691743
38113,10041,10019,0,2,637,2,440,4.51152783539
38114,10041,11102,0,2,35,2,30,6.50376802729
38115,10041,10003,0,2,493,2,400,2.30649876529
38116,10041,10020,0,2,143,2,116,4.14575933219
38117,10041,10018,0,2,339,2,256,3.69786516141
38118,10041,10001,1,2,670,2,468,3.36750781801
38119,10041,11365,0,2,21,2,9,11.7103972254
38120,10041,10007,0,2,1780,2,1042,0.822180921635
38121,10041,10022,0,2,228,2,164,4.46737039375
38122,10041,10013,0,2,745,2,406,1.24225749947
38123,10041,10472,0,2,23,2,8,11.509076057
38124,10041,11226,0,2,195,2,123,4.91068599883
38125,10041,10027,0,2,141,2,83,8.09796127985
38126,10041,11210,0,2,34,2,20,6.19360774876
38127,10041,11693,0,2,6,2,6,12.3941310713
38128,10041,11432,0,2,49,2,36,11.4122605896
38129,10041,11103,0,2,35,2,26,6.64831812028
38130,10041,11237,0,2,64,2,53,4.73462021503
38131,10041,10010,0,2,218,2,181,2.88631531411
38132,10041,10014,0,2,397,2,286,2.20001725784
38133,10041,10009,0,2,135,2,91,2.34110651036
38134,10041,10036,0,2,826,2,656,4.03408513612
38135,10041,11216,0,2,60,2,49,3.60472017881
38136,10041,11418,0,2,15,2,11,9.27106171704
38137,10041,11109,0,2,5,2,5,8.14055954529
38138,10041,11371,0,2,71,2,65,8.53781843565
38139,10041,10460,0,2,42,2,22,11.6991494477
38140,10041,10048,0,2,86,2,65,0.634467664332
38141,10041,10128,0,2,51,2,40,6.27863403264
38142,10041,11375,0,2,44,2,27,8.70925053102
38143,10041,10023,0,2,210,2,134,5.23993051428
38144,10041,11211,0,2,352,2,256,2.99683848052
38145,10041,10011,0,2,437,2,352,2.67178933189
38146,10041,10025,0,2,143,2,65,6.94560495961
38147,10041,10032,0,2,65,2,28,10.1558210744
38148,10041,11232,0,2,125,2,24,3.29615404624
38149,10041,11377,0,2,46,2,33,6.22140260318
38150,10041,11361,0,2,19,2,11,13.0724796383
38151,10041,11206,0,2,90,2,63,3.52974936701
38152,10041,11430,0,2,187,2,143,11.832948811
38153,10041,10021,0,2,62,2,45,5.20959254063
38154,10041,11201,0,2,234,2,176,1.22678040896
38155,10041,11238,0,2,109,2,64,2.95389147617
38156,10041,10016,0,2,162,2,110,3.43091265992
38157,10041,11218,0,2,26,2,19,4.4165075309
38158,10041,10301,0,2,45,2,32,6.61570889969
38159,10041,10452,0,2,54,2,34,10.4342475104
38160,10041,10314,0,2,51,2,30,9.74096561218
38161,10041,10461,0,2,50,2,20,13.2088309936
38162,10041,11101,0,2,193,2,96,4.73489436572
38163,10041,10029,0,2,50,2,38,6.98067037043
38164,10041,10467,0,2,33,2,22,13.8137230278
38165,10041,11208,0,2,43,2,13,7.52574082908
38166,10041,10024,0,2,101,2,71,6.00612973878
38167,10041,10005,0,2,65,2,41,0.220192005297
38168,10041,10030,0,2,39,2,26,8.67709739499
38169,10041,10002,0,2,258,2,186,1.55011778816
38170,10041,11385,0,2,56,2,31,6.15663591863
38171,10041,11220,0,2,38,2,23,4.26127398687
38172,10041,11215,0,2,123,2,95,2.76887650749
38173,10041,10038,0,2,174,2,85,0.569179370995
38174,10041,11217,0,2,92,2,71,2.22731183621
38175,10041,10462,0,2,104,2,58,12.4621655305
38176,10041,10040,0,2,80,2,27,11.5617256857
38177,10041,10457,0,2,28,2,16,11.5118763783
38178,10041,10017,0,2,277,2,161,3.92680170412
38179,10041,11433,0,2,18,2,12,11.7064673691
38180,10041,10308,0,2,8,2,8,12.8224525751
38181,10041,10468,0,2,52,2,30,12.7285304346
38182,10041,10111,0,2,15,2,13,4.23277383458
38183,10041,10309,0,2,23,2,15,16.0267476506
38184,10041,10034,0,2,68,2,33,12.3022665335
38185,10041,10028,0,2,89,2,53,5.87554842258
38186,10041,10035,0,2,65,2,32,7.9444298015
38187,10041,11228,0,2,10,2,8,5.89878143261
38188,10041,11105,0,2,25,2,19,7.2842051387
38189,10041,11355,0,2,26,2,18,10.5097454773
38190,10041,11209,0,2,49,2,28,5.59808814918
38191,10041,11213,0,2,35,2,20,4.54249875601
38192,10041,11369,0,2,12,2,8,8.40899395872
38193,10041,10031,0,2,64,2,45,9.08651366978
38194,10041,11221,0,2,120,2,61,4.47164240129
38195,10041,11212,0,2,12,2,10,5.81432380957
38196,10041,11233,0,2,74,2,34,5.13283765136
38197,10041,11368,0,2,62,2,41,8.52480208614
38198,10041,11205,0,2,37,2,31,2.43032146056
38199,10041,10069,0,2,14,2,8,5.10285770336
38200,10041,11203,0,2,39,2,8,5.50086240833
38201,10041,10459,0,2,16,2,8,10.4348733362
38202,10041,11219,0,2,6,2,4,4.92470572503
38203,10041,11434,0,2,32,2,16,12.6191396265
38204,10041,11230,0,2,11,2,5,6.02535710249
38205,10041,11373,0,2,53,2,27,7.29775986465
38206,10041,11362,0,2,8,2,5,15.0495530108
38207,10041,10305,0,2,11,2,8,7.94767794105
38208,10041,11104,0,2,8,2,6,5.52538038087
38209,10041,10004,2,2,168,2,99,1.65377590561
38210,10041,10275,0,2,13,2,7,5.63340276726
38211,10041,10118,0,2,4,2,3,3.40492883176
38212,10041,10026,0,2,57,2,43,7.47521353512
38213,10041,11235,0,2,19,2,14,8.80945052253
38214,10041,10469,0,2,44,2,12,14.2628456437
38215,10041,10281,0,2,31,2,24,0.840314753882
38216,10041,11223,0,2,10,2,7,7.50591527325
38217,10041,11379,0,2,33,2,13,6.92833733569
38218,10041,10465,0,2,37,2,16,13.1810655007
38219,10041,10455,0,2,20,2,11,9.44115287974
38220,10041,10466,0,2,16,2,11,15.5321599931
38221,10041,11239,0,2,4,2,2,7.92884481391
38222,10041,11207,0,2,86,2,31,6.47729791534
38223,10041,11367,0,2,35,2,17,10.0601328691
38224,10041,11106,0,2,21,2,19,5.79547459242
38225,10041,10471,0,2,19,2,15,14.747994455
38226,10041,11234,0,2,50,2,15,7.45666531467
38227,10041,10167,0,2,11,2,4,4.0234575376
38228,10041,10453,0,2,21,2,16,11.5539620795
38229,10041,10451,0,2,20,2,12,9.27612844445
38230,10041,10033,0,2,86,2,31,10.7999859815
38231,10041,11354,0,2,38,2,25,10.7001008752
38232,10041,10463,0,2,36,2,16,13.4122184538
38233,10041,10169,0,2,4,2,4,3.97247169409
38234,10041,10456,0,2,21,2,12,10.2336348821
38235,10041,11420,0,2,8,2,7,10.4821135812
38236,10041,10153,0,2,6,2,5,4.62589924831
38237,10041,10307,0,2,6,2,3,18.2143555073
38238,10041,10306,0,2,17,2,8,10.8226322901
38239,10041,10165,0,2,2,2,2,3.77606902677
38240,10041,10303,0,2,11,2,7,9.47742145584
38241,10041,11224,0,2,22,2,13,8.77869509072
38242,10041,10304,0,2,8,2,5,7.79231572067
38243,10041,10458,0,2,34,2,31,12.8091684367
38244,10041,11414,0,2,13,2,7,9.29664120411
38245,10041,11204,0,2,9,2,8,5.953938165
38246,10041,11372,0,2,16,2,11,7.35847171702
38247,10041,11357,0,2,9,2,6,11.9452226384
38248,10041,10044,0,2,9,2,8,5.18398118725
38249,10041,11229,0,2,27,2,14,8.02500261799
38250,10041,11236,0,2,15,2,9,7.063768162
38251,10041,10302,0,2,5,2,5,8.31815209193
38252,10041,11422,0,2,11,2,8,14.7107782332
38253,10041,10312,0,2,4,2,2,14.0753928097
38254,10041,10310,0,2,27,2,6,7.39105665182
38255,10041,11429,0,2,8,2,6,14.2391901782
38256,10041,10152,0,2,2,2,2,4.3188018254
38257,10041,11214,0,2,10,2,6,7.21696395951
38258,10041,11435,0,2,41,2,23,10.516934419
38259,10041,10039,0,2,8,2,7,9.31999786872
38260,10041,10121,0,2,1,2,1,3.35433050937
38261,10041,11413,0,2,14,2,7,13.7758159848
38262,10041,10473,0,2,14,2,9,11.2422594147
38263,10041,10454,0,2,19,2,10,8.64126878583
38264,10041,11416,0,2,5,2,5,8.50213680893
38265,10041,10280,0,2,5,2,3,0.507092695149
38266,10041,11694,0,2,5,2,4,12.22907538
38267,10041,11358,0,2,6,2,4,11.9111493729
38268,10041,11421,0,2,4,2,4,8.01685764224
38269,10041,11412,0,2,4,2,4,13.1670802353
38270,10041,10174,0,2,2,2,2,3.82291901157
38271,10041,11417,0,2,3,2,3,8.888801429
38272,10041,11427,0,2,5,2,4,13.8793091098
38273,10041,11411,0,2,4,2,2,14.4229073463
38274,10041,11374,0,2,10,2,9,7.97761797298
38275,10041,10096,0,2,2,2,2,5.63340276726
38276,10041,10006,0,2,19,2,18,0.378324431269
38277,10041,10037,0,2,15,2,10,8.54517065933
38278,10041,11370,0,2,8,2,4,7.51769807707
38279,10041,10475,0,2,15,2,11,15.5056927938
38280,10041,11225,0,2,17,2,13,4.00276024771
38281,10041,10282,0,2,10,2,9,1.0005672469
38282,10041,11426,0,2,12,2,5,15.3066571681
38283,10041,11378,0,2,18,2,7,5.82213480026
38284,10041,10107,0,2,1,2,1,4.60361728008
38285,10041,11251,0,2,4,2,3,5.2599671016
38286,10041,11436,0,2,6,2,3,11.375369281
38287,10041,11360,0,2,10,2,5,13.2001187164
38288,10041,11356,0,2,2,2,2,10.4227316049
38289,10041,10474,0,2,8,2,7,9.95636820205
38290,10041,11697,0,2,1,2,1,11.2018896711
38291,10041,10172,0,2,2,2,2,4.07376241562
38292,10041,11691,0,2,4,2,3,14.9599412341
38293,10041,10470,0,2,6,2,4,15.7236995255
38294,10041,11366,0,2,7,2,5,11.4039371597
38295,10041,10041,2,2,2,2,2,0.0
38296,10041,10278,0,2,1,2,1,0.932392110027
38297,10041,10106,0,2,4,2,1,4.56550557623
38298,10041,11428,0,2,2,2,2,14.1630930169
38299,10041,10286,0,2,1,2,1,0.777861343265
38300,10041,10279,0,2,1,2,1,0.695993525895
38301,10041,10103,0,2,1,2,1,4.33715726398
38302,10041,10196,0,2,1,2,1,5.63340276726
38303,10041,10154,0,2,1,2,1,4.26988869955
38304,10041,10119,0,2,2,2,2,3.41846870099
38305,10041,10464,0,2,5,2,4,15.7268212066
38306,10041,10166,0,2,2,2,2,3.97617731163
38307,10041,10203,0,2,1,2,1,5.63340276726
38308,10041,11359,0,2,2,2,2,13.7240728453
38309,10041,10177,0,2,1,2,1,4.02622111218
38310,10041,11040,0,2,1,2,1,17.6002229632
38311,10041,11364,0,2,2,2,2,13.4732470278
38312,10041,11692,0,2,2,2,2,13.590426624
38313,10041,11423,0,2,1,2,1,12.7228001831
38314,10041,11415,0,2,2,2,2,9.47473627645
38315,10041,10175,0,2,2,2,1,3.87858721308
38316,10278,10012,0,1,445,1,357,0.765444718588
38317,10278,11222,0,1,110,1,71,3.14963336171
38318,10278,11231,0,1,65,1,44,2.54870122432
38319,10278,10019,0,1,637,1,440,3.58155945955
38320,10278,11102,0,1,35,1,30,5.65985678902
38321,10278,10003,0,1,493,1,400,1.38901539873
38322,10278,10020,0,1,143,1,116,3.21407768607
38323,10278,10018,0,1,339,1,256,2.7734823735
38324,10278,10001,0,1,670,1,468,2.4477206411
38325,10278,11365,0,1,21,1,9,11.2366156372
38326,10278,10007,1,1,1780,1,1042,0.183707697989
38327,10278,10022,0,1,228,1,164,3.55257673186
38328,10278,10013,0,1,745,1,406,0.348078855289
38329,10278,10472,0,1,23,1,8,10.6373412664
38330,10278,11226,0,1,195,1,123,5.48732661284
38331,10278,10027,0,1,141,1,83,7.16564160118
38332,10278,11210,0,1,34,1,20,6.79015912067
38333,10278,11693,0,1,6,1,6,12.6814626593
38334,10278,11432,0,1,49,1,36,11.0636025106
38335,10278,11103,0,1,35,1,26,5.87145460118
38336,10278,11237,0,1,64,1,53,4.49348279324
38337,10278,10010,0,1,218,1,181,1.97654391536
38338,10278,10014,0,1,397,1,286,1.31281005191
38339,10278,10009,0,1,135,1,91,1.54314630063
38340,10278,10036,0,1,826,1,656,3.10673137341
38341,10278,11216,0,1,60,1,49,3.80796297445
38342,10278,11418,0,1,15,1,11,9.02118011302
38343,10278,11109,0,1,5,1,5,8.28525163378
38344,10278,11371,0,1,71,1,65,7.80086749723
38345,10278,10460,0,1,42,1,22,10.8026114321
38346,10278,10048,0,1,86,1,65,0.503725949973
38347,10278,10128,0,1,51,1,40,5.36183743859
38348,10278,11375,0,1,44,1,27,8.30866634535
38349,10278,10023,0,1,210,1,134,4.31088394477
38350,10278,11211,0,1,352,1,256,2.62043274638
38351,10278,10011,0,1,437,1,352,1.75668344121
38352,10278,10025,0,1,143,1,65,6.01371466456
38353,10278,10032,0,1,65,1,28,9.22346620322
38354,10278,11232,0,1,125,1,24,4.15670394048
38355,10278,11377,0,1,46,1,33,5.58238902413
38356,10278,11361,0,1,19,1,11,12.5092130585
38357,10278,11206,0,1,90,1,63,3.33681697922
38358,10278,11430,0,1,187,1,143,11.8296297444
38359,10278,10021,0,1,62,1,45,4.29362313442
38360,10278,11201,0,1,234,1,176,1.61207952471
38361,10278,11238,0,1,109,1,64,3.27852835197
38362,10278,10016,0,1,162,1,110,2.5163213945
38363,10278,11218,0,1,26,1,19,5.1263390238
38364,10278,10301,0,1,45,1,32,7.48950627448
38365,10278,10452,0,1,54,1,34,9.50732002921
38366,10278,10314,0,1,51,1,30,10.5830448419
38367,10278,10461,0,1,50,1,20,12.3543818614
38368,10278,11101,0,1,193,1,96,3.97187400463
38369,10278,10029,0,1,50,1,38,6.06058594979
38370,10278,10467,0,1,33,1,22,12.9032396533
38371,10278,11208,0,1,43,1,13,7.51681857073
38372,10278,10024,0,1,101,1,71,5.07577124916
38373,10278,10005,0,1,65,1,41,0.712234036712
38374,10278,10030,0,1,39,1,26,7.74664374088
38375,10278,10002,0,1,258,1,186,0.894561658953
38376,10278,11385,0,1,56,1,31,5.89861448626
38377,10278,11220,0,1,38,1,23,5.16308494274
38378,10278,11215,0,1,123,1,95,3.46358574023
38379,10278,10038,0,1,174,1,85,0.417346963605
38380,10278,11217,0,1,92,1,71,2.69571187616
38381,10278,10462,0,1,104,1,58,11.5864828046
38382,10278,10040,0,1,80,1,27,10.6296639338
38383,10278,10457,0,1,28,1,16,10.5957143356
38384,10278,10017,0,1,277,1,161,3.01327913074
38385,10278,11433,0,1,18,1,12,11.4510978353
38386,10278,10308,0,1,8,1,8,13.7247835145
38387,10278,10468,0,1,52,1,30,11.8034994401
38388,10278,10111,0,1,15,1,13,3.30249346607
38389,10278,10309,0,1,23,1,15,16.8972297265
38390,10278,10034,0,1,68,1,33,11.3707085331
38391,10278,10028,0,1,89,1,53,4.95918273342
38392,10278,10035,0,1,65,1,32,7.02838456078
38393,10278,11228,0,1,10,1,8,6.78523513181
38394,10278,11105,0,1,25,1,19,6.46729864113
38395,10278,11355,0,1,26,1,18,9.96237218553
38396,10278,11209,0,1,49,1,28,6.51898719718
38397,10278,11213,0,1,35,1,20,4.77697830217
38398,10278,11369,0,1,12,1,8,7.7218608082
38399,10278,10031,0,1,64,1,45,8.15415821561
38400,10278,11221,0,1,120,1,61,4.41043382498
38401,10278,11212,0,1,12,1,10,6.02688706227
38402,10278,11233,0,1,74,1,34,5.22142370889
38403,10278,11368,0,1,62,1,41,7.94205482143
38404,10278,11205,0,1,37,1,31,2.51468543705
38405,10278,10069,0,1,14,1,8,4.18330150029
38406,10278,11203,0,1,39,1,8,5.91884549272
38407,10278,10459,0,1,16,1,8,9.54062354748
38408,10278,11219,0,1,6,1,4,5.75999187659
38409,10278,11434,0,1,32,1,16,12.4676013786
38410,10278,11230,0,1,11,1,5,6.72939861052
38411,10278,11373,0,1,53,1,27,6.75724870905
38412,10278,11362,0,1,8,1,5,14.5297311282
38413,10278,10305,0,1,11,1,8,8.87660270791
38414,10278,11104,0,1,8,1,6,4.83825371481
38415,10278,10004,0,1,168,1,99,2.26213266151
38416,10278,10275,0,1,13,1,7,4.7019781413
38417,10278,10118,0,1,4,1,3,2.47278363698
38418,10278,10026,0,1,57,1,43,6.54394471546
38419,10278,11235,0,1,19,1,14,9.53094084158
38420,10278,10469,0,1,44,1,12,13.3713614903
38421,10278,10281,0,1,31,1,24,0.58272642185
38422,10278,11223,0,1,10,1,7,8.28196380882
38423,10278,11379,0,1,33,1,13,6.5471619382
38424,10278,10465,0,1,37,1,16,12.3802094946
38425,10278,10455,0,1,20,1,11,8.54128229749
38426,10278,10466,0,1,16,1,11,14.6256550405
38427,10278,11239,0,1,4,1,2,8.13613903339
38428,10278,11207,0,1,86,1,31,6.54044221033
38429,10278,11367,0,1,35,1,17,9.62211551639
38430,10278,11106,0,1,21,1,19,4.96730825843
38431,10278,10471,0,1,19,1,15,13.8162175303
38432,10278,11234,0,1,50,1,15,7.97918211663
38433,10278,10167,0,1,11,1,4,3.10022530664
38434,10278,10453,0,1,21,1,16,10.6273941807
38435,10278,10451,0,1,20,1,12,8.35798928222
38436,10278,10033,0,1,86,1,31,9.86779948484
38437,10278,11354,0,1,38,1,25,10.0619314386
38438,10278,10463,0,1,36,1,16,12.481580672
38439,10278,10169,0,1,4,1,4,3.04786458572
38440,10278,10456,0,1,21,1,12,9.32043264053
38441,10278,11420,0,1,8,1,7,10.3782044755
38442,10278,10153,0,1,6,1,5,3.69773538769
38443,10278,10307,0,1,6,1,3,19.0802844442
38444,10278,10306,0,1,17,1,8,11.7381715551
38445,10278,10165,0,1,2,1,2,2.84928560375
38446,10278,10303,0,1,11,1,7,10.233593804
38447,10278,11224,0,1,22,1,13,9.62180456719
38448,10278,10304,0,1,8,1,5,8.70536457299
38449,10278,10458,0,1,34,1,31,11.8905850438
38450,10278,11414,0,1,13,1,7,9.32973897526
38451,10278,11204,0,1,9,1,8,6.75370265578
38452,10278,11372,0,1,16,1,11,6.71312260097
38453,10278,11357,0,1,9,1,6,11.2656327299
38454,10278,10044,0,1,9,1,8,4.30589907434
38455,10278,11229,0,1,27,1,14,8.68686816042
38456,10278,11236,0,1,15,1,9,7.39594675204
38457,10278,10302,0,1,5,1,5,9.11273545558
38458,10278,11422,0,1,11,1,8,14.588094857
38459,10278,10312,0,1,4,1,2,14.9639768201
38460,10278,10310,0,1,27,1,6,8.22357839922
38461,10278,11429,0,1,8,1,6,13.9179645967
38462,10278,10152,0,1,2,1,2,3.3956634483
38463,10278,11214,0,1,10,1,6,8.06487800521
38464,10278,11435,0,1,41,1,23,10.2486020182
38465,10278,10039,0,1,8,1,7,8.39014055049
38466,10278,10121,0,1,1,1,1,2.42460493906
38467,10278,11413,0,1,14,1,7,13.6314981386
38468,10278,10473,0,1,14,1,9,10.4016698133
38469,10278,10454,0,1,19,1,10,7.74194916553
38470,10278,11416,0,1,5,1,5,8.37342132345
38471,10278,10280,0,1,5,1,3,0.923699345867
38472,10278,11694,0,1,5,1,4,12.6554415479
38473,10278,11358,0,1,6,1,4,11.3376636937
38474,10278,11421,0,1,4,1,4,7.83939641178
38475,10278,11412,0,1,4,1,4,12.9007604346
38476,10278,10174,0,1,2,1,2,2.90379801692
38477,10278,11417,0,1,3,1,3,8.80835970987
38478,10278,11427,0,1,5,1,4,13.4740661657
38479,10278,11411,0,1,4,1,2,14.1671347069
38480,10278,11374,0,1,10,1,9,7.53697945029
38481,10278,10096,0,1,2,1,2,4.7019781413
38482,10278,10006,0,1,19,1,18,0.733610054867
38483,10278,10037,0,1,15,1,10,7.62002118465
38484,10278,11370,0,1,8,1,4,6.78910132445
38485,10278,10475,0,1,15,1,11,14.623754703
38486,10278,11225,0,1,17,1,13,4.45805271745
38487,10278,10282,0,1,10,1,9,0.554185106974
38488,10278,11426,0,1,12,1,5,14.8934023945
38489,10278,11378,0,1,18,1,7,5.34641004027
38490,10278,10107,0,1,1,1,1,3.67197944669
38491,10278,11251,0,1,4,1,3,5.77284363013
38492,10278,11436,0,1,6,1,3,11.2477242695
38493,10278,11360,0,1,10,1,5,12.5684870993
38494,10278,11356,0,1,2,1,2,9.69066356835
38495,10278,10474,0,1,8,1,7,9.08554328437
38496,10278,11697,0,1,1,1,1,11.8390731033
38497,10278,10172,0,1,2,1,2,3.15058310681
38498,10278,11691,0,1,4,1,3,15.1189190097
38499,10278,10470,0,1,6,1,4,14.8051801117
38500,10278,11366,0,1,7,1,5,10.9921488247
38501,10278,10041,0,1,2,1,2,0.932392110027
38502,10278,10278,1,1,1,1,1,0.0
38503,10278,10106,0,1,4,1,1,3.63313006946
38504,10278,11428,0,1,2,1,2,13.7942160283
38505,10278,10286,0,1,1,1,1,0.429625663683
38506,10278,10279,0,1,1,1,1,0.30414426587
38507,10278,10103,0,1,1,1,1,3.40611108805
38508,10278,10196,0,1,1,1,1,4.7019781413
38509,10278,10154,0,1,1,1,1,3.3467571106
38510,10278,10119,0,1,2,1,2,2.49079201091
38511,10278,10464,0,1,5,1,4,14.9036419685
38512,10278,10166,0,1,2,1,2,3.05114879528
38513,10278,10203,0,1,1,1,1,4.7019781413
38514,10278,11359,0,1,2,1,2,13.0562190317
38515,10278,10177,0,1,1,1,1,3.10063580839
38516,10278,11040,0,1,1,1,1,17.1628251441
38517,10278,11364,0,1,2,1,2,12.9856761972
38518,10278,11692,0,1,2,1,2,13.8407829642
38519,10278,11423,0,1,1,1,1,12.3760598363
38520,10278,11415,0,1,2,1,2,9.16791496106
38521,10278,10175,0,1,2,1,1,2.94915330853
38522,10106,10012,0,4,445,1,357,2.86882614317
38523,10106,11222,0,4,110,1,71,3.25033473598
38524,10106,11231,0,4,65,1,44,6.07658019325
38525,10106,10019,1,4,637,1,440,0.272762570565
38526,10106,11102,0,4,35,1,30,2.95785547478
38527,10106,10003,0,4,493,1,400,2.30664247518
38528,10106,10020,0,4,143,1,116,0.45388158839
38529,10106,10018,0,4,339,1,256,0.974753962746
38530,10106,10001,0,4,670,1,468,1.30925161283
38531,10106,11365,0,4,21,1,9,10.0482071161
38532,10106,10007,0,4,1780,1,1042,3.75655086387
38533,10106,10022,0,4,228,1,164,0.811408488178
38534,10106,10013,0,4,745,1,406,3.3404153667
38535,10106,10472,0,4,23,1,8,7.396362846
38536,10106,11226,0,4,195,1,123,8.38203922496
38537,10106,10027,0,4,141,1,83,3.53397640132
38538,10106,11210,0,4,34,1,20,9.64962948746
38539,10106,11693,0,4,6,1,6,14.3547934657
38540,10106,11432,0,4,49,1,36,10.4384949123
38541,10106,11103,0,4,35,1,26,3.65117132832
38542,10106,11237,0,4,64,1,53,5.32197138991
38543,10106,10010,0,4,218,1,181,1.81129668867
38544,10106,10014,0,4,397,1,286,2.47818854307
38545,10106,10009,0,4,135,1,91,2.63414172715
38546,10106,10036,0,4,826,1,656,0.646705828661
38547,10106,11216,0,4,60,1,49,6.09363713543
38548,10106,11418,0,4,15,1,11,8.97697542921
38549,10106,11109,0,4,5,1,5,9.74099058808
38550,10106,11371,0,4,71,1,65,5.54677082812
38551,10106,10460,0,4,42,1,22,7.40453611368
38552,10106,10048,0,4,86,1,65,4.03054061749
38553,10106,10128,0,4,51,1,40,1.95056094223
38554,10106,11375,0,4,44,1,27,7.70916193715
38555,10106,10023,0,4,210,1,134,0.759707511968
38556,10106,11211,0,4,352,1,256,3.91641224813
38557,10106,10011,0,4,437,1,352,1.96526172939
38558,10106,10025,0,4,143,1,65,2.38432751821
38559,10106,10032,0,4,65,1,28,5.59110988677
38560,10106,11232,0,4,125,1,24,7.67624445414
38561,10106,11377,0,4,46,1,33,4.30906832655
38562,10106,11361,0,4,19,1,11,10.8359109723
38563,10106,11206,0,4,90,1,63,4.76667372527
38564,10106,11430,0,4,187,1,143,12.5218129023
38565,10106,10021,1,4,62,1,45,1.07129985129
38566,10106,11201,0,4,234,1,176,4.84842422721
38567,10106,11238,0,4,109,1,64,5.9464153299
38568,10106,10016,0,4,162,1,110,1.323861264
38569,10106,11218,0,4,26,1,19,8.33127336782
38570,10106,10301,0,4,45,1,32,10.981117183
38571,10106,10452,0,4,54,1,34,5.91645663555
38572,10106,10314,0,4,51,1,30,13.9664626328
38573,10106,10461,0,4,50,1,20,9.18463680185
38574,10106,11101,0,4,193,1,96,2.56860181554
38575,10106,10029,0,4,50,1,38,2.57193637095
38576,10106,10467,0,4,33,1,22,9.40410671287
38577,10106,11208,0,4,43,1,13,8.53999591628
38578,10106,10024,0,4,101,1,71,1.46953158146
38579,10106,10005,0,4,65,1,41,4.34536297813
38580,10106,10030,0,4,39,1,26,4.13267868131
38581,10106,10002,0,4,258,1,186,3.34391408059
38582,10106,11385,0,4,56,1,31,6.28819219814
38583,10106,11220,0,4,38,1,23,8.74177116089
38584,10106,11215,0,4,123,1,95,6.7493828278
38585,10106,10038,0,4,174,1,85,4.02309912702
38586,10106,11217,0,4,92,1,71,5.73938835452
38587,10106,10462,0,4,104,1,58,8.30531570647
38588,10106,10040,0,4,80,1,27,6.99980894498
38589,10106,10457,0,4,28,1,16,7.07361884748
38590,10106,10017,0,4,277,1,161,0.998491064247
38591,10106,11433,0,4,18,1,12,11.1898514185
38592,10106,10308,0,4,8,1,8,17.2665043108
38593,10106,10468,0,4,52,1,30,8.21960809225
38594,10106,10111,0,4,15,1,13,0.437900731759
38595,10106,10309,0,4,23,1,15,20.3344271316
38596,10106,10034,0,4,68,1,33,7.74443361275
38597,10106,10028,0,4,89,1,53,1.59451375076
38598,10106,10035,0,4,65,1,32,3.5510132757
38599,10106,11228,0,4,10,1,8,10.321483658
38600,10106,11105,0,4,25,1,19,3.84732067322
38601,10106,11355,0,4,26,1,18,8.51908078846
38602,10106,11209,0,4,49,1,28,10.1296351432
38603,10106,11213,0,4,35,1,20,6.93825633072
38604,10106,11369,0,4,12,1,8,5.76974620044
38605,10106,10031,0,4,64,1,45,4.52187208695
38606,10106,11221,0,4,120,1,61,5.84250335331
38607,10106,11212,0,4,12,1,10,7.93707984839
38608,10106,11233,0,4,74,1,34,6.90462464264
38609,10106,11368,0,4,62,1,41,6.52568044638
38610,10106,11205,0,4,37,1,31,4.96525781831
38611,10106,10069,0,4,14,1,8,0.881654791295
38612,10106,11203,0,4,39,1,8,8.39439806935
38613,10106,10459,0,4,16,1,8,6.17613712042
38614,10106,11219,0,4,6,1,4,9.20080213616
38615,10106,11434,0,4,32,1,16,12.5625010518
38616,10106,11230,0,4,11,1,5,9.85213116506
38617,10106,11373,0,4,53,1,27,5.73794889143
38618,10106,11362,0,4,8,1,5,12.9763045871
38619,10106,10305,0,4,11,1,8,12.4996834514
38620,10106,11104,0,4,8,1,6,3.52391501695
38621,10106,10004,0,4,168,1,99,5.56028067479
38622,10106,10275,0,4,13,1,7,1.08364380343
38623,10106,10118,0,4,4,1,3,1.16473335143
38624,10106,10026,0,4,57,1,43,2.92506930865
38625,10106,11235,0,4,19,1,14,12.6201321283
38626,10106,10469,0,4,44,1,12,9.97924868693
38627,10106,10281,0,4,31,1,24,3.93360251368
38628,10106,11223,0,4,10,1,7,11.5382243855
38629,10106,11379,0,4,33,1,13,6.30366335192
38630,10106,10465,0,4,37,1,16,9.50842159193
38631,10106,10455,0,4,20,1,11,5.15776066327
38632,10106,10466,0,4,16,1,11,11.1420577443
38633,10106,11239,0,4,4,1,2,9.8050915805
38634,10106,11207,0,4,86,1,31,7.92982855269
38635,10106,11367,0,4,35,1,17,8.71789843972
38636,10106,11106,0,4,21,1,19,2.57878612176
38637,10106,10471,0,4,19,1,15,10.1879057402
38638,10106,11234,0,4,50,1,15,10.5826074023
38639,10106,10167,0,4,11,1,4,0.772026428819
38640,10106,10453,0,4,21,1,16,7.03605788711
38641,10106,10451,0,4,20,1,12,4.84059066419
38642,10106,10033,0,4,86,1,31,6.23703060017
38643,10106,11354,0,4,38,1,25,8.15903444827
38644,10106,10463,0,4,36,1,16,8.86109736859
38645,10106,10169,0,4,4,1,4,0.778510530802
38646,10106,10456,0,4,21,1,12,5.82877131764
38647,10106,11420,0,4,8,1,7,10.7866386873
38648,10106,10153,0,4,6,1,5,0.41999333233
38649,10106,10307,0,4,6,1,3,22.4976279113
38650,10106,10306,0,4,17,1,8,15.3215873628
38651,10106,10165,0,4,2,1,2,0.893030698733
38652,10106,10303,0,4,11,1,7,13.3832092672
38653,10106,11224,0,4,22,1,13,13.030944012
38654,10106,10304,0,4,8,1,5,12.2875036308
38655,10106,10458,0,4,34,1,31,8.34682604087
38656,10106,11414,0,4,13,1,7,10.3191602764
38657,10106,11204,0,4,9,1,8,10.0974407562
38658,10106,11372,0,4,16,1,11,5.14927840002
38659,10106,11357,0,4,9,1,6,9.07881485845
38660,10106,10044,0,4,9,1,8,1.65410140416
38661,10106,11229,0,4,27,1,14,11.6375857187
38662,10106,11236,0,4,15,1,9,9.50422973615
38663,10106,10302,0,4,5,1,5,12.3844687464
38664,10106,11422,0,4,11,1,8,14.7003133759
38665,10106,10312,0,4,4,1,2,18.46181092
38666,10106,10310,0,4,27,1,6,11.6058657431
38667,10106,11429,0,4,8,1,6,13.2550351097
38668,10106,10152,0,4,2,1,2,0.628394666589
38669,10106,11214,0,4,10,1,6,11.5009959818
38670,10106,11435,0,4,41,1,23,10.0195948414
38671,10106,10039,0,4,8,1,7,4.77978189505
38672,10106,10121,0,4,1,1,1,1.23295691547
38673,10106,11413,0,4,14,1,7,13.6985567475
38674,10106,10473,0,4,14,1,9,7.35648875358
38675,10106,10454,0,4,19,1,10,4.38406133594
38676,10106,11416,0,4,5,1,5,8.86809488787
38677,10106,10280,0,4,5,1,3,4.44289179597
38678,10106,11694,0,4,5,1,4,14.7860089829
38679,10106,11358,0,4,6,1,4,9.67592766058
38680,10106,11421,0,4,4,1,4,8.21320078794
38681,10106,11412,0,4,4,1,4,12.5128955422
38682,10106,10174,0,4,2,1,2,0.977586754718
38683,10106,11417,0,4,3,1,3,9.43690474496
38684,10106,11427,0,4,5,1,4,12.4717396942
38685,10106,11411,0,4,4,1,2,13.7647865442
38686,10106,11374,0,4,10,1,9,6.86201036506
38687,10106,10096,0,4,2,1,2,1.08364380343
38688,10106,10006,0,4,19,1,18,4.3186747674
38689,10106,10037,0,4,15,1,10,4.0531273565
38690,10106,11370,0,4,8,1,4,4.72006160755
38691,10106,10475,0,4,15,1,11,11.2756488214
38692,10106,11225,0,4,17,1,13,7.18675607542
38693,10106,10282,0,4,10,1,9,3.763432105
38694,10106,11426,0,4,12,1,5,13.7995927742
38695,10106,11378,0,4,18,1,7,4.97002944138
38696,10106,10107,0,4,1,1,1,0.145366670292
38697,10106,11251,0,4,4,1,3,8.49611901398
38698,10106,11436,0,4,6,1,3,11.5061098329
38699,10106,11360,0,4,10,1,5,10.5638119616
38700,10106,11356,0,4,2,1,2,7.30925301838
38701,10106,10474,0,4,8,1,7,5.8895855205
38702,10106,11697,0,4,1,1,1,14.6411982205
38703,10106,10172,0,4,2,1,2,0.742015344724
38704,10106,11691,0,4,4,1,3,16.2641070985
38705,10106,10470,0,4,6,1,4,11.2536748634
38706,10106,11366,0,4,7,1,5,10.0978816471
38707,10106,10041,0,4,2,1,2,4.56550557623
38708,10106,10278,0,4,1,1,1,3.63313006946
38709,10106,10106,1,4,4,1,1,0.0
38710,10106,11428,0,4,2,1,2,12.9347379622
38711,10106,10286,0,4,1,1,1,3.88791820443
38712,10106,10279,0,4,1,1,1,3.89159865057
38713,10106,10103,0,4,1,1,1,0.328062734786
38714,10106,10196,0,4,1,1,1,1.08364380343
38715,10106,10154,0,4,1,1,1,0.645649146609
38716,10106,10119,0,4,2,1,2,1.19029453026
38717,10106,10464,0,4,5,1,4,11.8662439979
38718,10106,10166,0,4,2,1,2,0.767341675295
38719,10106,10203,0,4,1,1,1,1.08364380343
38720,10106,11359,0,4,2,1,2,10.8543074302
38721,10106,10177,0,4,1,1,1,0.720082757433
38722,10106,11040,0,4,1,1,1,15.8949158924
38723,10106,11364,0,4,2,1,2,11.6402604571
38724,10106,11692,0,4,2,1,2,15.347818116
38725,10106,11423,0,4,1,1,1,11.6794478725
38726,10106,11415,0,4,2,1,2,8.87565804034
38727,10106,10175,0,4,2,1,1,0.755537211224
38728,11428,10012,0,2,445,2,357,13.5018214117
38729,11428,11222,0,2,110,2,71,10.7351150064
38730,11428,11231,0,2,65,2,44,14.0119989591
38731,11428,10019,0,2,637,2,440,13.2054809251
38732,11428,11102,0,2,35,2,30,10.2527298637
38733,11428,10003,0,2,493,2,400,13.0515866916
38734,11428,10020,0,2,143,2,116,12.823170691
38735,11428,10018,0,2,339,2,256,13.4518053634
38736,11428,10001,0,2,670,2,468,13.5651044572
38737,11428,11365,0,2,21,2,9,2.97247686348
38738,11428,10007,0,2,1780,2,1042,13.9669970325
38739,11428,10022,0,2,228,2,164,12.1660088379
38740,11428,10013,0,2,745,2,406,13.8594283627
38741,11428,10472,0,2,23,2,8,10.1276806331
38742,11428,11226,0,2,195,2,123,12.3797659371
38743,11428,10027,0,2,141,2,83,12.9081904321
38744,11428,11210,0,2,34,2,20,12.4688667684
38745,11428,11693,0,2,6,2,6,9.43813723581
38746,11428,11432,0,2,49,2,36,2.75810060091
38747,11428,11103,0,2,35,2,26,9.38431660705
38748,11428,11237,0,2,64,2,53,9.45067102008
38749,11428,10010,0,2,218,2,181,12.7072055308
38750,11428,10014,0,2,397,2,286,13.8982909357
38751,11428,10009,0,2,135,2,91,12.4708716201
38752,11428,10036,0,2,826,2,656,13.3460943326
38753,11428,11216,0,2,60,2,49,11.207023549
38754,11428,11418,0,2,15,2,11,5.07242541663
38755,11428,11109,0,2,5,2,5,8.2876295174
38756,11428,11371,0,2,71,2,65,7.88919034424
38757,11428,10460,0,2,42,2,22,11.0861063692
38758,11428,10048,0,2,86,2,65,14.2387077464
38759,11428,10128,0,2,51,2,40,11.7759404642
38760,11428,11375,0,2,44,2,27,5.48896484819
38761,11428,10023,0,2,210,2,134,13.2557701972
38762,11428,11211,0,2,352,2,256,11.1963640433
38763,11428,10011,0,2,437,2,352,13.6647077977
38764,11428,10025,0,2,143,2,65,13.0772841059
38765,11428,10032,0,2,65,2,28,13.4059557536
38766,11428,11232,0,2,125,2,24,14.5118567224
38767,11428,11377,0,2,46,2,33,8.67473438042
38768,11428,11361,0,2,19,2,11,3.43809468832
38769,11428,11206,0,2,90,2,63,10.6555738235
38770,11428,11430,0,2,187,2,143,5.58015318702
38771,11428,10021,0,2,62,2,45,11.9785058742
38772,11428,11201,0,2,234,2,176,13.1229537541
38773,11428,11238,0,2,109,2,64,11.942312957
38774,11428,10016,0,2,162,2,110,12.5353591212
38775,11428,11218,0,2,26,2,19,13.3812949007
38776,11428,10301,0,2,45,2,32,19.520374464
38777,11428,10452,0,2,54,2,34,12.5445301498
38778,11428,10314,0,2,51,2,30,22.6230695984
38779,11428,10461,0,2,50,2,20,9.88956917536
38780,11428,11101,0,2,193,2,96,10.5289235028
38781,11428,10029,0,2,50,2,38,11.8124082126
38782,11428,10467,0,2,33,2,22,12.4717860745
38783,11428,11208,0,2,43,2,13,7.625230215
38784,11428,10024,0,2,101,2,71,13.1954888897
38785,11428,10005,0,2,65,2,41,14.0682103799
38786,11428,10030,0,2,39,2,26,12.587856644
38787,11428,10002,0,2,258,2,186,12.9026532276
38788,11428,11385,0,2,56,2,31,8.04402396168
38789,11428,11220,0,2,38,2,23,15.4030735227
38790,11428,11215,0,2,123,2,95,13.3333375168
38791,11428,10038,0,2,174,2,85,13.794291836
38792,11428,11217,0,2,92,2,71,12.6950235859
38793,11428,10462,0,2,104,2,58,10.4392960954
38794,11428,10040,0,2,80,2,27,13.7142031642
38795,11428,10457,0,2,28,2,16,12.0256070012
38796,11428,10017,0,2,277,2,161,12.3282269659
38797,11428,11433,0,2,18,2,12,2.91010088144
38798,11428,10308,0,2,8,2,8,24.4789405055
38799,11428,10468,0,2,52,2,30,13.1006032416
38800,11428,10111,0,2,15,2,13,12.7036237237
38801,11428,10309,0,2,23,2,15,28.0621857836
38802,11428,10034,0,2,68,2,33,13.8450086246
38803,11428,10028,0,2,89,2,53,11.8364184439
38804,11428,10035,0,2,65,2,32,11.5826796024
38805,11428,11228,0,2,10,2,8,15.8679270801
38806,11428,11105,0,2,25,2,19,9.53694992723
38807,11428,11355,0,2,26,2,18,4.57823451143
38808,11428,11209,0,2,49,2,28,16.5481407659
38809,11428,11213,0,2,35,2,20,10.7021233831
38810,11428,11369,0,2,12,2,8,7.3999671543
38811,11428,10031,0,2,64,2,45,13.123583303
38812,11428,11221,0,2,120,2,61,9.92014325506
38813,11428,11212,0,2,12,2,10,9.87529278938
38814,11428,11233,0,2,74,2,34,9.77392757559
38815,11428,11368,0,2,62,2,41,6.42564306122
38816,11428,11205,0,2,37,2,31,11.8968795051
38817,11428,10069,0,2,14,2,8,13.6281540302
38818,11428,11203,0,2,39,2,8,11.1990481919
38819,11428,10459,0,2,16,2,8,10.794712548
38820,11428,11219,0,2,6,2,4,14.6957980013
38821,11428,11434,0,2,32,2,16,3.52222375986
38822,11428,11230,0,2,11,2,5,13.4925831634
38823,11428,11373,0,2,53,2,27,7.2649234863
38824,11428,11362,0,2,8,2,5,2.77213269536
38825,11428,10305,0,2,11,2,8,19.4229288999
38826,11428,11104,0,2,8,2,6,9.49808214189
38827,11428,10004,0,2,168,2,99,15.8126416868
38828,11428,10275,0,2,13,2,7,13.0705996242
38829,11428,10118,0,2,4,2,3,13.0248134323
38830,11428,10026,0,2,57,2,43,12.5741325284
38831,11428,11235,0,2,19,2,14,14.4513531583
38832,11428,10469,0,2,44,2,12,11.6694684908
38833,11428,10281,0,2,31,2,24,14.373855309
38834,11428,11223,0,2,10,2,7,14.766436734
38835,11428,11379,0,2,33,2,13,7.24927032283
38836,11428,10465,0,2,37,2,16,8.32121585863
38837,11428,10455,0,2,20,2,11,10.9426077773
38838,11428,10466,0,2,16,2,11,13.0354758453
38839,11428,11239,0,2,4,2,2,8.86867491307
38840,11428,11207,0,2,86,2,31,8.7192009625
38841,11428,11367,0,2,35,2,17,4.25110621511
38842,11428,11106,0,2,21,2,19,10.3951017952
38843,11428,10471,0,2,19,2,15,15.1006025474
38844,11428,11234,0,2,50,2,15,11.7787805664
38845,11428,10167,0,2,11,2,4,12.4988805111
38846,11428,10453,0,2,21,2,16,12.8289759396
38847,11428,10451,0,2,20,2,12,11.7288618807
38848,11428,10033,0,2,86,2,31,13.4970851214
38849,11428,11354,0,2,38,2,25,5.50050021317
38850,11428,10463,0,2,36,2,16,14.1262533273
38851,11428,10169,0,2,4,2,4,12.5508422443
38852,11428,10456,0,2,21,2,12,11.5889173014
38853,11428,11420,0,2,8,2,7,5.02098275922
38854,11428,10153,0,2,6,2,5,12.5147541618
38855,11428,10307,0,2,6,2,3,30.1966374686
38856,11428,10306,0,2,17,2,8,22.3542877816
38857,11428,10165,0,2,2,2,2,12.6709613572
38858,11428,10303,0,2,11,2,7,22.9887053874
38859,11428,11224,0,2,22,2,13,16.4666921969
38860,11428,10304,0,2,8,2,5,19.8852663497
38861,11428,10458,0,2,34,2,31,12.6037798378
38862,11428,11414,0,2,13,2,7,6.84462408821
38863,11428,11204,0,2,9,2,8,14.5678106362
38864,11428,11372,0,2,16,2,11,7.79207587686
38865,11428,11357,0,2,9,2,6,5.70132498851
38866,11428,10044,0,2,9,2,8,11.2930065235
38867,11428,11229,0,2,27,2,14,13.4067646919
38868,11428,11236,0,2,15,2,9,10.1386004378
38869,11428,10302,0,2,5,2,5,21.6823088889
38870,11428,11422,0,2,11,2,8,3.97673621307
38871,11428,10312,0,2,4,2,2,25.9207067773
38872,11428,10310,0,2,27,2,6,20.5739336574
38873,11428,11429,0,2,8,2,6,0.778176088138
38874,11428,10152,0,2,2,2,2,12.4114625336
38875,11428,11214,0,2,10,2,6,15.780265376
38876,11428,11435,0,2,41,2,23,3.85470847689
38877,11428,10039,0,2,8,2,7,12.6187502607
38878,11428,10121,0,2,1,2,1,13.3127700098
38879,11428,11413,0,2,14,2,7,3.4802549665
38880,11428,10473,0,2,14,2,9,9.1830217056
38881,11428,10454,0,2,19,2,10,10.9322954865
38882,11428,11416,0,2,5,2,5,6.26008938919
38883,11428,10280,0,2,5,2,3,14.5447793789
38884,11428,11694,0,2,5,2,4,11.359221324
38885,11428,11358,0,2,6,2,4,4.01407294707
38886,11428,11421,0,2,4,2,4,6.46435405049
38887,11428,11412,0,2,4,2,4,1.84062092152
38888,11428,10174,0,2,2,2,2,12.4693131378
38889,11428,11417,0,2,3,2,3,6.24062761279
38890,11428,11427,0,2,5,2,4,0.665294560408
38891,11428,11411,0,2,4,2,2,1.84758664556
38892,11428,11374,0,2,10,2,9,6.28965189564
38893,11428,10096,0,2,2,2,2,13.0705996242
38894,11428,10006,0,2,19,2,18,14.3133872497
38895,11428,10037,0,2,15,2,10,12.0863922005
38896,11428,11370,0,2,8,2,4,8.37703294703
38897,11428,10475,0,2,15,2,11,11.7960510105
38898,11428,11225,0,2,17,2,13,11.9011481265
38899,11428,10282,0,2,10,2,9,14.3371957739
38900,11428,11426,1,2,12,2,5,1.35601018841
38901,11428,11378,0,2,18,2,7,8.48006176051
38902,11428,10107,0,2,1,2,1,13.0711138783
38903,11428,11251,0,2,4,2,3,11.8853596694
38904,11428,11436,0,2,6,2,3,4.30454089423
38905,11428,11360,0,2,10,2,5,4.63836594991
38906,11428,11356,0,2,2,2,2,7.02017347872
38907,11428,10474,0,2,8,2,7,10.0139609257
38908,11428,11697,0,2,1,2,1,14.1154904406
38909,11428,10172,0,2,2,2,2,12.4825906653
38910,11428,11691,0,2,4,2,3,8.33347521689
38911,11428,10470,0,2,6,2,4,13.9500796912
38912,11428,11366,0,2,7,2,5,2.85352813923
38913,11428,10041,0,2,2,2,2,14.1630930169
38914,11428,10278,0,2,1,2,1,13.7942160283
38915,11428,10106,0,2,4,2,1,12.9347379622
38916,11428,11428,2,2,2,2,2,0.0
38917,11428,10286,0,2,1,2,1,14.2139045043
38918,11428,10279,0,2,1,2,1,14.0420379836
38919,11428,10103,0,2,1,2,1,12.7338099916
38920,11428,10196,0,2,1,2,1,13.0705996242
38921,11428,10154,0,2,1,2,1,12.424899462
38922,11428,10119,0,2,2,2,2,13.3773271794
38923,11428,10464,0,2,5,2,4,9.78204840312
38924,11428,10166,0,2,2,2,2,12.5616800665
38925,11428,10203,0,2,1,2,1,13.0705996242
38926,11428,11359,0,2,2,2,2,5.35631888413
38927,11428,10177,0,2,1,2,1,12.5639868122
38928,11428,11040,0,2,1,2,1,3.63348072303
38929,11428,11364,0,2,2,2,2,2.08903819182
38930,11428,11692,0,2,2,2,2,9.22061026961
38931,11428,11423,0,2,1,2,1,1.46996024487
38932,11428,11415,0,2,2,2,2,4.73144122158
38933,11428,10175,0,2,2,2,1,12.7406905074
38934,10286,10012,0,1,445,1,357,1.07769893038
38935,10286,11222,0,1,110,1,71,3.5792488419
38936,10286,11231,0,1,65,1,44,2.49368979055
38937,10286,10019,0,1,637,1,440,3.81111021382
38938,10286,11102,0,1,35,1,30,6.03980169714
38939,10286,10003,0,1,493,1,400,1.72958833188
38940,10286,10020,0,1,143,1,116,3.48741308222
38941,10286,10018,0,1,339,1,256,2.98305276415
38942,10286,10001,0,1,670,1,468,2.64529386691
38943,10286,11365,0,1,21,1,9,11.664293354
38944,10286,10007,0,1,1780,1,1042,0.248614964247
38945,10286,10022,0,1,228,1,164,3.87596491323
38946,10286,10013,0,1,745,1,406,0.564366747294
38947,10286,10472,0,1,23,1,8,10.9950373174
38948,10286,11226,0,1,195,1,123,5.60526857542
38949,10286,10027,0,1,141,1,83,7.41942716726
38950,10286,11210,0,1,34,1,20,6.89990170055
38951,10286,11693,0,1,6,1,6,12.9384284486
38952,10286,11432,0,1,49,1,36,11.4803390652
38953,10286,11103,0,1,35,1,26,6.2770929755
38954,10286,11237,0,1,64,1,53,4.88691998842
38955,10286,10010,0,1,218,1,181,2.31966315294
38956,10286,10014,0,1,397,1,286,1.45518023246
38957,10286,10009,0,1,135,1,91,1.95849668378
38958,10286,10036,0,1,826,1,656,3.32564533882
38959,10286,11216,0,1,60,1,49,4.07747636673
38960,10286,11418,0,1,15,1,11,9.42258552729
38961,10286,11109,0,1,5,1,5,8.58820110207
38962,10286,11371,0,1,71,1,65,8.21451371039
38963,10286,10460,0,1,42,1,22,11.1383089602
38964,10286,10048,0,1,86,1,65,0.149313719303
38965,10286,10128,0,1,51,1,40,5.67596383868
38966,10286,11375,0,1,44,1,27,8.73008686873
38967,10286,10023,0,1,210,1,134,4.53301981818
38968,10286,11211,0,1,352,1,256,3.02921466945
38969,10286,10011,0,1,437,1,352,1.94858918909
38970,10286,10025,0,1,143,1,65,6.25233763983
38971,10286,10032,0,1,65,1,28,9.47409970397
38972,10286,11232,0,1,125,1,24,4.07375556012
38973,10286,11377,0,1,46,1,33,6.00997448879
38974,10286,11361,0,1,19,1,11,12.9387134567
38975,10286,11206,0,1,90,1,63,3.71551228116
38976,10286,11430,0,1,187,1,143,12.1792698674
38977,10286,10021,0,1,62,1,45,4.61209509061
38978,10286,11201,0,1,234,1,176,1.77355239537
38979,10286,11238,0,1,109,1,64,3.49889734928
38980,10286,10016,0,1,162,1,110,2.84652636021
38981,10286,11218,0,1,26,1,19,5.1654780517
38982,10286,10301,0,1,45,1,32,7.15006820812
38983,10286,10452,0,1,54,1,34,9.7922189976
38984,10286,10314,0,1,51,1,30,10.2196231301
38985,10286,10461,0,1,50,1,20,12.7227517278
38986,10286,11101,0,1,193,1,96,4.38423260832
38987,10286,10029,0,1,50,1,38,6.36695899904
38988,10286,10467,0,1,33,1,22,13.2204861436
38989,10286,11208,0,1,43,1,13,7.86383588301
38990,10286,10024,0,1,101,1,71,5.30338228611
38991,10286,10005,1,1,65,1,41,0.592777964241
38992,10286,10030,0,1,39,1,26,8.01821576487
38993,10286,10002,0,1,258,1,186,1.32136102395
38994,10286,11385,0,1,56,1,31,6.29817003973
38995,10286,11220,0,1,38,1,23,5.02704807392
38996,10286,11215,0,1,123,1,95,3.50734063804
38997,10286,10038,0,1,174,1,85,0.534937353161
38998,10286,11217,0,1,92,1,71,2.84940380553
38999,10286,10462,0,1,104,1,58,11.9406942856
39000,10286,10040,0,1,80,1,27,10.8857536304
39001,10286,10457,0,1,28,1,16,10.9049677788
39002,10286,10017,0,1,277,1,161,3.34164312579
39003,10286,11433,0,1,18,1,12,11.8546979566
39004,10286,10308,0,1,8,1,8,13.4077477386
39005,10286,10468,0,1,52,1,30,12.0927735002
39006,10286,10111,0,1,15,1,13,3.58542505968
39007,10286,10309,0,1,23,1,15,16.5493576547
39008,10286,10034,0,1,68,1,33,11.6319505493
39009,10286,10028,0,1,89,1,53,5.27503198864
39010,10286,10035,0,1,65,1,32,7.34102385294
39011,10286,11228,0,1,10,1,8,6.67026492363
39012,10286,11105,0,1,25,1,19,6.85855465745
39013,10286,11355,0,1,26,1,18,10.3919933621
39014,10286,11209,0,1,49,1,28,6.34425623713
39015,10286,11213,0,1,35,1,20,5.04076398007
39016,10286,11369,0,1,12,1,8,8.14385636563
39017,10286,10031,0,1,64,1,45,8.40562532137
39018,10286,11221,0,1,120,1,61,4.76329563224
39019,10286,11212,0,1,12,1,10,6.30268781849
39020,10286,11233,0,1,74,1,34,5.53531829977
39021,10286,11368,0,1,62,1,41,8.37142516674
39022,10286,11205,0,1,37,1,31,2.8101927716
39023,10286,10069,0,1,14,1,8,4.37274909554
39024,10286,11203,0,1,39,1,8,6.11401018175
39025,10286,10459,0,1,16,1,8,9.87954307661
39026,10286,11219,0,1,6,1,4,5.7023451015
39027,10286,11434,0,1,32,1,16,12.8524441419
39028,10286,11230,0,1,11,1,5,6.77455313314
39029,10286,11373,0,1,53,1,27,7.18667387673
39030,10286,11362,0,1,8,1,5,14.9591724195
39031,10286,10305,0,1,11,1,8,8.61420389731
39032,10286,11104,0,1,8,1,6,5.26213286382
39033,10286,10004,0,1,168,1,99,1.8538387139
39034,10286,10275,0,1,13,1,7,4.93833246302
39035,10286,10118,0,1,4,1,3,2.74531527094
39036,10286,10026,0,1,57,1,43,6.8116122773
39037,10286,11235,0,1,19,1,14,9.56617489798
39038,10286,10469,0,1,44,1,12,13.7110404853
39039,10286,10281,0,1,31,1,24,0.1633136753
39040,10286,11223,0,1,10,1,7,8.27628142826
39041,10286,11379,0,1,33,1,13,6.96544555348
39042,10286,10465,0,1,37,1,16,12.7737863112
39043,10286,10455,0,1,20,1,11,8.8749241527
39044,10286,10466,0,1,16,1,11,14.9478324679
39045,10286,11239,0,1,4,1,2,8.41793623287
39046,10286,11207,0,1,86,1,31,6.86551929752
39047,10286,11367,0,1,35,1,17,10.0472454932
39048,10286,11106,0,1,21,1,19,5.35615436317
39049,10286,10471,0,1,19,1,15,14.0743757313
39050,10286,11234,0,1,50,1,15,8.12935742556
39051,10286,10167,0,1,11,1,4,3.40893410192
39052,10286,10453,0,1,21,1,16,10.9127269997
39053,10286,10451,0,1,20,1,12,8.66529882572
39054,10286,10033,0,1,86,1,31,10.1223353435
39055,10286,11354,0,1,38,1,25,10.4882973275
39056,10286,10463,0,1,36,1,16,12.7489490004
39057,10286,10169,0,1,4,1,4,3.35330635529
39058,10286,10456,0,1,21,1,12,9.63552999304
39059,10286,11420,0,1,8,1,7,10.7515889252
39060,10286,10153,0,1,6,1,5,3.98846541553
39061,10286,10307,0,1,6,1,3,18.728608395
39062,10286,10306,0,1,17,1,8,11.4408995977
39063,10286,10165,0,1,2,1,2,3.14950656517
39064,10286,10303,0,1,11,1,7,9.83562856004
39065,10286,11224,0,1,22,1,13,9.55650652347
39066,10286,10304,0,1,8,1,5,8.40636966014
39067,10286,10458,0,1,34,1,31,12.1946528234
39068,10286,11414,0,1,13,1,7,9.66752229015
39069,10286,11204,0,1,9,1,8,6.72810040692
39070,10286,11372,0,1,16,1,11,7.13980745292
39071,10286,11357,0,1,9,1,6,11.687489825
39072,10286,10044,0,1,9,1,8,4.66715997159
39073,10286,11229,0,1,27,1,14,8.76062978659
39074,10286,11236,0,1,15,1,9,7.63008667347
39075,10286,10302,0,1,5,1,5,8.72843744414
39076,10286,11422,0,1,11,1,8,14.9676691851
39077,10286,10312,0,1,4,1,2,14.6318289048
39078,10286,10310,0,1,27,1,6,7.85708877783
39079,10286,11429,0,1,8,1,6,14.3320060664
39080,10286,10152,0,1,2,1,2,3.70299281491
39081,10286,11214,0,1,10,1,6,7.99468375412
39082,10286,11435,0,1,41,1,23,10.6537504986
39083,10286,10039,0,1,8,1,7,8.66427806784
39084,10286,10121,0,1,1,1,1,2.65942040649
39085,10286,11413,0,1,14,1,7,14.0153182703
39086,10286,10473,0,1,14,1,9,10.7787470976
39087,10286,10454,0,1,19,1,10,8.07701153641
39088,10286,11416,0,1,5,1,5,8.75065144062
39089,10286,10280,0,1,5,1,3,0.560331335686
39090,10286,11694,0,1,5,1,4,12.8550045713
39091,10286,11358,0,1,6,1,4,11.7670250729
39092,10286,11421,0,1,4,1,4,8.22633816871
39093,10286,11412,0,1,4,1,4,13.3066316937
39094,10286,10174,0,1,2,1,2,3.22286568662
39095,10286,11417,0,1,3,1,3,9.17498973618
39096,10286,11427,0,1,5,1,4,13.8972569803
39097,10286,11411,0,1,4,1,2,14.5716955685
39098,10286,11374,0,1,10,1,9,7.96165223559
39099,10286,10096,0,1,2,1,2,4.93833246302
39100,10286,10006,0,1,19,1,18,0.44385949026
39101,10286,10037,0,1,15,1,10,7.91202464289
39102,10286,11370,0,1,8,1,4,7.20508485059
39103,10286,10475,0,1,15,1,11,14.9717000249
39104,10286,11225,0,1,17,1,13,4.6315690803
39105,10286,10282,0,1,10,1,9,0.240257324801
39106,10286,11426,0,1,12,1,5,15.317465207
39107,10286,11378,0,1,18,1,7,5.77253680826
39108,10286,10107,0,1,1,1,1,3.91360120183
39109,10286,11251,0,1,4,1,3,5.92386555327
39110,10286,11436,0,1,6,1,3,11.626912655
39111,10286,11360,0,1,10,1,5,12.9949941921
39112,10286,11356,0,1,2,1,2,10.1043719832
39113,10286,10474,0,1,8,1,7,9.44493196922
39114,10286,11697,0,1,1,1,1,11.9295778825
39115,10286,10172,0,1,2,1,2,3.45912951623
39116,10286,11691,0,1,4,1,3,15.4223710528
39117,10286,10470,0,1,6,1,4,15.1082391766
39118,10286,11366,0,1,7,1,5,11.4154585973
39119,10286,10041,0,1,2,1,2,0.777861343265
39120,10286,10278,0,1,1,1,1,0.429625663683
39121,10286,10106,0,1,4,1,1,3.88791820443
39122,10286,11428,0,1,2,1,2,14.2139045043
39123,10286,10286,1,1,1,1,1,0.0
39124,10286,10279,0,1,1,1,1,0.192312876345
39125,10286,10103,0,1,1,1,1,3.68372485871
39126,10286,10196,0,1,1,1,1,4.93833246302
39127,10286,10154,0,1,1,1,1,3.65435253545
39128,10286,10119,0,1,2,1,2,2.71492439787
39129,10286,10464,0,1,5,1,4,15.2874014407
39130,10286,10166,0,1,2,1,2,3.35540078525
39131,10286,10203,0,1,1,1,1,4.93833246302
39132,10286,11359,0,1,2,1,2,13.4791871041
39133,10286,10177,0,1,1,1,1,3.40298546683
39134,10286,11040,0,1,1,1,1,17.588899388
39135,10286,11364,0,1,2,1,2,13.4141403241
39136,10286,11692,0,1,2,1,2,14.1121343682
39137,10286,11423,0,1,1,1,1,12.7929342855
39138,10286,11415,0,1,2,1,2,9.57832888938
39139,10286,10175,0,1,2,1,1,3.23844082625
39140,10279,10012,0,1,445,1,357,1.03948900846
39141,10279,11222,0,1,110,1,71,3.43034642237
39142,10279,11231,0,1,65,1,44,2.38526476487
39143,10279,10019,0,1,637,1,440,3.82792173006
39144,10279,11102,0,1,35,1,30,5.96263972414
39145,10279,10003,0,1,493,1,400,1.67891492647
39146,10279,10020,0,1,143,1,116,3.48048807247
39147,10279,10018,0,1,339,1,256,3.00851296869
39148,10279,10001,0,1,670,1,468,2.67571953745
39149,10279,11365,0,1,21,1,9,11.5040220316
39150,10279,10007,1,1,1780,1,1042,0.136857004194
39151,10279,10022,0,1,228,1,164,3.83954159269
39152,10279,10013,0,1,745,1,406,0.552723810363
39153,10279,10472,0,1,23,1,8,10.9360391775
39154,10279,11226,0,1,195,1,123,5.44554969875
39155,10279,10027,0,1,141,1,83,7.42557059028
39156,10279,11210,0,1,34,1,20,6.74292099527
39157,10279,11693,0,1,6,1,6,12.7517918604
39158,10279,11432,0,1,49,1,36,11.3061060219
39159,10279,11103,0,1,35,1,26,6.17510671547
39160,10279,11237,0,1,64,1,53,4.70235043359
39161,10279,10010,0,1,218,1,181,2.26867763182
39162,10279,10014,0,1,397,1,286,1.50402411745
39163,10279,10009,0,1,135,1,91,1.84564177039
39164,10279,10036,0,1,826,1,656,3.34713679349
39165,10279,11216,0,1,60,1,49,3.88829563388
39166,10279,11418,0,1,15,1,11,9.24012615839
39167,10279,11109,0,1,5,1,5,8.3967894549
39168,10279,11371,0,1,71,1,65,8.10272728813
39169,10279,10460,0,1,42,1,22,11.0952041552
39170,10279,10048,0,1,86,1,65,0.205612886721
39171,10279,10128,0,1,51,1,40,5.64628500316
39172,10279,11375,0,1,44,1,27,8.56029432193
39173,10279,10023,0,1,210,1,134,4.55433957264
39174,10279,11211,0,1,352,1,256,2.8518441209
39175,10279,10011,0,1,437,1,352,1.97897105479
39176,10279,10025,0,1,143,1,65,6.26619501069
39177,10279,10032,0,1,65,1,28,9.48241016535
39178,10279,11232,0,1,125,1,24,3.97970371976
39179,10279,11377,0,1,46,1,33,5.87322607904
39180,10279,11361,0,1,19,1,11,12.7920057693
39181,10279,11206,0,1,90,1,63,3.52768117691
39182,10279,11430,0,1,187,1,143,11.9873663337
39183,10279,10021,0,1,62,1,45,4.57923517189
39184,10279,11201,0,1,234,1,176,1.59782852802
39185,10279,11238,0,1,109,1,64,3.31590870565
39186,10279,10016,0,1,162,1,110,2.80478198477
39187,10279,11218,0,1,26,1,19,5.02831369535
39188,10279,10301,0,1,45,1,32,7.19415364859
39189,10279,10452,0,1,54,1,34,9.78122017862
39190,10279,10314,0,1,51,1,30,10.2822169008
39191,10279,10461,0,1,50,1,20,12.6554747423
39192,10279,11101,0,1,193,1,96,4.27441243035
39193,10279,10029,0,1,50,1,38,6.34233804566
39194,10279,10467,0,1,33,1,22,13.1898352817
39195,10279,11208,0,1,43,1,13,7.67188098319
39196,10279,10024,0,1,101,1,71,5.32247548147
39197,10279,10005,0,1,65,1,41,0.485982871005
39198,10279,10030,0,1,39,1,26,8.01461653163
39199,10279,10002,0,1,258,1,186,1.16529459013
39200,10279,11385,0,1,56,1,31,6.11535928505
39201,10279,11220,0,1,38,1,23,4.95665715796
39202,10279,11215,0,1,123,1,95,3.36689380763
39203,10279,10038,0,1,174,1,85,0.34826963287
39204,10279,11217,0,1,92,1,71,2.67835255656
39205,10279,10462,0,1,104,1,58,11.8843587527
39206,10279,10040,0,1,80,1,27,10.8912899754
39207,10279,10457,0,1,28,1,16,10.8792626487
39208,10279,10017,0,1,277,1,161,3.30159946028
39209,10279,11433,0,1,18,1,12,11.672986439
39210,10279,10308,0,1,8,1,8,13.43683503
39211,10279,10468,0,1,52,1,30,12.0794270179
39212,10279,10111,0,1,15,1,13,3.5731972672
39213,10279,10309,0,1,23,1,15,16.6001289874
39214,10279,10034,0,1,68,1,33,11.6347203825
39215,10279,10028,0,1,89,1,53,5.2441217215
39216,10279,10035,0,1,65,1,32,7.31270753273
39217,10279,11228,0,1,10,1,8,6.59161748485
39218,10279,11105,0,1,25,1,19,6.77128069322
39219,10279,11355,0,1,26,1,18,10.2419545455
39220,10279,11209,0,1,49,1,28,6.29263406912
39221,10279,11213,0,1,35,1,20,4.85247823584
39222,10279,11369,0,1,12,1,8,8.01944845953
39223,10279,10031,0,1,64,1,45,8.41327474119
39224,10279,11221,0,1,120,1,61,4.5718611033
39225,10279,11212,0,1,12,1,10,6.11332889353
39226,10279,11233,0,1,74,1,34,5.34325606356
39227,10279,11368,0,1,62,1,41,8.22629415937
39228,10279,11205,0,1,37,1,31,2.61855232366
39229,10279,10069,0,1,14,1,8,4.40997072716
39230,10279,11203,0,1,39,1,8,5.93682884928
39231,10279,10459,0,1,16,1,8,9.83411505263
39232,10279,11219,0,1,6,1,4,5.59972850623
39233,10279,11434,0,1,32,1,16,12.6648934105
39234,10279,11230,0,1,11,1,5,6.63639933564
39235,10279,11373,0,1,53,1,27,7.03393322547
39236,10279,11362,0,1,8,1,5,14.8060208139
39237,10279,10305,0,1,11,1,8,8.60921880834
39238,10279,11104,0,1,8,1,6,5.13451903013
39239,10279,10004,0,1,168,1,99,1.96053580463
39240,10279,10275,0,1,13,1,7,4.95266614925
39241,10279,10118,0,1,4,1,3,2.73767553794
39242,10279,10026,0,1,57,1,43,6.80990153262
39243,10279,11235,0,1,19,1,14,9.43205290142
39244,10279,10469,0,1,44,1,12,13.6652936721
39245,10279,10281,0,1,31,1,24,0.352695376626
39246,10279,11223,0,1,10,1,7,8.15563292866
39247,10279,11379,0,1,33,1,13,6.79291044776
39248,10279,10465,0,1,37,1,16,12.6843265809
39249,10279,10455,0,1,20,1,11,8.83304388994
39250,10279,10466,0,1,16,1,11,14.9140408057
39251,10279,11239,0,1,4,1,2,8.22818299321
39252,10279,11207,0,1,86,1,31,6.67323638449
39253,10279,11367,0,1,35,1,17,9.88207563625
39254,10279,11106,0,1,21,1,19,5.27107507661
39255,10279,10471,0,1,19,1,15,14.0790803974
39256,10279,11234,0,1,50,1,15,7.96248684912
39257,10279,10167,0,1,11,1,4,3.38131458017
39258,10279,10453,0,1,21,1,16,10.9016072462
39259,10279,10451,0,1,20,1,12,8.64055778099
39260,10279,10033,0,1,86,1,31,10.1286203931
39261,10279,11354,0,1,38,1,25,10.3545655313
39262,10279,10463,0,1,36,1,16,12.7483870115
39263,10279,10169,0,1,4,1,4,3.32761286332
39264,10279,10456,0,1,21,1,12,9.60598361333
39265,10279,11420,0,1,8,1,7,10.5620014476
39266,10279,10153,0,1,6,1,5,3.9721122889
39267,10279,10307,0,1,6,1,3,18.7822663048
39268,10279,10306,0,1,17,1,8,11.4571415368
39269,10279,10165,0,1,2,1,2,3.12670163826
39270,10279,10303,0,1,11,1,7,9.9295691215
39271,10279,11224,0,1,22,1,13,9.4583857476
39272,10279,10304,0,1,8,1,5,8.42335204621
39273,10279,10458,0,1,34,1,31,12.1723012352
39274,10279,11414,0,1,13,1,7,9.47525795712
39275,10279,11204,0,1,9,1,8,6.61399787508
39276,10279,11372,0,1,16,1,11,7.00550445663
39277,10279,11357,0,1,9,1,6,11.5631505915
39278,10279,10044,0,1,9,1,8,4.60479757617
39279,10279,11229,0,1,27,1,14,8.61437317292
39280,10279,11236,0,1,15,1,9,7.44635575162
39281,10279,10302,0,1,5,1,5,8.80893717725
39282,10279,11422,0,1,11,1,8,14.7790014377
39283,10279,10312,0,1,4,1,2,14.6712390864
39284,10279,10310,0,1,27,1,6,7.92206907773
39285,10279,11429,0,1,8,1,6,14.1557132387
39286,10279,10152,0,1,2,1,2,3.6764876832
39287,10279,11214,0,1,10,1,6,7.89805938349
39288,10279,11435,0,1,41,1,23,10.4727803636
39289,10279,10039,0,1,8,1,7,8.65934624823
39290,10279,10121,0,1,1,1,1,2.67153757053
39291,10279,11413,0,1,14,1,7,13.8275133611
39292,10279,10473,0,1,14,1,9,10.7042281472
39293,10279,10454,0,1,19,1,10,8.03406951642
39294,10279,11416,0,1,5,1,5,8.56177869919
39295,10279,10280,0,1,5,1,3,0.619618870325
39296,10279,11694,0,1,5,1,4,12.6779692871
39297,10279,11358,0,1,6,1,4,11.6217239505
39298,10279,11421,0,1,4,1,4,8.03950277317
39299,10279,11412,0,1,4,1,4,13.125861608
39300,10279,10174,0,1,2,1,2,3.18864334844
39301,10279,11417,0,1,3,1,3,8.98455655191
39302,10279,11427,0,1,5,1,4,13.7291615096
39303,10279,11411,0,1,4,1,2,14.3902913941
39304,10279,11374,0,1,10,1,9,7.7959987578
39305,10279,10096,0,1,2,1,2,4.95266614925
39306,10279,10006,0,1,19,1,18,0.43763711367
39307,10279,10037,0,1,15,1,10,7.89650510375
39308,10279,11370,0,1,8,1,4,7.09017016429
39309,10279,10475,0,1,15,1,11,14.9200867244
39310,10279,11225,0,1,17,1,13,4.45813001044
39311,10279,10282,0,1,10,1,9,0.414923114635
39312,10279,11426,0,1,12,1,5,15.1504576336
39313,10279,11378,0,1,18,1,7,5.60965462727
39314,10279,10107,0,1,1,1,1,3.92429107978
39315,10279,11251,0,1,4,1,3,5.75611142108
39316,10279,11436,0,1,6,1,3,11.4382613753
39317,10279,11360,0,1,10,1,5,12.8607851416
39318,10279,11356,0,1,2,1,2,9.99243374348
39319,10279,10474,0,1,8,1,7,9.38456704999
39320,10279,11697,0,1,1,1,1,11.779009971
39321,10279,10172,0,1,2,1,2,3.43165889219
39322,10279,11691,0,1,4,1,3,15.2310722176
39323,10279,10470,0,1,6,1,4,15.0866906986
39324,10279,11366,0,1,7,1,5,11.2476375711
39325,10279,10041,0,1,2,1,2,0.695993525895
39326,10279,10278,0,1,1,1,1,0.30414426587
39327,10279,10106,0,1,4,1,1,3.89159865057
39328,10279,11428,0,1,2,1,2,14.0420379836
39329,10279,10286,0,1,1,1,1,0.192312876345
39330,10279,10279,1,1,1,1,1,0.0
39331,10279,10103,0,1,1,1,1,3.67462149301
39332,10279,10196,0,1,1,1,1,4.95266614925
39333,10279,10154,0,1,1,1,1,3.62764298301
39334,10279,10119,0,1,2,1,2,2.73256942294
39335,10279,10464,0,1,5,1,4,15.2071216955
39336,10279,10166,0,1,2,1,2,3.330427145
39337,10279,10203,0,1,1,1,1,4.95266614925
39338,10279,11359,0,1,2,1,2,13.3527492327
39339,10279,10177,0,1,1,1,1,3.37920555646
39340,10279,11040,0,1,1,1,1,17.4249763696
39341,10279,11364,0,1,2,1,2,13.2560984448
39342,10279,11692,0,1,2,1,2,13.9237389509
39343,10279,11423,0,1,1,1,1,12.618739015
39344,10279,11415,0,1,2,1,2,9.40008038244
39345,10279,10175,0,1,2,1,1,3.2221518561
39346,10103,10012,0,1,445,1,357,2.6408412302
39347,10103,11222,0,1,110,1,71,2.92759223773
39348,10103,11231,0,1,65,1,44,5.81250257054
39349,10103,10019,1,1,637,1,440,0.524393112038
39350,10103,11102,0,1,35,1,30,2.88286925186
39351,10103,10003,1,1,493,1,400,2.05089509017
39352,10103,10020,0,1,143,1,116,0.199466275329
39353,10103,10018,0,1,339,1,256,0.907791637168
39354,10103,10001,1,1,670,1,468,1.20560710548
39355,10103,11365,0,1,21,1,9,9.86476223102
39356,10103,10007,0,1,1780,1,1042,3.53840307477
39357,10103,10022,1,1,228,1,164,0.567834545313
39358,10103,10013,1,1,745,1,406,3.12774686765
39359,10103,10472,0,1,23,1,8,7.47715250515
39360,10103,11226,0,1,195,1,123,8.06632866341
39361,10103,10027,0,1,141,1,83,3.76681356369
39362,10103,11210,0,1,34,1,20,9.33092289679
39363,10103,11693,0,1,6,1,6,14.0335997977
39364,10103,11432,0,1,49,1,36,10.2127787611
39365,10103,11103,0,1,35,1,26,3.51498509282
39366,10103,11237,0,1,64,1,53,5.00180868281
39367,10103,10010,0,1,218,1,181,1.52666906423
39368,10103,10014,0,1,397,1,286,2.31209124517
39369,10103,10009,0,1,135,1,91,2.33417507087
39370,10103,10036,0,1,826,1,656,0.654665423542
39371,10103,11216,0,1,60,1,49,5.76923580845
39372,10103,11418,0,1,15,1,11,8.70934480323
39373,10103,11109,0,1,5,1,5,9.42012614493
39374,10103,11371,0,1,71,1,65,5.44581480022
39375,10103,10460,0,1,42,1,22,7.52545863701
39376,10103,10048,1,1,86,1,65,3.82310611436
39377,10103,10128,0,1,51,1,40,2.0422349265
39378,10103,11375,0,1,44,1,27,7.46860999145
39379,10103,10023,0,1,210,1,134,1.08007660761
39380,10103,11211,1,1,352,1,256,3.58918387494
39381,10103,10011,1,1,437,1,352,1.80327830026
39382,10103,10025,0,1,143,1,65,2.64345659379
39383,10103,10032,0,1,65,1,28,5.8244463463
39384,10103,11232,0,1,125,1,24,7.40597136171
39385,10103,11377,0,1,46,1,33,4.08189866775
39386,10103,11361,0,1,19,1,11,10.700679151
39387,10103,11206,1,1,90,1,63,4.43861099424
39388,10103,11430,0,1,187,1,143,12.2288277786
39389,10103,10021,0,1,62,1,45,1.04954545801
39390,10103,11201,0,1,234,1,176,4.56670081485
39391,10103,11238,0,1,109,1,64,5.63075468769
39392,10103,10016,1,1,162,1,110,1.01684691729
39393,10103,11218,0,1,26,1,19,8.02991493742
39394,10103,10301,0,1,45,1,32,10.8083281693
39395,10103,10452,0,1,54,1,34,6.1086156936
39396,10103,10314,0,1,51,1,30,13.8194616388
39397,10103,10461,0,1,50,1,20,9.25449782852
39398,10103,11101,0,1,193,1,96,2.30126459225
39399,10103,10029,0,1,50,1,38,2.70451017374
39400,10103,10467,0,1,33,1,22,9.55918382352
39401,10103,11208,0,1,43,1,13,8.22711768216
39402,10103,10024,0,1,101,1,71,1.75809605329
39403,10103,10005,0,1,65,1,41,4.11708604406
39404,10103,10030,0,1,39,1,26,4.34070898265
39405,10103,10002,0,1,258,1,186,3.06533983743
39406,10103,11385,0,1,56,1,31,5.98655213927
39407,10103,11220,0,1,38,1,23,8.481022852
39408,10103,11215,0,1,123,1,95,6.45812678978
39409,10103,10038,0,1,174,1,85,3.78601872554
39410,10103,11217,0,1,92,1,71,5.43911086338
39411,10103,10462,0,1,104,1,58,8.3979487937
39412,10103,10040,0,1,80,1,27,7.22626169735
39413,10103,10457,0,1,28,1,16,7.23460663611
39414,10103,10017,0,1,277,1,161,0.670480464667
39415,10103,11433,0,1,18,1,12,10.9426407279
39416,10103,10308,0,1,8,1,8,17.0841287063
39417,10103,10468,0,1,52,1,30,8.40908981162
39418,10103,10111,0,1,15,1,13,0.116043412199
39419,10103,10309,0,1,23,1,15,20.1798524447
39420,10103,10034,0,1,68,1,33,7.96527095351
39421,10103,10028,0,1,89,1,53,1.65843159151
39422,10103,10035,0,1,65,1,32,3.68534967804
39423,10103,11228,0,1,10,1,8,10.0498995205
39424,10103,11105,0,1,25,1,19,3.77756035984
39425,10103,11355,0,1,26,1,18,8.35115493414
39426,10103,11209,0,1,49,1,28,9.87759191923
39427,10103,11213,0,1,35,1,20,6.61109021381
39428,10103,11369,0,1,12,1,8,5.63338270316
39429,10103,10031,0,1,64,1,45,4.75573193274
39430,10103,11221,0,1,120,1,61,5.51557541763
39431,10103,11212,0,1,12,1,10,7.60921477949
39432,10103,11233,0,1,74,1,34,6.57725132661
39433,10103,11368,0,1,62,1,41,6.3409582953
39434,10103,11205,0,1,37,1,31,4.64951591789
39435,10103,10069,0,1,14,1,8,1.20419532449
39436,10103,11203,0,1,39,1,8,8.06901789932
39437,10103,10459,0,1,16,1,8,6.28438387261
39438,10103,11219,0,1,6,1,4,8.91716202223
39439,10103,11434,0,1,32,1,16,12.2981320983
39440,10103,11230,0,1,11,1,5,9.54351511324
39441,10103,11373,0,1,53,1,27,5.51106806129
39442,10103,11362,0,1,8,1,5,12.8355513893
39443,10103,10305,0,1,11,1,8,12.2821725002
39444,10103,11104,0,1,8,1,6,3.28232940294
39445,10103,10004,0,1,168,1,99,5.40096940435
39446,10103,10275,0,1,13,1,7,1.36919100484
39447,10103,10118,0,1,4,1,3,0.938418958647
39448,10103,10026,0,1,57,1,43,3.13807096789
39449,10103,11235,0,1,19,1,14,12.3071348306
39450,10103,10469,0,1,44,1,12,10.1026985551
39451,10103,10281,0,1,31,1,24,3.7400317279
39452,10103,11223,0,1,10,1,7,11.235435699
39453,10103,11379,0,1,33,1,13,6.03112726605
39454,10103,10465,0,1,37,1,16,9.52345225256
39455,10103,10455,0,1,20,1,11,5.26776805466
39456,10103,10466,0,1,16,1,11,11.2933568463
39457,10103,11239,0,1,4,1,2,9.48068539489
39458,10103,11207,0,1,86,1,31,7.60736064136
39459,10103,11367,0,1,35,1,17,8.50516190622
39460,10103,11106,0,1,21,1,19,2.43460583991
39461,10103,10471,0,1,19,1,15,10.4113136856
39462,10103,11234,0,1,50,1,15,10.2574041194
39463,10103,10167,0,1,11,1,4,0.444527931395
39464,10103,10453,0,1,21,1,16,7.22913047582
39465,10103,10451,0,1,20,1,12,4.99574807109
39466,10103,10033,0,1,86,1,31,6.46557679554
39467,10103,11354,0,1,38,1,25,8.0361060664
39468,10103,10463,0,1,36,1,16,9.07549004448
39469,10103,10169,0,1,4,1,4,0.455005115039
39470,10103,10456,0,1,21,1,12,5.97625180507
39471,10103,11420,0,1,8,1,7,10.5023610489
39472,10103,10153,0,1,6,1,5,0.334111232448
39473,10103,10307,0,1,6,1,3,22.3481652056
39474,10103,10306,0,1,17,1,8,15.1246140176
39475,10103,10165,0,1,2,1,2,0.593296409468
39476,10103,10303,0,1,11,1,7,13.274972216
39477,10103,11224,0,1,22,1,13,12.7396711193
39478,10103,10304,0,1,8,1,5,12.0900780708
39479,10103,10458,0,1,34,1,31,8.51775485694
39480,10103,11414,0,1,13,1,7,10.0112716251
39481,10103,11204,0,1,9,1,8,9.80294241823
39482,10103,11372,0,1,16,1,11,4.9631128506
39483,10103,11357,0,1,9,1,6,8.99392486593
39484,10103,10044,0,1,9,1,8,1.50726320619
39485,10103,11229,0,1,27,1,14,11.3198772092
39486,10103,11236,0,1,15,1,9,9.17619163475
39487,10103,10302,0,1,5,1,5,12.2554857221
39488,10103,11422,0,1,11,1,8,14.4389878112
39489,10103,10312,0,1,4,1,2,18.2920185249
39490,10103,10310,0,1,27,1,6,11.4563872741
39491,10103,11429,0,1,8,1,6,13.0401938271
39492,10103,10152,0,1,2,1,2,0.335000938345
39493,10103,11214,0,1,10,1,6,11.2139501235
39494,10103,11435,0,1,41,1,23,9.76658759396
39495,10103,10039,0,1,8,1,7,4.9848671966
39496,10103,10121,0,1,1,1,1,1.071426442
39497,10103,11413,0,1,14,1,7,13.438005658
39498,10103,10473,0,1,14,1,9,7.39553137717
39499,10103,10454,0,1,19,1,10,4.48255060607
39500,10103,11416,0,1,5,1,5,8.574388243
39501,10103,10280,0,1,5,1,3,4.24249471097
39502,10103,11694,0,1,5,1,4,14.4587025476
39503,10103,11358,0,1,6,1,4,9.53500797904
39504,10103,11421,0,1,4,1,4,7.92207774829
39505,10103,11412,0,1,4,1,4,12.2773243978
39506,10103,10174,0,1,2,1,2,0.654302415743
39507,10103,11417,0,1,3,1,3,9.13964438419
39508,10103,11427,0,1,5,1,4,12.2808870273
39509,10103,11411,0,1,4,1,2,13.5330061268
39510,10103,11374,0,1,10,1,9,6.62059866401
39511,10103,10096,0,1,2,1,2,1.36919100484
39512,10103,10006,0,1,19,1,18,4.10681365957
39513,10103,10037,0,1,15,1,10,4.22960474103
39514,10103,11370,0,1,8,1,4,4.58421693682
39515,10103,10475,0,1,15,1,11,11.3892878173
39516,10103,11225,0,1,17,1,13,6.86856614509
39517,10103,10282,0,1,10,1,9,3.57401288294
39518,10103,11426,0,1,12,1,5,13.6195099441
39519,10103,11378,0,1,18,1,7,4.6910464358
39520,10103,10107,0,1,1,1,1,0.458546378077
39521,10103,11251,0,1,4,1,3,8.17526230179
39522,10103,11436,0,1,6,1,3,11.2307933771
39523,10103,11360,0,1,10,1,5,10.4632013035
39524,10103,11356,0,1,2,1,2,7.24025273924
39525,10103,10474,0,1,8,1,7,5.95405904423
39526,10103,11697,0,1,1,1,1,14.3177879296
39527,10103,10172,0,1,2,1,2,0.413976135012
39528,10103,11691,0,1,4,1,3,15.9585118567
39529,10103,10470,0,1,6,1,4,11.4294809659
39530,10103,11366,0,1,7,1,5,9.89069784141
39531,10103,10041,0,1,2,1,2,4.33715726398
39532,10103,10278,0,1,1,1,1,3.40611108805
39533,10103,10106,0,1,4,1,1,0.328062734786
39534,10103,11428,0,1,2,1,2,12.7338099916
39535,10103,10286,0,1,1,1,1,3.68372485871
39536,10103,10279,0,1,1,1,1,3.67462149301
39537,10103,10103,1,1,1,1,1,0.0
39538,10103,10196,0,1,1,1,1,1.36919100484
39539,10103,10154,0,1,1,1,1,0.338699019236
39540,10103,10119,0,1,2,1,2,1.05244342552
39541,10103,10464,0,1,5,1,4,11.915575983
39542,10103,10166,0,1,2,1,2,0.444495277007
39543,10103,10203,0,1,1,1,1,1.36919100484
39544,10103,11359,0,1,2,1,2,10.7779560262
39545,10103,10177,0,1,1,1,1,0.395284033988
39546,10103,11040,0,1,1,1,1,15.7338621003
39547,10103,11364,0,1,2,1,2,11.4763228851
39548,10103,11692,0,1,2,1,2,15.0309269474
39549,10103,11423,0,1,1,1,1,11.4629106121
39550,10103,11415,0,1,2,1,2,8.62179882019
39551,10103,10175,0,1,2,1,1,0.467237937449
39552,10196,10012,0,1,445,1,357,3.94037253462
39553,10196,11222,0,1,110,1,71,4.10659616434
39554,10196,11231,0,1,65,1,44,7.1596926884
39555,10196,10019,0,1,637,1,440,1.12765762875
39556,10196,11102,0,1,35,1,30,2.83347758962
39557,10196,10003,0,1,493,1,400,3.38950775284
39558,10196,10020,0,1,143,1,116,1.53228193104
39559,10196,10018,0,1,339,1,256,1.96312776365
39560,10196,10001,0,1,670,1,468,2.30612178778
39561,10196,11365,0,1,21,1,9,10.1301322578
39562,10196,10007,0,1,1780,1,1042,4.8189012258
39563,10196,10022,0,1,228,1,164,1.58657220392
39564,10196,10013,0,1,745,1,406,4.40005523599
39565,10196,10472,0,1,23,1,8,6.65160095621
39566,10196,11226,0,1,195,1,123,9.41832390772
39567,10196,10027,0,1,141,1,83,2.49075012252
39568,10196,11210,0,1,34,1,20,10.6741571511
39569,10196,11693,0,1,6,1,6,15.1388052724
39570,10196,11432,0,1,49,1,36,10.6912642549
39571,10196,11103,0,1,35,1,26,3.68676348423
39572,10196,11237,0,1,64,1,53,6.12777163824
39573,10196,10010,0,1,218,1,181,2.89072459884
39574,10196,10014,0,1,397,1,286,3.50275920487
39575,10196,10009,0,1,135,1,91,3.70333965205
39576,10196,10036,1,1,826,1,656,1.6167019829
39577,10196,11216,0,1,60,1,49,7.08929748523
39578,10196,11418,0,1,15,1,11,9.43251120359
39579,10196,11109,0,1,5,1,5,10.5309288991
39580,10196,11371,0,1,71,1,65,5.38866308574
39581,10196,10460,0,1,42,1,22,6.55920501738
39582,10196,10048,0,1,86,1,65,5.0833037048
39583,10196,10128,0,1,51,1,40,1.40749434742
39584,10196,11375,0,1,44,1,27,8.0487476444
39585,10196,10023,0,1,210,1,134,0.437532527592
39586,10196,11211,0,1,352,1,256,4.88798840774
39587,10196,10011,0,1,437,1,352,2.99458692556
39588,10196,10025,0,1,143,1,65,1.3140348625
39589,10196,10032,0,1,65,1,28,4.5382874706
39590,10196,11232,0,1,125,1,24,8.75987434239
39591,10196,11377,0,1,46,1,33,4.65493538959
39592,10196,11361,0,1,19,1,11,10.7316417884
39593,10196,11206,0,1,90,1,63,5.70168171647
39594,10196,11430,0,1,187,1,143,13.0986166961
39595,10196,10021,0,1,62,1,45,1.22244104706
39596,10196,11201,0,1,234,1,176,5.9302191401
39597,10196,11238,0,1,109,1,64,6.98430544028
39598,10196,10016,0,1,162,1,110,2.3855939109
39599,10196,11218,0,1,26,1,19,9.39826013695
39600,10196,10301,0,1,45,1,32,11.9794035478
39601,10196,10452,0,1,54,1,34,4.92765216737
39602,10196,10314,0,1,51,1,30,14.9212679151
39603,10196,10461,0,1,50,1,20,8.45587295385
39604,10196,11101,0,1,193,1,96,3.15729156345
39605,10196,10029,0,1,50,1,38,1.81015400666
39606,10196,10467,0,1,33,1,22,8.47415464267
39607,10196,11208,0,1,43,1,13,9.26459532223
39608,10196,10024,0,1,101,1,71,0.388931412441
39609,10196,10005,0,1,65,1,41,5.41358242606
39610,10196,10030,0,1,39,1,26,3.12693458987
39611,10196,10002,0,1,258,1,186,4.42631793206
39612,10196,11385,0,1,56,1,31,6.95136698822
39613,10196,11220,0,1,38,1,23,9.8239236295
39614,10196,11215,0,1,123,1,95,7.82652353487
39615,10196,10038,0,1,174,1,85,5.09720787977
39616,10196,11217,0,1,92,1,71,6.80793821632
39617,10196,10462,0,1,104,1,58,7.52339581058
39618,10196,10040,0,1,80,1,27,5.95302852284
39619,10196,10457,0,1,28,1,16,6.14045611347
39620,10196,10017,0,1,277,1,161,1.98941896999
39621,10196,11433,0,1,18,1,12,11.5345393563
39622,10196,10308,0,1,8,1,8,18.274037329
39623,10196,10468,0,1,52,1,30,7.22733083622
39624,10196,10111,0,1,15,1,13,1.48496621042
39625,10196,10309,0,1,23,1,15,21.2976180264
39626,10196,10034,0,1,68,1,33,6.70393556979
39627,10196,10028,0,1,89,1,53,1.24139926007
39628,10196,10035,0,1,65,1,32,2.730731114
39629,10196,11228,0,1,10,1,8,11.4051262481
39630,10196,11105,0,1,25,1,19,3.64461639762
39631,10196,11355,0,1,26,1,18,8.55432642023
39632,10196,11209,0,1,49,1,28,11.2084632706
39633,10196,11213,0,1,35,1,20,7.90041692688
39634,10196,11369,0,1,12,1,8,5.73056204639
39635,10196,10031,0,1,64,1,45,3.47160195907
39636,10196,11221,0,1,120,1,61,6.72806582526
39637,10196,11212,0,1,12,1,10,8.84205266409
39638,10196,11233,0,1,74,1,34,7.79592863885
39639,10196,11368,0,1,62,1,41,6.65130376974
39640,10196,11205,0,1,37,1,31,6.00380613639
39641,10196,10069,0,1,14,1,8,0.787691912824
39642,10196,11203,0,1,39,1,8,9.37794254713
39643,10196,10459,0,1,16,1,8,5.37258593933
39644,10196,11219,0,1,6,1,4,10.2822336006
39645,10196,11434,0,1,32,1,16,12.9837936958
39646,10196,11230,0,1,11,1,5,10.9066653482
39647,10196,11373,0,1,53,1,27,6.04675316429
39648,10196,11362,0,1,8,1,5,12.8805971625
39649,10196,10305,0,1,11,1,8,13.5520214958
39650,10196,11104,0,1,8,1,6,3.95785668194
39651,10196,10004,0,1,168,1,99,6.55191311085
39652,10196,10275,0,1,13,1,7,0.0
39653,10196,10118,0,1,4,1,3,2.2445470517
39654,10196,10026,0,1,57,1,43,1.92739062389
39655,10196,11235,0,1,19,1,14,13.6635491855
39656,10196,10469,0,1,44,1,12,9.1157474716
39657,10196,10281,0,1,31,1,24,4.97377146569
39658,10196,11223,0,1,10,1,7,12.6030007008
39659,10196,11379,0,1,33,1,13,6.80862057042
39660,10196,10465,0,1,37,1,16,8.9285050526
39661,10196,10455,0,1,20,1,11,4.3635284813
39662,10196,10466,0,1,16,1,11,10.2155456986
39663,10196,11239,0,1,4,1,2,10.6358831265
39664,10196,11207,0,1,86,1,31,8.74306360187
39665,10196,11367,0,1,35,1,17,8.92852596981
39666,10196,11106,0,1,21,1,19,2.72442446974
39667,10196,10471,0,1,19,1,15,9.14140768028
39668,10196,11234,0,1,50,1,15,11.5658415366
39669,10196,10167,0,1,11,1,4,1.79024995686
39670,10196,10453,0,1,21,1,16,6.04090568462
39671,10196,10451,0,1,20,1,12,3.93902463345
39672,10196,10033,0,1,86,1,31,5.18893828617
39673,10196,11354,0,1,38,1,25,8.03368033291
39674,10196,10463,0,1,36,1,16,7.82796800334
39675,10196,10169,0,1,4,1,4,1.8149032877
39676,10196,10456,0,1,21,1,12,4.93388404614
39677,10196,11420,0,1,8,1,7,11.3195053369
39678,10196,10153,0,1,6,1,5,1.19719694048
39679,10196,10307,0,1,6,1,3,23.4512321096
39680,10196,10306,0,1,17,1,8,16.3494767857
39681,10196,10165,0,1,2,1,2,1.96154710664
39682,10196,10303,0,1,11,1,7,14.268306796
39683,10196,11224,0,1,22,1,13,14.1082402458
39684,10196,10304,0,1,8,1,5,13.3175174289
39685,10196,10458,0,1,34,1,31,7.38849022318
39686,10196,11414,0,1,13,1,7,10.9997255981
39687,10196,11204,0,1,9,1,8,11.1720564904
39688,10196,11372,0,1,16,1,11,5.30945498578
39689,10196,11357,0,1,9,1,6,8.81340524795
39690,10196,10044,0,1,9,1,8,1.95002283189
39691,10196,11229,0,1,27,1,14,12.665467746
39692,10196,11236,0,1,15,1,9,10.418234404
39693,10196,10302,0,1,5,1,5,13.3099056711
39694,10196,11422,0,1,11,1,8,15.0996621974
39695,10196,10312,0,1,4,1,2,19.4502518355
39696,10196,10310,0,1,27,1,6,12.5675550301
39697,10196,11429,0,1,8,1,6,13.4474467781
39698,10196,10152,0,1,2,1,2,1.54965548739
39699,10196,11214,0,1,10,1,6,12.5809339642
39700,10196,11435,0,1,41,1,23,10.39774879
39701,10196,10039,0,1,8,1,7,3.77413652113
39702,10196,10121,0,1,1,1,1,2.28120226497
39703,10196,11413,0,1,14,1,7,14.0970248952
39704,10196,10473,0,1,14,1,9,6.72606636125
39705,10196,10454,0,1,19,1,10,3.63707780362
39706,10196,11416,0,1,5,1,5,9.46428660066
39707,10196,10280,0,1,5,1,3,5.48772382101
39708,10196,11694,0,1,5,1,4,15.6610785344
39709,10196,11358,0,1,6,1,4,9.6005256539
39710,10196,11421,0,1,4,1,4,8.79847832347
39711,10196,11412,0,1,4,1,4,12.7985262568
39712,10196,10174,0,1,2,1,2,2.0104398094
39713,10196,11417,0,1,3,1,3,10.0514264754
39714,10196,11427,0,1,5,1,4,12.5689469668
39715,10196,11411,0,1,4,1,2,14.0287177077
39716,10196,11374,0,1,10,1,9,7.21526807103
39717,10196,10096,0,1,2,1,2,0.0
39718,10196,10006,0,1,19,1,18,5.37437222958
39719,10196,10037,0,1,15,1,10,3.11421440198
39720,10196,11370,0,1,8,1,4,4.70804964797
39721,10196,10475,0,1,15,1,11,10.4305589465
39722,10196,11225,0,1,17,1,13,8.21483272115
39723,10196,10282,0,1,10,1,9,4.80029410874
39724,10196,11426,0,1,12,1,5,13.8486101379
39725,10196,11378,0,1,18,1,7,5.52760631183
39726,10196,10107,0,1,1,1,1,1.03019396084
39727,10196,11251,0,1,4,1,3,9.51128787782
39728,10196,11436,0,1,6,1,3,11.9875910775
39729,10196,11360,0,1,10,1,5,10.3400309933
39730,10196,11356,0,1,2,1,2,7.01079277068
39731,10196,10474,0,1,8,1,7,5.20661276689
39732,10196,11697,0,1,1,1,1,15.6376175002
39733,10196,10172,0,1,2,1,2,1.74860450091
39734,10196,11691,0,1,4,1,3,16.9144069971
39735,10196,10470,0,1,6,1,4,10.2798474547
39736,10196,11366,0,1,7,1,5,10.2747263149
39737,10196,10041,0,1,2,1,2,5.63340276726
39738,10196,10278,0,1,1,1,1,4.7019781413
39739,10196,10106,0,1,4,1,1,1.08364380343
39740,10196,11428,0,1,2,1,2,13.0705996242
39741,10196,10286,0,1,1,1,1,4.93833246302
39742,10196,10279,0,1,1,1,1,4.95266614925
39743,10196,10103,0,1,1,1,1,1.36919100484
39744,10196,10196,1,1,1,1,1,0.0
39745,10196,10154,0,1,1,1,1,1.58858549871
39746,10196,10119,0,1,2,1,2,2.22341453155
39747,10196,10464,0,1,5,1,4,11.1794443674
39748,10196,10166,0,1,2,1,2,1.80579537384
39749,10196,10203,0,1,1,1,1,0.0
39750,10196,11359,0,1,2,1,2,10.5473962572
39751,10196,10177,0,1,1,1,1,1.75402386185
39752,10196,11040,0,1,1,1,1,15.8637775205
39753,10196,11364,0,1,2,1,2,11.6371030253
39754,10196,11692,0,1,2,1,2,16.0883191151
39755,10196,11423,0,1,1,1,1,11.8860611815
39756,10196,11415,0,1,2,1,2,9.26550621658
39757,10196,10175,0,1,2,1,1,1.82994166115
39758,10154,10012,0,1,445,1,357,2.58816086469
39759,10154,11222,0,1,110,1,71,2.60762127558
39760,10154,11231,0,1,65,1,44,5.6846072232
39761,10154,10019,0,1,637,1,440,0.862891795462
39762,10154,11102,0,1,35,1,30,2.68278346645
39763,10154,10003,0,1,493,1,400,1.96386342945
39764,10154,10020,0,1,143,1,116,0.39996540244
39765,10154,10018,0,1,339,1,256,1.10424380998
39766,10154,10001,0,1,670,1,468,1.34809550639
39767,10154,11365,0,1,21,1,9,9.56665838686
39768,10154,10007,0,1,1780,1,1042,3.49078658675
39769,10154,10022,1,1,228,1,164,0.289552715287
39770,10154,10013,0,1,745,1,406,3.09148015093
39771,10154,10472,0,1,23,1,8,7.40576291526
39772,10154,11226,0,1,195,1,123,7.83051229637
39773,10154,10027,0,1,141,1,83,3.8853000256
39774,10154,11210,0,1,34,1,20,9.08561730362
39775,10154,11693,0,1,6,1,6,13.7101228089
39776,10154,11432,0,1,49,1,36,9.89172814136
39777,10154,11103,0,1,35,1,26,3.25860636211
39778,10154,11237,0,1,64,1,53,4.67701390455
39779,10154,10010,0,1,218,1,181,1.39808630746
39780,10154,10014,0,1,397,1,286,2.34812401162
39781,10154,10009,0,1,135,1,91,2.15460038471
39782,10154,10036,0,1,826,1,656,0.925266044309
39783,10154,11216,0,1,60,1,49,5.50524227151
39784,10154,11418,0,1,15,1,11,8.37329927578
39785,10154,11109,0,1,5,1,5,9.09621025524
39786,10154,11371,0,1,71,1,65,5.21092755492
39787,10154,10460,0,1,42,1,22,7.49690050048
39788,10154,10048,0,1,86,1,65,3.78833940732
39789,10154,10128,0,1,51,1,40,2.02181238047
39790,10154,11375,0,1,44,1,27,7.14162737898
39791,10154,10023,0,1,210,1,134,1.35917485285
39792,10154,11211,0,1,352,1,256,3.31092659375
39793,10154,10011,0,1,437,1,352,1.85656173743
39794,10154,10025,0,1,143,1,65,2.80594043873
39795,10154,10032,0,1,65,1,28,5.93545423749
39796,10154,11232,0,1,125,1,24,7.26473818599
39797,10154,11377,0,1,46,1,33,3.7630522873
39798,10154,11361,0,1,19,1,11,10.43414207
39799,10154,11206,0,1,90,1,63,4.14540642941
39800,10154,11430,1,1,187,1,143,11.8903076486
39801,10154,10021,0,1,62,1,45,0.964062254989
39802,10154,11201,0,1,234,1,176,4.41127546905
39803,10154,11238,0,1,109,1,64,5.39732055965
39804,10154,10016,0,1,162,1,110,0.854577464114
39805,10154,11218,0,1,26,1,19,7.82908083758
39806,10154,10301,0,1,45,1,32,10.8010526399
39807,10154,10452,0,1,54,1,34,6.16601268945
39808,10154,10314,0,1,51,1,30,13.8407487433
39809,10154,10461,0,1,50,1,20,9.16905825639
39810,10154,11101,0,1,193,1,96,1.96724351509
39811,10154,10029,0,1,50,1,38,2.71469527483
39812,10154,10467,0,1,33,1,22,9.5661418028
39813,10154,11208,0,1,43,1,13,7.89499667705
39814,10154,10024,0,1,101,1,71,1.97342221654
39815,10154,10005,0,1,65,1,41,4.05108511115
39816,10154,10030,0,1,39,1,26,4.424300341
39817,10154,10002,0,1,258,1,186,2.92377401817
39818,10154,11385,0,1,56,1,31,5.6493050082
39819,10154,11220,0,1,38,1,23,8.35421201029
39820,10154,11215,0,1,123,1,95,6.27998944486
39821,10154,10038,0,1,174,1,85,3.70891607207
39822,10154,11217,0,1,92,1,71,5.24400334632
39823,10154,10462,0,1,104,1,58,8.33738437686
39824,10154,10040,0,1,80,1,27,7.32507697134
39825,10154,10457,0,1,28,1,16,7.25202321438
39826,10154,10017,0,1,277,1,161,0.402522567418
39827,10154,11433,0,1,18,1,12,10.6125501594
39828,10154,10308,0,1,8,1,8,17.0614851829
39829,10154,10468,0,1,52,1,30,8.45868598672
39830,10154,10111,0,1,15,1,13,0.280131912489
39831,10154,10309,0,1,23,1,15,20.1898863734
39832,10154,10034,0,1,68,1,33,8.05546051679
39833,10154,10028,0,1,89,1,53,1.62184520808
39834,10154,10035,0,1,65,1,32,3.68675162421
39835,10154,11228,0,1,10,1,8,9.90374012653
39836,10154,11105,0,1,25,1,19,3.57521336861
39837,10154,11355,0,1,26,1,18,8.06353032688
39838,10154,11209,0,1,49,1,28,9.76314349522
39839,10154,11213,0,1,35,1,20,6.33059378535
39840,10154,11369,0,1,12,1,8,5.37064775738
39841,10154,10031,0,1,64,1,45,4.87080191875
39842,10154,11221,0,1,120,1,61,5.20800896953
39843,10154,11212,0,1,12,1,10,7.30873185409
39844,10154,11233,0,1,74,1,34,6.27221076564
39845,10154,11368,0,1,62,1,41,6.04408483837
39846,10154,11205,0,1,37,1,31,4.4174428011
39847,10154,10069,0,1,14,1,8,1.52698495053
39848,10154,11203,0,1,39,1,8,7.79898031469
39849,10154,10459,0,1,16,1,8,6.24488321649
39850,10154,11219,0,1,6,1,4,8.75068296361
39851,10154,11434,0,1,32,1,16,11.9626883173
39852,10154,11230,0,1,11,1,5,9.32515864533
39853,10154,11373,0,1,53,1,27,5.19107753765
39854,10154,11362,0,1,8,1,5,12.5643099902
39855,10154,10305,0,1,11,1,8,12.2159997166
39856,10154,11104,0,1,8,1,6,2.95743921905
39857,10154,10004,0,1,168,1,99,5.41968618306
39858,10154,10275,0,1,13,1,7,1.58858549871
39859,10154,10118,0,1,4,1,3,0.953302558242
39860,10154,10026,0,1,57,1,43,3.23611129038
39861,10154,11235,0,1,19,1,14,12.0768218443
39862,10154,10469,0,1,44,1,12,10.0732329697
39863,10154,10281,0,1,31,1,24,3.72441030462
39864,10154,11223,0,1,10,1,7,11.0295475077
39865,10154,11379,0,1,33,1,13,5.69424296876
39866,10154,10465,0,1,37,1,16,9.38367510441
39867,10154,10455,0,1,20,1,11,5.23354281453
39868,10154,10466,0,1,16,1,11,11.2942222338
39869,10154,11239,0,1,4,1,2,9.16358362707
39870,10154,11207,0,1,86,1,31,7.28617418064
39871,10154,11367,0,1,35,1,17,8.19095440063
39872,10154,11106,0,1,21,1,19,2.17947379157
39873,10154,10471,0,1,19,1,15,10.5021920378
39874,10154,11234,0,1,50,1,15,9.98756038589
39875,10154,10167,0,1,11,1,4,0.246536979096
39876,10154,10453,0,1,21,1,16,7.28511495759
39877,10154,10451,0,1,20,1,12,5.01298824103
39878,10154,10033,0,1,86,1,31,6.56865294433
39879,10154,11354,0,1,38,1,25,7.78030869974
39880,10154,10463,0,1,36,1,16,9.15578861367
39881,10154,10169,0,1,4,1,4,0.30122507116
39882,10154,10456,0,1,21,1,12,5.98118263009
39883,10154,11420,0,1,8,1,7,10.1637768474
39884,10154,10153,0,1,6,1,5,0.397180628702
39885,10154,10307,0,1,6,1,3,22.3636593297
39886,10154,10306,0,1,17,1,8,15.0842218777
39887,10154,10165,0,1,2,1,2,0.507831516169
39888,10154,10303,0,1,11,1,7,13.3398122336
39889,10154,11224,0,1,22,1,13,12.5566580179
39890,10154,10304,0,1,8,1,5,12.0507696296
39891,10154,10458,0,1,34,1,31,8.5447102423
39892,10154,11414,0,1,13,1,7,9.67633076062
39893,10154,11204,0,1,9,1,8,9.61505916654
39894,10154,11372,0,1,16,1,11,4.66692708552
39895,10154,11357,0,1,9,1,6,8.76684524966
39896,10154,10044,0,1,9,1,8,1.2664171852
39897,10154,11229,0,1,27,1,14,11.0768824556
39898,10154,11236,0,1,15,1,9,8.87914640213
39899,10154,10302,0,1,5,1,5,12.2982525931
39900,10154,11422,0,1,11,1,8,14.1042516622
39901,10154,10312,0,1,4,1,2,18.2844396763
39902,10154,10310,0,1,27,1,6,11.4763830021
39903,10154,11429,0,1,8,1,6,12.7239539357
39904,10154,10152,1,1,2,1,2,0.0489173844458
39905,10154,11214,0,1,10,1,6,11.0396283315
39906,10154,11435,0,1,41,1,23,9.43460154133
39907,10154,10039,0,1,8,1,7,5.06192499334
39908,10154,10121,0,1,1,1,1,1.16133316041
39909,10154,11413,0,1,14,1,7,13.1035124163
39910,10154,10473,0,1,14,1,9,7.28203634313
39911,10154,10454,0,1,19,1,10,4.43961464716
39912,10154,11416,0,1,5,1,5,8.23589917833
39913,10154,10280,0,1,5,1,3,4.21464975058
39914,10154,11694,0,1,5,1,4,14.1524161967
39915,10154,11358,0,1,6,1,4,9.26504241335
39916,10154,11421,0,1,4,1,4,7.58342473951
39917,10154,11412,0,1,4,1,4,11.9516418207
39918,10154,10174,0,1,2,1,2,0.455910465204
39919,10154,11417,0,1,3,1,3,8.80158613083
39920,10154,11427,0,1,5,1,4,11.9777282539
39921,10154,11411,0,1,4,1,2,13.208812126
39922,10154,11374,0,1,10,1,9,6.29350077535
39923,10154,10096,0,1,2,1,2,1.58858549871
39924,10154,10006,0,1,19,1,18,4.06417889936
39925,10154,10037,0,1,15,1,10,4.27549289557
39926,10154,11370,0,1,8,1,4,4.32418914317
39927,10154,10475,0,1,15,1,11,11.3478448269
39928,10154,11225,0,1,17,1,13,6.62630718839
39929,10154,10282,0,1,10,1,9,3.56507020944
39930,10154,11426,0,1,12,1,5,13.3224438431
39931,10154,11378,0,1,18,1,7,4.35317831182
39932,10154,10107,0,1,1,1,1,0.786059366181
39933,10154,11251,0,1,4,1,3,7.92350537761
39934,10154,11436,0,1,6,1,3,10.8931598832
39935,10154,11360,0,1,10,1,5,10.2225892049
39936,10154,11356,0,1,2,1,2,7.02829990555
39937,10154,10474,0,1,8,1,7,5.86955570348
39938,10154,11697,0,1,1,1,1,14.0550071076
39939,10154,10172,0,1,2,1,2,0.19618576619
39940,10154,11691,0,1,4,1,3,15.6226765358
39941,10154,10470,0,1,6,1,4,11.4591707531
39942,10154,11366,0,1,7,1,5,9.57901324938
39943,10154,10041,0,1,2,1,2,4.26988869955
39944,10154,10278,0,1,1,1,1,3.3467571106
39945,10154,10106,0,1,4,1,1,0.645649146609
39946,10154,11428,0,1,2,1,2,12.424899462
39947,10154,10286,0,1,1,1,1,3.65435253545
39948,10154,10279,0,1,1,1,1,3.62764298301
39949,10154,10103,0,1,1,1,1,0.338699019236
39950,10154,10196,0,1,1,1,1,1.58858549871
39951,10154,10154,1,1,1,1,1,0.0
39952,10154,10119,0,1,2,1,2,1.17044876967
39953,10154,10464,0,1,5,1,4,11.8068985519
39954,10154,10166,0,1,2,1,2,0.299883656313
39955,10154,10203,0,1,1,1,1,1.58858549871
39956,10154,11359,0,1,2,1,2,10.5564438814
39957,10154,10177,0,1,1,1,1,0.255758964957
39958,10154,11040,0,1,1,1,1,15.4483121291
39959,10154,11364,0,1,2,1,2,11.189914584
39960,10154,11692,0,1,2,1,2,14.7021710259
39961,10154,11423,0,1,1,1,1,11.1460621921
39962,10154,11415,0,1,2,1,2,8.28965733126
39963,10154,10175,0,1,2,1,1,0.451415860511
39964,10119,10012,0,2,445,2,357,1.73936148982
39965,10119,11222,0,2,110,2,71,3.00436223166
39966,10119,11231,0,2,65,2,44,4.99557974472
39967,10119,10019,1,2,637,2,440,1.09634227134
39968,10119,11102,0,2,35,2,30,3.85019267806
39969,10119,10003,1,2,493,2,400,1.27736603387
39970,10119,10020,2,2,143,2,116,0.856437336541
39971,10119,10018,2,2,339,2,256,0.296197557172
39972,10119,10001,2,2,670,2,468,0.191094968006
39973,10119,11365,0,2,21,2,9,10.5696538148
39974,10119,10007,1,2,1780,2,1042,2.5999431801
39975,10119,10022,1,2,228,2,164,1.45590514125
39976,10119,10013,1,2,745,2,406,2.17991308468
39977,10119,10472,0,2,23,2,8,8.52928349135
39978,10119,11226,1,2,195,2,123,7.54401942216
39979,10119,10027,1,2,141,2,83,4.7075382454
39980,10119,11210,1,2,34,2,20,8.83633783989
39981,10119,11693,0,2,6,2,6,13.9796174899
39982,10119,11432,1,2,49,2,36,10.7809322117
39983,10119,11103,0,2,35,2,26,4.38241632514
39984,10119,11237,0,2,64,2,53,5.03959067904
39985,10119,10010,1,2,218,2,181,0.993392020052
39986,10119,10014,1,2,397,2,286,1.28867094039
39987,10119,10009,0,2,135,2,91,1.80021522309
39988,10119,10036,1,2,826,2,656,0.615941925641
39989,10119,11216,1,2,60,2,49,5.39544924601
39990,10119,11418,0,2,15,2,11,9.10626141269
39991,10119,11109,0,2,5,2,5,9.39193346301
39992,10119,11371,0,2,71,2,65,6.35216012622
39993,10119,10460,0,2,42,2,22,8.57313243158
39994,10119,10048,0,2,86,2,65,2.86004650328
39995,10119,10128,1,2,51,2,40,3.09320557288
39996,10119,11375,1,2,44,2,27,7.9972650137
39997,10119,10023,1,2,210,2,134,1.82185939964
39998,10119,11211,1,2,352,2,256,3.3545588954
39999,10119,10011,2,2,437,2,352,0.776122657209
40000,10119,10025,1,2,143,2,65,3.5374132795
40001,10119,10032,1,2,65,2,28,6.76023253364
40002,10119,11232,0,2,125,2,24,6.60581431511
40003,10119,11377,0,2,46,2,33,4.70900329148
40004,10119,11361,0,2,19,2,11,11.5210841296
40005,10119,11206,0,2,90,2,63,4.25214438339
40006,10119,11430,0,2,187,2,143,12.4567721435
40007,10119,10021,1,2,62,2,45,2.09076630745
40008,10119,11201,1,2,234,2,176,3.83749741061
40009,10119,11238,1,2,109,2,64,5.13024356762
40010,10119,10016,1,2,162,2,110,0.864489562842
40011,10119,11218,0,2,26,2,19,7.38675700044
40012,10119,10301,0,2,45,2,32,9.79083628062
40013,10119,10452,0,2,54,2,34,7.10593610121
40014,10119,10314,1,2,51,2,30,12.7811774434
40015,10119,10461,0,2,50,2,20,10.3049928141
40016,10119,11101,1,2,193,2,96,2.84957904868
40017,10119,10029,1,2,50,2,38,3.74522589951
40018,10119,10467,0,2,33,2,22,10.590505988
40019,10119,11208,0,2,43,2,13,8.31002336802
40020,10119,10024,1,2,101,2,71,2.5901618948
40021,10119,10005,1,2,65,2,41,3.19948006705
40022,10119,10030,0,2,39,2,26,5.3189255886
40023,10119,10002,1,2,258,2,186,2.3515915235
40024,10119,11385,0,2,56,2,31,6.19975853107
40025,10119,11220,0,2,38,2,23,7.64279834952
40026,10119,11215,0,2,123,2,95,5.76171744584
40027,10119,10038,1,2,174,2,85,2.89487817323
40028,10119,11217,1,2,92,2,71,4.80826128621
40029,10119,10462,1,2,104,2,58,9.45035536458
40030,10119,10040,0,2,80,2,27,8.17326426923
40031,10119,10457,0,2,28,2,16,8.26140989923
40032,10119,10017,1,2,277,2,161,1.08385810743
40033,10119,11433,0,2,18,2,12,11.4224092232
40034,10119,10308,0,2,8,2,8,16.0769681202
40035,10119,10468,0,2,52,2,30,9.40920544455
40036,10119,10111,0,2,15,2,13,0.983850885566
40037,10119,10309,0,2,23,2,15,19.1468177054
40038,10119,10034,1,2,68,2,33,8.9215442914
40039,10119,10028,1,2,89,2,53,2.71087378494
40040,10119,10035,0,2,65,2,32,4.72642919413
40041,10119,11228,0,2,10,2,8,9.24808283618
40042,10119,11105,0,2,25,2,19,4.74059342284
40043,10119,11355,0,2,26,2,18,9.10403714092
40044,10119,11209,1,2,49,2,28,9.00909161449
40045,10119,11213,0,2,35,2,20,6.30531625777
40046,10119,11369,0,2,12,2,8,6.47481282452
40047,10119,10031,0,2,64,2,45,5.69230690634
40048,10119,11221,0,2,120,2,61,5.39471907487
40049,10119,11212,0,2,12,2,10,7.40804949648
40050,10119,11233,0,2,74,2,34,6.41991294537
40051,10119,11368,0,2,62,2,41,7.06334517364
40052,10119,11205,1,2,37,2,31,4.1662947779
40053,10119,10069,0,2,14,2,8,1.70574265034
40054,10119,11203,0,2,39,2,8,7.69332517696
40055,10119,10459,0,2,16,2,8,7.33493284038
40056,10119,11219,0,2,6,2,4,8.17006338358
40057,10119,11434,0,2,32,2,16,12.6931255173
40058,10119,11230,0,2,11,2,5,8.94770434581
40059,10119,11373,0,2,53,2,27,6.11278808975
40060,10119,11362,0,2,8,2,5,13.6391360511
40061,10119,10305,0,2,11,2,8,11.3287327236
40062,10119,11104,0,2,8,2,6,3.88231659641
40063,10119,10004,1,2,168,2,99,4.37066281268
40064,10119,10275,0,2,13,2,7,2.22341453155
40065,10119,10118,1,2,4,2,3,0.359835964488
40066,10119,10026,0,2,57,2,43,4.11098364084
40067,10119,11235,1,2,19,2,14,11.7410736664
40068,10119,10469,0,2,44,2,12,11.1499193765
40069,10119,10281,1,2,31,2,24,2.75221173935
40070,10119,11223,0,2,10,2,7,10.5907713961
40071,10119,11379,0,2,33,2,13,6.42997735462
40072,10119,10465,0,2,37,2,16,10.5502284547
40073,10119,10455,0,2,20,2,11,6.31772699458
40074,10119,10466,0,2,16,2,11,12.3273353441
40075,10119,11239,0,2,4,2,2,9.38743425493
40076,10119,11207,0,2,86,2,31,7.56734713387
40077,10119,11367,0,2,35,2,17,9.12748687507
40078,10119,11106,0,2,21,2,19,3.3139544297
40079,10119,10471,0,2,19,2,15,11.3620122663
40080,10119,11234,0,2,50,2,15,9.8647778709
40081,10119,10167,0,2,11,2,4,0.981752863704
40082,10119,10453,0,2,21,2,16,8.22520056977
40083,10119,10451,0,2,20,2,12,6.02611739646
40084,10119,10033,0,2,86,2,31,7.4094882765
40085,10119,11354,0,2,38,2,25,8.89015747407
40086,10119,10463,1,2,36,2,16,10.0417904858
40087,10119,10169,1,2,4,2,4,0.918143473777
40088,10119,10456,0,2,21,2,12,7.01175607031
40089,10119,11420,0,2,8,2,7,10.7951988406
40090,10119,10153,0,2,6,2,5,1.38530266381
40091,10119,10307,0,2,6,2,3,21.3117011555
40092,10119,10306,1,2,17,2,8,14.1364768836
40093,10119,10165,0,2,2,2,2,0.741677205513
40094,10119,10303,0,2,11,2,7,12.2229902534
40095,10119,11224,0,2,22,2,13,12.0226620487
40096,10119,10304,0,2,8,2,5,11.1029657034
40097,10119,10458,1,2,34,2,31,9.53660127952
40098,10119,11414,0,2,13,2,7,10.1310475567
40099,10119,11204,0,2,9,2,8,9.11006170451
40100,10119,11372,0,2,16,2,11,5.69696826016
40101,10119,11357,0,2,9,2,6,9.91123237188
40102,10119,10044,0,2,9,2,8,2.42404158662
40103,10119,11229,1,2,27,2,14,10.8055232068
40104,10119,11236,0,2,15,2,9,8.93889001757
40105,10119,10302,0,2,5,2,5,11.208301239
40106,10119,11422,0,2,11,2,8,14.8423212324
40107,10119,10312,0,2,4,2,2,17.2715979031
40108,10119,10310,0,2,27,2,6,10.419523319
40109,10119,11429,0,2,8,2,6,13.6370028905
40110,10119,10152,0,2,2,2,2,1.20993854509
40111,10119,11214,1,2,10,2,6,10.4779086235
40112,10119,11435,0,2,41,2,23,10.2266560803
40113,10119,10039,0,2,8,2,7,5.96656433852
40114,10119,10121,0,2,1,2,1,0.0971287968882
40115,10119,11413,0,2,14,2,7,13.8479461212
40116,10119,10473,0,2,14,2,9,8.43694723767
40117,10119,10454,0,2,19,2,10,5.5341744974
40118,10119,11416,0,2,5,2,5,8.81775550412
40119,10119,10280,0,2,5,2,3,3.26501096348
40120,10119,11694,0,2,5,2,4,14.2582568888
40121,10119,11358,0,2,6,2,4,10.3465285065
40122,10119,11421,0,2,4,2,4,8.18875145636
40123,10119,11412,0,2,4,2,4,12.7999726766
40124,10119,10174,0,2,2,2,2,0.932155594094
40125,10119,11417,0,2,3,2,3,9.35311318109
40126,10119,11427,0,2,5,2,4,12.9564583096
40127,10119,11411,0,2,4,2,2,14.0666904805
40128,10119,11374,0,2,10,2,9,7.15404173379
40129,10119,10096,0,2,2,2,2,2.22341453155
40130,10119,10006,1,2,19,2,18,3.1515644676
40131,10119,10037,0,2,15,2,10,5.24304277735
40132,10119,11370,0,2,8,2,4,5.43690451091
40133,10119,10475,0,2,15,2,11,12.439296924
40134,10119,11225,0,2,17,2,13,6.3839101662
40135,10119,10282,0,2,10,2,9,2.57996341966
40136,10119,11426,0,2,12,2,5,14.3228900796
40137,10119,11378,0,2,18,2,7,5.0798193647
40138,10119,10107,0,2,1,2,1,1.20156988533
40139,10119,11251,0,2,4,2,3,7.71605984941
40140,10119,11436,0,2,6,2,3,11.5725016379
40141,10119,11360,0,2,10,2,5,11.3512134016
40142,10119,11356,0,2,2,2,2,8.18561491047
40143,10119,10474,0,2,8,2,7,7.00423197976
40144,10119,11697,0,2,1,2,1,13.8761228991
40145,10119,10172,0,2,2,2,2,1.01886725706
40146,10119,11691,0,2,4,2,3,16.0766652369
40147,10119,10470,0,2,6,2,4,12.4439194564
40148,10119,11366,0,2,7,2,5,10.5240381472
40149,10119,10041,0,2,2,2,2,3.41846870099
40150,10119,10278,0,2,1,2,1,2.49079201091
40151,10119,10106,0,2,4,2,1,1.19029453026
40152,10119,11428,0,2,2,2,2,13.3773271794
40153,10119,10286,0,2,1,2,1,2.71492439787
40154,10119,10279,0,2,1,2,1,2.73256942294
40155,10119,10103,0,2,1,2,1,1.05244342552
40156,10119,10196,0,2,1,2,1,2.22341453155
40157,10119,10154,0,2,1,2,1,1.17044876967
40158,10119,10119,2,2,2,2,2,0.0
40159,10119,10464,0,2,5,2,4,12.9596550722
40160,10119,10166,0,2,2,2,2,0.91164088415
40161,10119,10203,0,2,1,2,1,2.22341453155
40162,10119,11359,0,2,2,2,2,11.7047605146
40163,10119,10177,0,2,1,2,1,0.935129585563
40164,10119,11040,0,2,1,2,1,16.4842168967
40165,10119,11364,0,2,2,2,2,12.2278386158
40166,10119,11692,0,2,2,2,2,15.0344749683
40167,10119,11423,0,2,1,2,1,12.0587390695
40168,10119,11415,0,2,2,2,2,9.085121978
40169,10119,10175,0,2,2,2,1,0.728565644279
40170,10464,10012,0,5,445,4,357,14.2223693203
40171,10464,11222,0,5,110,4,71,12.1970861316
40172,10464,11231,0,5,65,4,44,16.6341392409
40173,10464,10019,0,5,637,4,440,12.0789638805
40174,10464,11102,0,5,35,4,30,9.2479918199
40175,10464,10003,0,5,493,4,400,13.5708354622
40176,10464,10020,0,5,143,4,116,12.1062969592
40177,10464,10018,0,5,339,4,256,12.8158468183
40178,10464,10001,0,5,670,4,468,13.1206868617
40179,10464,11365,0,5,21,4,9,8.14631297098
40180,10464,10007,0,5,1780,4,1042,15.0767970571
40181,10464,10022,1,5,228,4,164,11.537468253
40182,10464,10013,0,5,745,4,406,14.7351774892
40183,10464,10472,0,5,23,4,8,4.54881381657
40184,10464,11226,0,5,195,4,123,17.0249907328
40185,10464,10027,0,5,141,4,83,9.22059385924
40186,10464,11210,0,5,34,4,20,17.812838243
40187,10464,11693,0,5,6,4,6,18.0170875714
40188,10464,11432,0,5,49,4,36,9.86115593675
40189,10464,11103,0,5,35,4,26,9.1076305333
40190,10464,11237,0,5,64,4,53,12.6320628599
40191,10464,10010,0,5,218,4,181,12.9900293553
40192,10464,10014,0,5,397,4,286,14.1373351116
40193,10464,10009,0,5,135,4,91,13.388509113
40194,10464,10036,0,5,826,4,656,12.510242488
40195,10464,11216,0,5,60,4,49,14.7746686708
40196,10464,11418,0,5,15,4,11,11.1867710076
40197,10464,11109,0,5,5,4,5,14.8238665608
40198,10464,11371,0,5,71,4,65,7.39681737191
40199,10464,10460,0,5,42,4,22,4.9122868495
40200,10464,10048,0,5,86,4,65,15.3983025508
40201,10464,10128,0,5,51,4,40,9.92076647687
40202,10464,11375,0,5,44,4,27,9.87743328054
40203,10464,10023,0,5,210,4,134,11.5938975155
40204,10464,11211,0,5,352,4,256,13.2332712505
40205,10464,10011,0,5,437,4,352,13.6601493366
40206,10464,10025,0,5,143,4,65,10.2180941118
40207,10464,10032,0,5,65,4,28,8.07034764305
40208,10464,11232,0,5,125,4,24,17.9139217683
40209,10464,11377,0,5,46,4,33,9.91162154579
40210,10464,11361,0,5,19,4,11,6.52356075176
40211,10464,11206,0,5,90,4,63,13.3801284038
40212,10464,11430,0,5,187,4,143,14.2531878277
40213,10464,10021,0,5,62,4,45,10.8692794778
40214,10464,11201,0,5,234,4,176,15.3183390326
40215,10464,11238,0,5,109,4,64,15.2263032046
40216,10464,10016,0,5,162,4,110,12.5000629148
40217,10464,11218,0,5,26,4,19,17.6393289826
40218,10464,10301,0,5,45,4,32,22.3217343332
40219,10464,10452,0,5,54,4,34,7.09821273853
40220,10464,10314,0,5,51,4,30,25.4674323026
40221,10464,10461,0,5,50,4,20,2.75349112853
40222,10464,11101,0,5,193,4,96,11.0127196775
40223,10464,10029,0,5,50,4,38,9.37388476032
40224,10464,10467,0,5,33,4,22,4.33821868049
40225,10464,11208,0,5,43,4,13,13.453094376
40226,10464,10024,0,5,101,4,71,10.9970270117
40227,10464,10005,0,5,65,4,41,15.5297668174
40228,10464,10030,0,5,39,4,26,8.5285304167
40229,10464,10002,0,5,258,4,186,14.1809343367
40230,10464,11385,0,5,56,4,31,11.937354952
40231,10464,11220,0,5,38,4,23,19.0479395593
40232,10464,11215,0,5,123,4,95,16.6542476728
40233,10464,10038,0,5,174,4,85,15.1684486008
40234,10464,11217,0,5,92,4,71,15.6140110598
40235,10464,10462,0,5,104,4,58,3.78750044181
40236,10464,10040,0,5,80,4,27,7.30951662716
40237,10464,10457,0,5,28,4,16,5.78514417829
40238,10464,10017,0,5,277,4,161,12.0293251823
40239,10464,11433,0,5,18,4,12,11.0738904319
40240,10464,10308,0,5,8,4,8,28.391992877
40241,10464,10468,0,5,52,4,30,5.81135130794
40242,10464,10111,0,5,15,4,13,11.9762495492
40243,10464,10309,0,5,23,4,15,31.7154552087
40244,10464,10034,0,5,68,4,33,6.90037138701
40245,10464,10028,0,5,89,4,53,10.2732993008
40246,10464,10035,0,5,65,4,32,8.46259870079
40247,10464,11228,0,5,10,4,8,20.2378491658
40248,10464,11105,0,5,25,4,19,8.44270051183
40249,10464,11355,0,5,26,4,18,7.59061437374
40250,10464,11209,0,5,49,4,28,20.4800782035
40251,10464,11213,0,5,35,4,20,14.9394808866
40252,10464,11369,0,5,12,4,8,7.77609739799
40253,10464,10031,0,5,64,4,45,8.6379066265
40254,10464,11221,0,5,120,4,61,13.5191363052
40255,10464,11212,0,5,12,4,10,14.940852283
40256,10464,11233,0,5,74,4,34,14.1632614705
40257,10464,11368,0,5,62,4,41,8.41093004212
40258,10464,11205,0,5,37,4,31,14.5494678676
40259,10464,10069,0,5,14,4,8,11.9670916193
40260,10464,11203,0,5,39,4,8,16.2178109993
40261,10464,10459,0,5,16,4,8,5.88137430319
40262,10464,11219,0,5,6,4,4,18.9322372718
40263,10464,11434,0,5,32,4,16,12.5965954499
40264,10464,11230,0,5,11,4,5,18.5837061484
40265,10464,11373,0,5,53,4,27,9.56197344682
40266,10464,11362,0,5,8,4,5,7.32592661578
40267,10464,10305,0,5,11,4,8,23.2876929559
40268,10464,11104,0,5,8,4,6,10.3843433536
40269,10464,10004,0,5,168,4,99,17.131385987
40270,10464,10275,0,5,13,4,7,11.1794443674
40271,10464,10118,0,5,4,4,3,12.7566306308
40272,10464,10026,0,5,57,4,43,9.45399599922
40273,10464,11235,0,5,19,4,14,20.6639335528
40274,10464,10469,0,5,44,4,12,3.15880431695
40275,10464,10281,0,5,31,4,24,15.3923937669
40276,10464,11223,0,5,10,4,7,20.2886954721
40277,10464,11379,0,5,33,4,13,10.8183774724
40278,10464,10465,0,5,37,4,16,2.62504908348
40279,10464,10455,0,5,20,4,11,6.84617219251
40280,10464,10466,0,5,16,4,11,3.83519621974
40281,10464,11239,0,5,4,4,2,15.3200720842
40282,10464,11207,0,5,86,4,31,13.9802534447
40283,10464,11367,0,5,35,4,17,9.0218690446
40284,10464,11106,0,5,21,4,19,9.93722410051
40285,10464,10471,0,5,19,4,15,6.71273826716
40286,10464,11234,0,5,50,4,15,17.8647879741
40287,10464,10167,0,5,11,4,4,12.029804072
40288,10464,10453,0,5,21,4,16,6.45607469809
40289,10464,10451,0,5,20,4,12,7.44311489046
40290,10464,10033,0,5,86,4,31,7.66721603626
40291,10464,11354,0,5,38,4,25,6.42687187254
40292,10464,10463,0,5,36,4,16,6.42365600782
40293,10464,10169,0,5,4,4,4,12.0931277936
40294,10464,10456,0,5,21,4,12,6.5416620254
40295,10464,11420,0,5,8,4,7,12.7579671991
40296,10464,10153,0,5,6,4,5,11.5816431002
40297,10464,10307,0,5,6,4,3,33.9103219577
40298,10464,10306,0,5,17,4,8,26.3050895912
40299,10464,10165,0,5,2,4,2,12.2992028662
40300,10464,10303,0,5,11,4,7,25.1102002747
40301,10464,11224,0,5,22,4,13,22.0833462509
40302,10464,10304,0,5,8,4,5,23.3448114824
40303,10464,10458,0,5,34,4,31,5.25061707234
40304,10464,11414,0,5,13,4,7,14.0111881816
40305,10464,11204,0,5,9,4,8,19.3744563105
40306,10464,11372,0,5,16,4,11,8.90798823078
40307,10464,11357,0,5,9,4,6,5.11780563841
40308,10464,10044,0,5,9,4,8,10.6453592426
40309,10464,11229,0,5,27,4,14,19.4970871894
40310,10464,11236,0,5,15,4,9,16.1032879223
40311,10464,10302,0,5,5,4,5,24.0152591353
40312,10464,11422,0,5,11,4,8,13.714245216
40313,10464,10312,0,5,4,4,2,29.7105835275
40314,10464,10310,0,5,27,4,6,23.1168750721
40315,10464,11429,0,5,8,4,6,10.5561053757
40316,10464,10152,0,5,2,4,2,11.7631085155
40317,10464,11214,0,5,10,4,6,20.8603447895
40318,10464,11435,0,5,41,4,23,10.8849342926
40319,10464,10039,0,5,8,4,7,8.04593443547
40320,10464,10121,0,5,1,4,1,12.9629997411
40321,10464,11413,0,5,14,4,7,13.0453634315
40322,10464,10473,0,5,14,4,9,4.52529924927
40323,10464,10454,1,5,19,4,10,7.54253903425
40324,10464,11416,0,5,5,4,5,12.4103779314
40325,10464,10280,0,5,5,4,3,15.8262536699
40326,10464,11694,0,5,5,4,4,19.5965354705
40327,10464,11358,0,5,6,4,4,6.66885173614
40328,10464,11421,0,5,4,4,4,12.0263975996
40329,10464,11412,0,5,4,4,4,11.1370778373
40330,10464,10174,0,5,2,4,2,12.1697703697
40331,10464,11417,0,5,3,4,3,12.8596395402
40332,10464,11427,0,5,5,4,4,9.14539317193
40333,10464,11411,0,5,4,4,2,11.6217406365
40334,10464,11374,0,5,10,4,9,9.86206516209
40335,10464,10096,0,5,2,4,2,11.1794443674
40336,10464,10006,0,5,19,4,18,15.6328980329
40337,10464,10037,0,5,15,4,10,8.27790154288
40338,10464,11370,0,5,8,4,4,8.38971885539
40339,10464,10475,0,5,15,4,11,2.41532570855
40340,10464,11225,0,5,17,4,13,15.9795185708
40341,10464,10282,0,5,10,4,9,15.2555996925
40342,10464,11426,0,5,12,4,5,9.3183253999
40343,10464,11378,0,5,18,4,7,10.939328882
40344,10464,10107,0,5,1,4,1,11.9247710662
40345,10464,11251,0,5,4,4,3,16.758411465
40346,10464,11436,0,5,6,4,3,12.6253285233
40347,10464,11360,0,5,10,4,5,5.30872205745
40348,10464,11356,0,5,2,4,2,5.70791083318
40349,10464,10474,0,5,8,4,7,5.98313180644
40350,10464,11697,0,5,1,4,1,21.4287028824
40351,10464,10172,0,5,2,4,2,11.983836522
40352,10464,11691,0,5,4,4,3,17.800493522
40353,10464,10470,0,5,6,4,4,4.81193437056
40354,10464,11366,0,5,7,4,5,9.03660021486
40355,10464,10041,0,5,2,4,2,15.7268212066
40356,10464,10278,0,5,1,4,1,14.9036419685
40357,10464,10106,0,5,4,4,1,11.8662439979
40358,10464,11428,0,5,2,4,2,9.78204840312
40359,10464,10286,0,5,1,4,1,15.2874014407
40360,10464,10279,0,5,1,4,1,15.2071216955
40361,10464,10103,0,5,1,4,1,11.915575983
40362,10464,10196,0,5,1,4,1,11.1794443674
40363,10464,10154,0,5,1,4,1,11.8068985519
40364,10464,10119,0,5,2,4,2,12.9596550722
40365,10464,10464,4,5,5,4,4,0.0
40366,10464,10166,0,5,2,4,2,12.0955264543
40367,10464,10203,0,5,1,4,1,11.1794443674
40368,10464,11359,0,5,2,4,2,4.47944683397
40369,10464,10177,0,5,1,4,1,12.0588414944
40370,10464,11040,0,5,1,4,1,9.76344034567
40371,10464,11364,0,5,2,4,2,7.76234232919
40372,10464,11692,0,5,2,4,2,18.2253590723
40373,10464,11423,0,5,1,4,1,9.9107763458
40374,10464,11415,0,5,2,4,2,10.5760181347
40375,10464,10175,0,5,2,4,1,12.2582213428
40376,10166,10012,0,2,445,2,357,2.29099154068
40377,10166,11222,0,2,110,2,71,2.52936735715
40378,10166,11231,0,2,65,2,44,5.40899732291
40379,10166,10019,0,2,637,2,440,0.911246039825
40380,10166,11102,0,2,35,2,30,2.94302811158
40381,10166,10003,0,2,493,2,400,1.67189691581
40382,10166,10020,0,2,143,2,116,0.350998458079
40383,10166,10018,0,2,339,2,256,0.899645794367
40384,10166,10001,0,2,670,2,468,1.09742796189
40385,10166,11365,0,2,21,2,9,9.72368118938
40386,10166,10007,0,2,1780,2,1042,3.19358495127
40387,10166,10022,0,2,228,2,164,0.558705711328
40388,10166,10013,0,2,745,2,406,2.79287444369
40389,10166,10472,0,2,23,2,8,7.70217940312
40390,10166,11226,0,2,195,2,123,7.62232052724
40391,10166,10027,0,2,141,2,83,4.15936853925
40392,10166,11210,0,2,34,2,20,8.88644365114
40393,10166,11693,0,2,6,2,6,13.6332660532
40394,10166,11432,0,2,49,2,36,10.0025466916
40395,10166,11103,0,2,35,2,26,3.4761123811
40396,10166,11237,0,2,64,2,53,4.60821458914
40397,10166,10010,0,2,218,2,181,1.11676074053
40398,10166,10014,0,2,397,2,286,2.05178681512
40399,10166,10009,0,2,135,2,91,1.90161644343
40400,10166,10036,0,2,826,2,656,0.806959497478
40401,10166,11216,0,2,60,2,49,5.32633977769
40402,10166,11418,0,2,15,2,11,8.42703596244
40403,10166,11109,0,2,5,2,5,9.02169357724
40404,10166,11371,0,2,71,2,65,5.44216659939
40405,10166,10460,0,2,42,2,22,7.79667818828
40406,10166,10048,0,2,86,2,65,3.48987082273
40407,10166,10128,0,2,51,2,40,2.32125719787
40408,10166,11375,0,2,44,2,27,7.23725748798
40409,10166,10023,0,2,210,2,134,1.52411583339
40410,10166,11211,0,2,352,2,256,3.15122022903
40411,10166,10011,0,2,437,2,352,1.56481675367
40412,10166,10025,0,2,143,2,65,3.05984126934
40413,10166,10032,0,2,65,2,28,6.21322687336
40414,10166,11232,0,2,125,2,24,6.99509812523
40415,10166,11377,0,2,46,2,33,3.88798494785
40416,10166,11361,0,2,19,2,11,10.6319873268
40417,10166,11206,0,2,90,2,63,4.00767961015
40418,10166,11430,0,2,187,2,143,11.8946444666
40419,10166,10021,0,2,62,2,45,1.26362212286
40420,10166,11201,0,2,234,2,176,4.14726054596
40421,10166,11238,0,2,109,2,64,5.18682509732
40422,10166,10016,0,2,162,2,110,0.584702058125
40423,10166,11218,0,2,26,2,19,7.59293644742
40424,10166,10301,0,2,45,2,32,10.50142348
40425,10166,10452,0,2,54,2,34,6.45821457581
40426,10166,10314,0,2,51,2,30,13.5411138521
40427,10166,10461,0,2,50,2,20,9.46301443417
40428,10166,11101,0,2,193,2,96,2.05221809481
40429,10166,10029,0,2,50,2,38,3.01239139099
40430,10166,10467,0,2,33,2,22,9.86524965393
40431,10166,11208,0,2,43,2,13,7.85079308735
40432,10166,10024,0,2,101,2,71,2.19447283443
40433,10166,10005,0,2,65,2,41,3.75703045948
40434,10166,10030,0,2,39,2,26,4.70977449144
40435,10166,10002,0,2,258,2,186,2.6519706657
40436,10166,11385,0,2,56,2,31,5.63911087868
40437,10166,11220,0,2,38,2,23,8.07882624485
40438,10166,11215,0,2,123,2,95,6.02899453339
40439,10166,10038,0,2,174,2,85,3.41690324771
40440,10166,11217,0,2,92,2,71,5.00343526872
40441,10166,10462,0,2,104,2,58,8.63500862007
40442,10166,10040,0,2,80,2,27,7.60717004297
40443,10166,10457,0,2,28,2,16,7.55017885502
40444,10166,10017,2,2,277,2,161,0.265792451895
40445,10166,11433,0,2,18,2,12,10.6948093667
40446,10166,10308,0,2,8,2,8,16.7628873416
40447,10166,10468,0,2,52,2,30,8.75270154757
40448,10166,10111,0,2,15,2,13,0.3301237348
40449,10166,10309,0,2,23,2,15,19.890004273
40450,10166,10034,0,2,68,2,33,8.3402254492
40451,10166,10028,0,2,89,2,53,1.92161501543
40452,10166,10035,0,2,65,2,32,3.98563602989
40453,10166,11228,0,2,10,2,8,9.63672403383
40454,10166,11105,0,2,25,2,19,3.8314069281
40455,10166,11355,0,2,26,2,18,8.23709255613
40456,10166,11209,0,2,49,2,28,9.48342444123
40457,10166,11213,0,2,35,2,20,6.17263943089
40458,10166,11369,0,2,12,2,8,5.57670395366
40459,10166,10031,0,2,64,2,45,5.14672403289
40460,10166,11221,0,2,120,2,61,5.09569682157
40461,10166,11212,0,2,12,2,10,7.18188991342
40462,10166,11233,0,2,74,2,34,6.15424763893
40463,10166,11368,0,2,62,2,41,6.20619121285
40464,10166,11205,0,2,37,2,31,4.20561311428
40465,10166,10069,0,2,14,2,8,1.62385785828
40466,10166,11203,0,2,39,2,8,7.627098433
40467,10166,10459,0,2,16,2,8,6.54433135399
40468,10166,11219,0,2,6,2,4,8.49358868391
40469,10166,11434,0,2,32,2,16,12.0186804736
40470,10166,11230,0,2,11,2,5,9.10218384211
40471,10166,11373,0,2,53,2,27,5.30942093871
40472,10166,11362,0,2,8,2,5,12.7561425711
40473,10166,10305,0,2,11,2,8,11.923381931
40474,10166,11104,0,2,8,2,6,3.0697027596
40475,10166,10004,0,2,168,2,99,5.12022673385
40476,10166,10275,0,2,13,2,7,1.80579537384
40477,10166,10118,0,2,4,2,3,0.66110520369
40478,10166,10026,0,2,57,2,43,3.51646684287
40479,10166,11235,0,2,19,2,14,11.8638661477
40480,10166,10469,0,2,44,2,12,10.3729325894
40481,10166,10281,0,2,31,2,24,3.42473288249
40482,10166,11223,0,2,10,2,7,10.7972572208
40483,10166,11379,0,2,33,2,13,5.74418599311
40484,10166,10465,0,2,37,2,16,9.66342773424
40485,10166,10455,0,2,20,2,11,5.53326003202
40486,10166,10466,0,2,16,2,11,11.593705433
40487,10166,11239,0,2,4,2,2,9.0706564141
40488,10166,11207,0,2,86,2,31,7.20456875237
40489,10166,11367,0,2,35,2,17,8.31911245482
40490,10166,11106,0,2,21,2,19,2.40413029243
40491,10166,10471,0,2,19,2,15,10.7870777834
40492,10166,11234,0,2,50,2,15,9.81527760941
40493,10166,10167,0,2,11,2,4,0.0701238603486
40494,10166,10453,0,2,21,2,16,7.57780934657
40495,10166,10451,0,2,20,2,12,5.31085312086
40496,10166,10033,0,2,86,2,31,6.84923525345
40497,10166,11354,0,2,38,2,25,7.99065499583
40498,10166,10463,0,2,36,2,16,9.44335735892
40499,10166,10169,0,2,4,2,4,0.0128549028521
40500,10166,10456,0,2,21,2,12,6.28020474283
40501,10166,11420,0,2,8,2,7,10.1865425037
40502,10166,10153,0,2,6,2,5,0.65846305642
40503,10166,10307,0,2,6,2,3,22.063827751
40504,10166,10306,0,2,17,2,8,14.7874704301
40505,10166,10165,0,2,2,2,2,0.208178954495
40506,10166,10303,0,2,11,2,7,13.0443650303
40507,10166,11224,0,2,22,2,13,12.3093463605
40508,10166,10304,0,2,8,2,5,11.7537751077
40509,10166,10458,0,2,34,2,31,8.84198630596
40510,10166,11414,0,2,13,2,7,9.64596281717
40511,10166,11204,0,2,9,2,8,9.37052846896
40512,10166,11372,0,2,16,2,11,4.83255594871
40513,10166,11357,0,2,9,2,6,9.00094145712
40514,10166,10044,0,2,9,2,8,1.51356944854
40515,10166,11229,0,2,27,2,14,10.8754768076
40516,10166,11236,0,2,15,2,9,8.74594366583
40517,10166,10302,0,2,5,2,5,12.000076599
40518,10166,11422,0,2,11,2,8,14.1638783519
40519,10166,10312,0,2,4,2,2,17.9849062365
40520,10166,10310,0,2,27,2,6,11.1767334023
40521,10166,11429,0,2,8,2,6,12.8452803221
40522,10166,10152,0,2,2,2,2,0.348099951283
40523,10166,11214,0,2,10,2,6,10.7871104793
40524,10166,11435,0,2,41,2,23,9.50970175796
40525,10166,10039,0,2,8,2,7,5.34939547462
40526,10166,10121,0,2,1,2,1,0.88950114649
40527,10166,11413,0,2,14,2,7,13.1647869827
40528,10166,10473,0,2,14,2,9,7.57028808042
40529,10166,10454,0,2,19,2,10,4.73908062567
40530,10166,11416,0,2,5,2,5,8.2410235731
40531,10166,10280,0,2,5,2,3,3.91572586336
40532,10166,11694,0,2,5,2,4,14.0352092264
40533,10166,11358,0,2,6,2,4,9.45969615943
40534,10166,11421,0,2,4,2,4,7.59473395355
40535,10166,11412,0,2,4,2,4,12.0484383861
40536,10166,10174,0,2,2,2,2,0.21027451237
40537,10166,11417,0,2,3,2,3,8.79833550872
40538,10166,11427,0,2,5,2,4,12.1252122178
40539,10166,11411,0,2,4,2,2,13.3096370883
40540,10166,11374,0,2,10,2,9,6.38973273344
40541,10166,10096,0,2,2,2,2,1.80579537384
40542,10166,10006,0,2,19,2,18,3.76661469572
40543,10166,10037,0,2,15,2,10,4.56921147635
40544,10166,11370,0,2,8,2,4,4.53497043389
40545,10166,10475,0,2,15,2,11,11.6469492263
40546,10166,11225,0,2,17,2,13,6.42413522817
40547,10166,10282,0,2,10,2,9,3.2652174976
40548,10166,11426,0,2,12,2,5,13.4795710645
40549,10166,11378,0,2,18,2,7,4.39549187811
40550,10166,10107,0,2,1,2,1,0.884988493486
40551,10166,11251,0,2,4,2,3,7.73087185383
40552,10166,11436,0,2,6,2,3,10.9317436163
40553,10166,11360,0,2,10,2,5,10.4452754819
40554,10166,11356,0,2,2,2,2,7.27400622869
40555,10166,10474,0,2,8,2,7,6.16432995436
40556,10166,11697,0,2,1,2,1,13.874253007
40557,10166,10172,0,2,2,2,2,0.111753835719
40558,10166,11691,0,2,4,2,3,15.596575439
40559,10166,10470,0,2,6,2,4,11.7563031417
40560,10166,11366,0,2,7,2,5,9.71154780919
40561,10166,10041,0,2,2,2,2,3.97617731163
40562,10166,10278,0,2,1,2,1,3.05114879528
40563,10166,10106,0,2,4,2,1,0.767341675295
40564,10166,11428,0,2,2,2,2,12.5616800665
40565,10166,10286,0,2,1,2,1,3.35540078525
40566,10166,10279,0,2,1,2,1,3.330427145
40567,10166,10103,0,2,1,2,1,0.444495277007
40568,10166,10196,0,2,1,2,1,1.80579537384
40569,10166,10154,0,2,1,2,1,0.299883656313
40570,10166,10119,0,2,2,2,2,0.91164088415
40571,10166,10464,0,2,5,2,4,12.0955264543
40572,10166,10166,2,2,2,2,2,0.0
40573,10166,10203,0,2,1,2,1,1.80579537384
40574,10166,11359,0,2,2,2,2,10.7938357606
40575,10166,10177,0,2,1,2,1,0.0526044659927
40576,10166,11040,0,2,1,2,1,15.6216743523
40577,10166,11364,0,2,2,2,2,11.3633796144
40578,10166,11692,0,2,2,2,2,14.642346391
40579,10166,11423,0,2,1,2,1,11.2665866827
40580,10166,11415,0,2,2,2,2,8.36482181672
40581,10166,10175,0,2,2,2,1,0.187007527355
40582,10203,10012,0,1,445,1,357,3.94037253462
40583,10203,11222,0,1,110,1,71,4.10659616434
40584,10203,11231,0,1,65,1,44,7.1596926884
40585,10203,10019,0,1,637,1,440,1.12765762875
40586,10203,11102,0,1,35,1,30,2.83347758962
40587,10203,10003,0,1,493,1,400,3.38950775284
40588,10203,10020,0,1,143,1,116,1.53228193104
40589,10203,10018,0,1,339,1,256,1.96312776365
40590,10203,10001,0,1,670,1,468,2.30612178778
40591,10203,11365,0,1,21,1,9,10.1301322578
40592,10203,10007,0,1,1780,1,1042,4.8189012258
40593,10203,10022,0,1,228,1,164,1.58657220392
40594,10203,10013,0,1,745,1,406,4.40005523599
40595,10203,10472,0,1,23,1,8,6.65160095621
40596,10203,11226,0,1,195,1,123,9.41832390772
40597,10203,10027,0,1,141,1,83,2.49075012252
40598,10203,11210,0,1,34,1,20,10.6741571511
40599,10203,11693,0,1,6,1,6,15.1388052724
40600,10203,11432,0,1,49,1,36,10.6912642549
40601,10203,11103,0,1,35,1,26,3.68676348423
40602,10203,11237,0,1,64,1,53,6.12777163824
40603,10203,10010,0,1,218,1,181,2.89072459884
40604,10203,10014,0,1,397,1,286,3.50275920487
40605,10203,10009,0,1,135,1,91,3.70333965205
40606,10203,10036,0,1,826,1,656,1.6167019829
40607,10203,11216,0,1,60,1,49,7.08929748523
40608,10203,11418,0,1,15,1,11,9.43251120359
40609,10203,11109,0,1,5,1,5,10.5309288991
40610,10203,11371,0,1,71,1,65,5.38866308574
40611,10203,10460,0,1,42,1,22,6.55920501738
40612,10203,10048,0,1,86,1,65,5.0833037048
40613,10203,10128,0,1,51,1,40,1.40749434742
40614,10203,11375,0,1,44,1,27,8.0487476444
40615,10203,10023,0,1,210,1,134,0.437532527592
40616,10203,11211,0,1,352,1,256,4.88798840774
40617,10203,10011,0,1,437,1,352,2.99458692556
40618,10203,10025,0,1,143,1,65,1.3140348625
40619,10203,10032,0,1,65,1,28,4.5382874706
40620,10203,11232,0,1,125,1,24,8.75987434239
40621,10203,11377,0,1,46,1,33,4.65493538959
40622,10203,11361,0,1,19,1,11,10.7316417884
40623,10203,11206,0,1,90,1,63,5.70168171647
40624,10203,11430,0,1,187,1,143,13.0986166961
40625,10203,10021,0,1,62,1,45,1.22244104706
40626,10203,11201,0,1,234,1,176,5.9302191401
40627,10203,11238,0,1,109,1,64,6.98430544028
40628,10203,10016,0,1,162,1,110,2.3855939109
40629,10203,11218,0,1,26,1,19,9.39826013695
40630,10203,10301,0,1,45,1,32,11.9794035478
40631,10203,10452,0,1,54,1,34,4.92765216737
40632,10203,10314,0,1,51,1,30,14.9212679151
40633,10203,10461,0,1,50,1,20,8.45587295385
40634,10203,11101,0,1,193,1,96,3.15729156345
40635,10203,10029,0,1,50,1,38,1.81015400666
40636,10203,10467,0,1,33,1,22,8.47415464267
40637,10203,11208,0,1,43,1,13,9.26459532223
40638,10203,10024,0,1,101,1,71,0.388931412441
40639,10203,10005,1,1,65,1,41,5.41358242606
40640,10203,10030,0,1,39,1,26,3.12693458987
40641,10203,10002,0,1,258,1,186,4.42631793206
40642,10203,11385,0,1,56,1,31,6.95136698822
40643,10203,11220,0,1,38,1,23,9.8239236295
40644,10203,11215,0,1,123,1,95,7.82652353487
40645,10203,10038,0,1,174,1,85,5.09720787977
40646,10203,11217,0,1,92,1,71,6.80793821632
40647,10203,10462,0,1,104,1,58,7.52339581058
40648,10203,10040,0,1,80,1,27,5.95302852284
40649,10203,10457,0,1,28,1,16,6.14045611347
40650,10203,10017,0,1,277,1,161,1.98941896999
40651,10203,11433,0,1,18,1,12,11.5345393563
40652,10203,10308,0,1,8,1,8,18.274037329
40653,10203,10468,0,1,52,1,30,7.22733083622
40654,10203,10111,0,1,15,1,13,1.48496621042
40655,10203,10309,0,1,23,1,15,21.2976180264
40656,10203,10034,0,1,68,1,33,6.70393556979
40657,10203,10028,0,1,89,1,53,1.24139926007
40658,10203,10035,0,1,65,1,32,2.730731114
40659,10203,11228,0,1,10,1,8,11.4051262481
40660,10203,11105,0,1,25,1,19,3.64461639762
40661,10203,11355,0,1,26,1,18,8.55432642023
40662,10203,11209,0,1,49,1,28,11.2084632706
40663,10203,11213,0,1,35,1,20,7.90041692688
40664,10203,11369,0,1,12,1,8,5.73056204639
40665,10203,10031,0,1,64,1,45,3.47160195907
40666,10203,11221,0,1,120,1,61,6.72806582526
40667,10203,11212,0,1,12,1,10,8.84205266409
40668,10203,11233,0,1,74,1,34,7.79592863885
40669,10203,11368,0,1,62,1,41,6.65130376974
40670,10203,11205,0,1,37,1,31,6.00380613639
40671,10203,10069,0,1,14,1,8,0.787691912824
40672,10203,11203,0,1,39,1,8,9.37794254713
40673,10203,10459,0,1,16,1,8,5.37258593933
40674,10203,11219,0,1,6,1,4,10.2822336006
40675,10203,11434,0,1,32,1,16,12.9837936958
40676,10203,11230,0,1,11,1,5,10.9066653482
40677,10203,11373,0,1,53,1,27,6.04675316429
40678,10203,11362,0,1,8,1,5,12.8805971625
40679,10203,10305,0,1,11,1,8,13.5520214958
40680,10203,11104,0,1,8,1,6,3.95785668194
40681,10203,10004,0,1,168,1,99,6.55191311085
40682,10203,10275,0,1,13,1,7,0.0
40683,10203,10118,0,1,4,1,3,2.2445470517
40684,10203,10026,0,1,57,1,43,1.92739062389
40685,10203,11235,0,1,19,1,14,13.6635491855
40686,10203,10469,0,1,44,1,12,9.1157474716
40687,10203,10281,0,1,31,1,24,4.97377146569
40688,10203,11223,0,1,10,1,7,12.6030007008
40689,10203,11379,0,1,33,1,13,6.80862057042
40690,10203,10465,0,1,37,1,16,8.9285050526
40691,10203,10455,0,1,20,1,11,4.3635284813
40692,10203,10466,0,1,16,1,11,10.2155456986
40693,10203,11239,0,1,4,1,2,10.6358831265
40694,10203,11207,0,1,86,1,31,8.74306360187
40695,10203,11367,0,1,35,1,17,8.92852596981
40696,10203,11106,0,1,21,1,19,2.72442446974
40697,10203,10471,0,1,19,1,15,9.14140768028
40698,10203,11234,0,1,50,1,15,11.5658415366
40699,10203,10167,0,1,11,1,4,1.79024995686
40700,10203,10453,0,1,21,1,16,6.04090568462
40701,10203,10451,0,1,20,1,12,3.93902463345
40702,10203,10033,0,1,86,1,31,5.18893828617
40703,10203,11354,0,1,38,1,25,8.03368033291
40704,10203,10463,0,1,36,1,16,7.82796800334
40705,10203,10169,0,1,4,1,4,1.8149032877
40706,10203,10456,0,1,21,1,12,4.93388404614
40707,10203,11420,0,1,8,1,7,11.3195053369
40708,10203,10153,0,1,6,1,5,1.19719694048
40709,10203,10307,0,1,6,1,3,23.4512321096
40710,10203,10306,0,1,17,1,8,16.3494767857
40711,10203,10165,0,1,2,1,2,1.96154710664
40712,10203,10303,0,1,11,1,7,14.268306796
40713,10203,11224,0,1,22,1,13,14.1082402458
40714,10203,10304,0,1,8,1,5,13.3175174289
40715,10203,10458,0,1,34,1,31,7.38849022318
40716,10203,11414,0,1,13,1,7,10.9997255981
40717,10203,11204,0,1,9,1,8,11.1720564904
40718,10203,11372,0,1,16,1,11,5.30945498578
40719,10203,11357,0,1,9,1,6,8.81340524795
40720,10203,10044,0,1,9,1,8,1.95002283189
40721,10203,11229,0,1,27,1,14,12.665467746
40722,10203,11236,0,1,15,1,9,10.418234404
40723,10203,10302,0,1,5,1,5,13.3099056711
40724,10203,11422,0,1,11,1,8,15.0996621974
40725,10203,10312,0,1,4,1,2,19.4502518355
40726,10203,10310,0,1,27,1,6,12.5675550301
40727,10203,11429,0,1,8,1,6,13.4474467781
40728,10203,10152,0,1,2,1,2,1.54965548739
40729,10203,11214,0,1,10,1,6,12.5809339642
40730,10203,11435,0,1,41,1,23,10.39774879
40731,10203,10039,0,1,8,1,7,3.77413652113
40732,10203,10121,0,1,1,1,1,2.28120226497
40733,10203,11413,0,1,14,1,7,14.0970248952
40734,10203,10473,0,1,14,1,9,6.72606636125
40735,10203,10454,0,1,19,1,10,3.63707780362
40736,10203,11416,0,1,5,1,5,9.46428660066
40737,10203,10280,0,1,5,1,3,5.48772382101
40738,10203,11694,0,1,5,1,4,15.6610785344
40739,10203,11358,0,1,6,1,4,9.6005256539
40740,10203,11421,0,1,4,1,4,8.79847832347
40741,10203,11412,0,1,4,1,4,12.7985262568
40742,10203,10174,0,1,2,1,2,2.0104398094
40743,10203,11417,0,1,3,1,3,10.0514264754
40744,10203,11427,0,1,5,1,4,12.5689469668
40745,10203,11411,0,1,4,1,2,14.0287177077
40746,10203,11374,0,1,10,1,9,7.21526807103
40747,10203,10096,0,1,2,1,2,0.0
40748,10203,10006,0,1,19,1,18,5.37437222958
40749,10203,10037,0,1,15,1,10,3.11421440198
40750,10203,11370,0,1,8,1,4,4.70804964797
40751,10203,10475,0,1,15,1,11,10.4305589465
40752,10203,11225,0,1,17,1,13,8.21483272115
40753,10203,10282,0,1,10,1,9,4.80029410874
40754,10203,11426,0,1,12,1,5,13.8486101379
40755,10203,11378,0,1,18,1,7,5.52760631183
40756,10203,10107,0,1,1,1,1,1.03019396084
40757,10203,11251,0,1,4,1,3,9.51128787782
40758,10203,11436,0,1,6,1,3,11.9875910775
40759,10203,11360,0,1,10,1,5,10.3400309933
40760,10203,11356,0,1,2,1,2,7.01079277068
40761,10203,10474,0,1,8,1,7,5.20661276689
40762,10203,11697,0,1,1,1,1,15.6376175002
40763,10203,10172,0,1,2,1,2,1.74860450091
40764,10203,11691,0,1,4,1,3,16.9144069971
40765,10203,10470,0,1,6,1,4,10.2798474547
40766,10203,11366,0,1,7,1,5,10.2747263149
40767,10203,10041,0,1,2,1,2,5.63340276726
40768,10203,10278,0,1,1,1,1,4.7019781413
40769,10203,10106,0,1,4,1,1,1.08364380343
40770,10203,11428,0,1,2,1,2,13.0705996242
40771,10203,10286,0,1,1,1,1,4.93833246302
40772,10203,10279,0,1,1,1,1,4.95266614925
40773,10203,10103,0,1,1,1,1,1.36919100484
40774,10203,10196,0,1,1,1,1,0.0
40775,10203,10154,0,1,1,1,1,1.58858549871
40776,10203,10119,0,1,2,1,2,2.22341453155
40777,10203,10464,0,1,5,1,4,11.1794443674
40778,10203,10166,0,1,2,1,2,1.80579537384
40779,10203,10203,1,1,1,1,1,0.0
40780,10203,11359,0,1,2,1,2,10.5473962572
40781,10203,10177,0,1,1,1,1,1.75402386185
40782,10203,11040,0,1,1,1,1,15.8637775205
40783,10203,11364,0,1,2,1,2,11.6371030253
40784,10203,11692,0,1,2,1,2,16.0883191151
40785,10203,11423,0,1,1,1,1,11.8860611815
40786,10203,11415,0,1,2,1,2,9.26550621658
40787,10203,10175,0,1,2,1,1,1.82994166115
40788,11359,10012,0,2,445,2,357,12.5098372185
40789,11359,11222,0,2,110,2,71,9.97829018285
40790,11359,11231,0,2,65,2,44,14.2255656946
40791,11359,10019,0,2,637,2,440,11.1154465484
40792,11359,11102,0,2,35,2,30,7.8989932703
40793,11359,10003,0,2,493,2,400,11.906827426
40794,11359,10020,1,2,143,2,116,10.9332373161
40795,11359,10018,0,2,339,2,256,11.6594678563
40796,11359,10001,1,2,670,2,468,11.891257834
40797,11359,11365,0,2,21,2,9,3.79893180044
40798,11359,10007,0,2,1780,2,1042,13.2397088487
40799,11359,10022,0,2,228,2,164,10.2669352947
40800,11359,10013,0,2,745,2,406,12.9840680925
40801,11359,10472,0,2,23,2,8,5.46625460544
40802,11359,11226,0,2,195,2,123,13.8480419032
40803,11359,10027,0,2,141,2,83,9.44869734174
40804,11359,11210,0,2,34,2,20,14.4201402134
40805,11359,11693,0,2,6,2,6,13.7001561878
40806,11359,11432,0,2,49,2,36,5.49506454715
40807,11359,11103,0,2,35,2,26,7.33423826492
40808,11359,11237,0,2,64,2,53,9.7247663871
40809,11359,10010,0,2,218,2,181,11.3941000016
40810,11359,10014,0,2,397,2,286,12.646012264
40811,11359,10009,0,2,135,2,91,11.5241972805
40812,11359,10036,0,2,826,2,656,11.431578713
40813,11359,11216,0,2,60,2,49,11.8826704367
40814,11359,11418,0,2,15,2,11,7.16016793052
40815,11359,11109,0,2,5,2,5,10.9358750947
40816,11359,11371,0,2,71,2,65,5.35474698986
40817,11359,10460,0,2,42,2,22,6.37013337293
40818,11359,10048,0,2,86,2,65,13.557501184
40819,11359,10128,0,2,51,2,40,9.14035810828
40820,11359,11375,0,2,44,2,27,6.16478127545
40821,11359,10023,0,2,210,2,134,10.8734285692
40822,11359,11211,0,2,352,2,256,10.854594553
40823,11359,10011,0,2,437,2,352,12.2534479421
40824,11359,10025,0,2,143,2,65,10.0453095462
40825,11359,10032,0,2,65,2,28,9.25216491684
40826,11359,11232,0,2,125,2,24,15.2459470763
40827,11359,11377,1,2,46,2,33,7.50339671447
40828,11359,11361,2,2,19,2,11,2.04789888602
40829,11359,11206,0,2,90,2,63,10.7233321821
40830,11359,11430,0,2,187,2,143,9.86672808839
40831,11359,10021,0,2,62,2,45,9.78350994404
40832,11359,11201,0,2,234,2,176,13.0182593228
40833,11359,11238,0,2,109,2,64,12.4731189024
40834,11359,10016,0,2,162,2,110,11.0184517628
40835,11359,11218,0,2,26,2,19,14.6301189046
40836,11359,10301,0,2,45,2,32,20.0385201922
40837,11359,10452,0,2,54,2,34,8.26764298556
40838,11359,10314,0,2,51,2,30,23.2349867268
40839,11359,10461,0,2,50,2,20,4.728585304
40840,11359,11101,0,2,193,2,96,9.12540120714
40841,11359,10029,0,2,50,2,38,8.86582481693
40842,11359,10467,0,2,33,2,22,7.32612109205
40843,11359,11208,0,2,43,2,13,9.6937403988
40844,11359,10024,0,2,101,2,71,10.5186701463
40845,11359,10005,0,2,65,2,41,13.5612320799
40846,11359,10030,0,2,39,2,26,8.91971763401
40847,11359,10002,0,2,258,2,186,12.2099316403
40848,11359,11385,0,2,56,2,31,8.68745275335
40849,11359,11220,0,2,38,2,23,16.3267005583
40850,11359,11215,0,2,123,2,95,13.9628718878
40851,11359,10038,0,2,174,2,85,13.2178508848
40852,11359,11217,0,2,92,2,71,13.0298273505
40853,11359,10462,0,2,104,2,58,5.48258549651
40854,11359,10040,0,2,80,2,27,9.16672577429
40855,11359,10457,0,2,28,2,16,7.39639583205
40856,11359,10017,0,2,277,2,161,10.6373008859
40857,11359,11433,0,2,18,2,12,6.66438141594
40858,11359,10308,0,2,8,2,8,25.7716042853
40859,11359,10468,0,2,52,2,30,8.215950246
40860,11359,10111,0,2,15,2,13,10.7972077642
40861,11359,10309,0,2,23,2,15,29.2418908639
40862,11359,10034,0,2,68,2,33,9.11614454999
40863,11359,10028,0,2,89,2,53,9.36967277498
40864,11359,10035,0,2,65,2,32,8.25377674276
40865,11359,11228,0,2,10,2,8,17.2751024627
40866,11359,11105,0,2,25,2,19,7.00711381751
40867,11359,11355,1,2,26,2,18,3.7354991168
40868,11359,11209,0,2,49,2,28,17.6922398816
40869,11359,11213,0,2,35,2,20,11.8055447256
40870,11359,11369,0,2,12,2,8,5.33641647991
40871,11359,10031,0,2,64,2,45,9.31259016265
40872,11359,11221,0,2,120,2,61,10.5260718903
40873,11359,11212,0,2,12,2,10,11.515205509
40874,11359,11233,0,2,74,2,34,10.9248083785
40875,11359,11368,1,2,62,2,41,5.31915450766
40876,11359,11205,0,2,37,2,31,12.0090082573
40877,11359,10069,0,2,14,2,8,11.2770051117
40878,11359,11203,0,2,39,2,8,12.8729961036
40879,11359,10459,0,2,16,2,8,6.51376104215
40880,11359,11219,0,2,6,2,4,15.9789514373
40881,11359,11434,0,2,32,2,16,8.13755358567
40882,11359,11230,0,2,11,2,5,15.3055643016
40883,11359,11373,0,2,53,2,27,6.60130388225
40884,11359,11362,0,2,8,2,5,3.22752369799
40885,11359,10305,0,2,11,2,8,20.5968801199
40886,11359,11104,0,2,8,2,6,8.21823076436
40887,11359,10004,0,2,168,2,99,15.3074686533
40888,11359,10275,0,2,13,2,7,10.5473962572
40889,11359,10118,0,2,4,2,3,11.4114449598
40890,11359,10026,0,2,57,2,43,9.36038470366
40891,11359,11235,0,2,19,2,14,17.057778941
40892,11359,10469,0,2,44,2,12,6.41208999314
40893,11359,10281,0,2,31,2,24,13.6151814761
40894,11359,11223,0,2,10,2,7,16.908367992
40895,11359,11379,0,2,33,2,13,7.5501069513
40896,11359,10465,0,2,37,2,16,3.12229556909
40897,11359,10455,0,2,20,2,11,7.04681214173
40898,11359,10466,0,2,16,2,11,7.7115255589
40899,11359,11239,0,2,4,2,2,11.4779867253
40900,11359,11207,0,2,86,2,31,10.4318533077
40901,11359,11367,0,2,35,2,17,5.01163665504
40902,11359,11106,0,2,21,2,19,8.39137600293
40903,11359,10471,0,2,19,2,15,9.98519212409
40904,11359,11234,0,2,50,2,15,14.2270812824
40905,11359,10167,0,2,11,2,4,10.7237292548
40906,11359,10453,0,2,21,2,16,8.22683210109
40907,11359,10451,0,2,20,2,12,7.85726323728
40908,11359,10033,0,2,86,2,31,9.15136300518
40909,11359,11354,1,2,38,2,25,3.0559004448
40910,11359,10463,0,2,36,2,16,9.17127865795
40911,11359,10169,0,2,4,2,4,10.78695232
40912,11359,10456,0,2,21,2,12,7.36701748349
40913,11359,11420,0,2,8,2,7,8.48980411529
40914,11359,10153,0,2,6,2,5,10.4733353669
40915,11359,10307,0,2,6,2,3,31.4352179623
40916,11359,10306,0,2,17,2,8,23.6377231644
40917,11359,10165,0,2,2,2,2,10.9677180206
40918,11359,10303,0,2,11,2,7,23.1761087788
40919,11359,11224,0,2,22,2,13,18.7109025631
40920,11359,10304,0,2,8,2,5,20.8168311257
40921,11359,10458,0,2,34,2,31,7.66768326326
40922,11359,11414,0,2,13,2,7,9.92177232095
40923,11359,11204,0,2,9,2,8,16.223757825
40924,11359,11372,0,2,16,2,11,6.36659788841
40925,11359,11357,0,2,9,2,6,1.79967686652
40926,11359,10044,0,2,9,2,8,9.29002671809
40927,11359,11229,0,2,27,2,14,15.9039562534
40928,11359,11236,0,2,15,2,9,12.4408540732
40929,11359,10302,0,2,5,2,5,21.9682680491
40930,11359,11422,0,2,11,2,8,9.24803824724
40931,11359,10312,0,2,4,2,2,27.1574434094
40932,11359,10310,0,2,27,2,6,20.9608994903
40933,11359,11429,0,2,8,2,6,6.12059123698
40934,11359,10152,0,2,2,2,2,10.5241768685
40935,11359,11214,0,2,10,2,6,17.6516704981
40936,11359,11435,0,2,41,2,23,6.62982077766
40937,11359,10039,0,2,8,2,7,8.71973829227
40938,11359,10121,0,2,1,2,1,11.6745488855
40939,11359,11413,0,2,14,2,7,8.56609591824
40940,11359,10473,0,2,14,2,9,4.66282914272
40941,11359,10454,0,2,19,2,10,7.37551205287
40942,11359,11416,0,2,5,2,5,8.48468072519
40943,11359,10280,0,2,5,2,3,13.9544299483
40944,11359,11694,0,2,5,2,4,15.3771104284
40945,11359,11358,1,2,6,2,4,2.44790363143
40946,11359,11421,0,2,4,2,4,8.23291343133
40947,11359,11412,0,2,4,2,4,6.65772639757
40948,11359,10174,0,2,2,2,2,10.7907090909
40949,11359,11417,0,2,3,2,3,8.84386440309
40950,11359,11427,0,2,5,2,4,4.70451234123
40951,11359,11411,0,2,4,2,2,7.17744549891
40952,11359,11374,0,2,10,2,9,6.43641202359
40953,11359,10096,0,2,2,2,2,10.5473962572
40954,11359,10006,0,2,19,2,18,13.7334574019
40955,11359,10037,0,2,15,2,10,8.48117392079
40956,11359,11370,0,2,8,2,4,6.31369937207
40957,11359,10475,0,2,15,2,11,6.44374638976
40958,11359,11225,0,2,17,2,13,12.9621643253
40959,11359,10282,0,2,10,2,9,13.5162135178
40960,11359,11426,0,2,12,2,5,5.09584108452
40961,11359,11378,0,2,18,2,7,8.13483578154
40962,11359,10107,0,2,1,2,1,10.9586207089
40963,11359,11251,0,2,4,2,3,13.488655008
40964,11359,11436,0,2,6,2,3,8.25421361362
40965,11359,11360,1,2,10,2,5,0.87307576469
40966,11359,11356,0,2,2,2,2,3.5478147177
40967,11359,10474,0,2,8,2,7,5.9808332091
40968,11359,11697,0,2,1,2,1,17.488992228
40969,11359,10172,0,2,2,2,2,10.6886838541
40970,11359,11691,0,2,4,2,3,13.3310528203
40971,11359,10470,0,2,6,2,4,8.64674715885
40972,11359,11366,0,2,7,2,5,4.69793152332
40973,11359,10041,0,2,2,2,2,13.7240728453
40974,11359,10278,0,2,1,2,1,13.0562190317
40975,11359,10106,0,2,4,2,1,10.8543074302
40976,11359,11428,0,2,2,2,2,5.35631888413
40977,11359,10286,0,2,1,2,1,13.4791871041
40978,11359,10279,0,2,1,2,1,13.3527492327
40979,11359,10103,0,2,1,2,1,10.7779560262
40980,11359,10196,0,2,1,2,1,10.5473962572
40981,11359,10154,0,2,1,2,1,10.5564438814
40982,11359,10119,0,2,2,2,2,11.7047605146
40983,11359,10464,0,2,5,2,4,4.47944683397
40984,11359,10166,0,2,2,2,2,10.7938357606
40985,11359,10203,0,2,1,2,1,10.5473962572
40986,11359,11359,2,2,2,2,2,0.0
40987,11359,10177,0,2,1,2,1,10.7736571351
40988,11359,11040,0,2,1,2,1,6.17614035497
40989,11359,11364,0,2,2,2,2,3.2977973775
40990,11359,11692,0,2,2,2,2,13.8254120968
40991,11359,11423,0,2,1,2,1,5.43618653602
40992,11359,11415,0,2,2,2,2,6.54662053427
40993,11359,10175,0,2,2,2,1,10.9789914193
40994,10177,10012,0,1,445,1,357,2.33986957212
40995,10177,11222,0,1,110,1,71,2.56487191923
40996,10177,11231,0,1,65,1,44,5.46128611472
40997,10177,10019,0,1,637,1,440,0.872294380699
40998,10177,11102,0,1,35,1,30,2.91584777325
40999,10177,10003,0,1,493,1,400,1.72256869206
41000,10177,10020,0,1,143,1,116,0.316167181318
41001,10177,10018,0,1,339,1,256,0.90687433959
41002,10177,10001,0,1,670,1,468,1.11860525265
41003,10177,11365,0,1,21,1,9,9.72181270558
41004,10177,10007,0,1,1780,1,1042,3.24237787454
41005,10177,10022,0,1,228,1,164,0.525246782314
41006,10177,10013,0,1,745,1,406,2.84079911644
41007,10177,10472,0,1,23,1,8,7.66119039343
41008,10177,11226,0,1,195,1,123,7.67272150315
41009,10177,10027,0,1,141,1,83,4.10716631732
41010,10177,11210,0,1,34,1,20,8.93621049208
41011,10177,11693,0,1,6,1,6,13.6701113206
41012,10177,11432,0,1,49,1,36,10.0096877477
41013,10177,11103,0,1,35,1,26,3.46014574212
41014,10177,11237,0,1,64,1,53,4.64330332614
41015,10177,10010,0,1,218,1,181,1.16895096237
41016,10177,10014,0,1,397,1,286,2.0925988045
41017,10177,10009,0,1,135,1,91,1.95404969072
41018,10177,10036,0,1,826,1,656,0.793718015711
41019,10177,11216,0,1,60,1,49,5.37424498714
41020,10177,11418,0,1,15,1,11,8.44414664205
41021,10177,11109,0,1,5,1,5,9.05805578779
41022,10177,11371,0,1,71,1,65,5.42325518146
41023,10177,10460,0,1,42,1,22,7.75193895563
41024,10177,10048,0,1,86,1,65,3.53786676775
41025,10177,10128,0,1,51,1,40,2.27461727785
41026,10177,11375,0,1,44,1,27,7.24695227943
41027,10177,10023,0,1,210,1,134,1.47534765294
41028,10177,11211,0,1,352,1,256,3.19690303436
41029,10177,10011,0,1,437,1,352,1.60261280744
41030,10177,10025,0,1,143,1,65,3.00723869678
41031,10177,10032,0,1,65,1,28,6.16120891309
41032,10177,11232,0,1,125,1,24,7.04759643936
41033,10177,11377,0,1,46,1,33,3.89154539474
41034,10177,11361,0,1,19,1,11,10.6213998118
41035,10177,11206,0,1,90,1,63,4.05118899649
41036,10177,11430,0,1,187,1,143,11.919906711
41037,10177,10021,0,1,62,1,45,1.21956605916
41038,10177,11201,0,1,234,1,176,4.19985913021
41039,10177,11238,0,1,109,1,64,5.23729846588
41040,10177,10016,0,1,162,1,110,0.637289554872
41041,10177,11218,0,1,26,1,19,7.64495299874
41042,10177,10301,0,1,45,1,32,10.5480078739
41043,10177,10452,0,1,54,1,34,6.4080494492
41044,10177,10314,0,1,51,1,30,13.5855094822
41045,10177,10461,0,1,50,1,20,9.42360114296
41046,10177,11101,0,1,193,1,96,2.06166051582
41047,10177,10029,0,1,50,1,38,2.96424958976
41048,10177,10467,0,1,33,1,22,9.81802899678
41049,10177,11208,0,1,43,1,13,7.88295309067
41050,10177,10024,0,1,101,1,71,2.14263183831
41051,10177,10005,0,1,65,1,41,3.80698614374
41052,10177,10030,0,1,39,1,26,4.65850710853
41053,10177,10002,1,1,258,1,186,2.70446099768
41054,10177,11385,0,1,56,1,31,5.6660430837
41055,10177,11220,0,1,38,1,23,8.13110470271
41056,10177,11215,0,1,123,1,95,6.08148376777
41057,10177,10038,0,1,174,1,85,3.46739321844
41058,10177,11217,0,1,92,1,71,5.05559058723
41059,10177,10462,0,1,104,1,58,8.59308569528
41060,10177,10040,0,1,80,1,27,7.55548520721
41061,10177,10457,0,1,28,1,16,7.50219408497
41062,10177,10017,1,1,277,1,161,0.296096493247
41063,10177,11433,0,1,18,1,12,10.707163414
41064,10177,10308,0,1,8,1,8,16.8106606005
41065,10177,10468,0,1,52,1,30,8.70297444273
41066,10177,10111,0,1,15,1,13,0.282199097001
41067,10177,10309,0,1,23,1,15,19.9354282713
41068,10177,10034,0,1,68,1,33,8.28881549489
41069,10177,10028,0,1,89,1,53,1.87563872449
41070,10177,10035,0,1,65,1,32,3.93827761307
41071,10177,11228,0,1,10,1,8,9.68927210393
41072,10177,11105,0,1,25,1,19,3.80559461517
41073,10177,11355,0,1,26,1,18,8.23168833465
41074,10177,11209,0,1,49,1,28,9.53542902433
41075,10177,11213,0,1,35,1,20,6.2185891097
41076,10177,11369,0,1,12,1,8,5.56386199232
41077,10177,10031,0,1,64,1,45,5.09460416809
41078,10177,11221,0,1,120,1,61,5.13644298258
41079,10177,11212,0,1,12,1,10,7.22455861255
41080,10177,11233,0,1,74,1,34,6.19580017693
41081,10177,11368,0,1,62,1,41,6.2029689818
41082,10177,11205,0,1,37,1,31,4.25611665523
41083,10177,10069,0,1,14,1,8,1.58155930894
41084,10177,11203,0,1,39,1,8,7.67449073507
41085,10177,10459,0,1,16,1,8,6.50035590141
41086,10177,11219,0,1,6,1,4,8.54617841979
41087,10177,11434,0,1,32,1,16,12.035628583
41088,10177,11230,0,1,11,1,5,9.15355764068
41089,10177,11373,0,1,53,1,27,5.31463130427
41090,10177,11362,0,1,8,1,5,12.7469792045
41091,10177,10305,0,1,11,1,8,11.973604495
41092,10177,11104,0,1,8,1,6,3.07522281407
41093,10177,10004,0,1,168,1,99,5.16428664046
41094,10177,10275,0,1,13,1,7,1.75402386185
41095,10177,10118,0,1,4,1,3,0.698798913608
41096,10177,10026,0,1,57,1,43,3.46471196799
41097,10177,11235,0,1,19,1,14,11.9146569542
41098,10177,10469,0,1,44,1,12,10.3284170513
41099,10177,10281,0,1,31,1,24,3.47129994478
41100,10177,11223,0,1,10,1,7,10.8491298766
41101,10177,11379,0,1,33,1,13,5.76159223447
41102,10177,10465,0,1,37,1,16,9.63035996005
41103,10177,10455,0,1,20,1,11,5.48871813697
41104,10177,10466,0,1,16,1,11,11.5469505411
41105,10177,11239,0,1,4,1,2,9.10938224793
41106,10177,11207,0,1,86,1,31,7.24172319579
41107,10177,11367,0,1,35,1,17,8.32285845422
41108,10177,11106,0,1,21,1,19,2.38595514215
41109,10177,10471,0,1,19,1,15,10.7356658199
41110,10177,11234,0,1,50,1,15,9.86278027171
41111,10177,10167,0,1,11,1,4,0.0684763323309
41112,10177,10453,0,1,21,1,16,7.52774542667
41113,10177,10451,0,1,20,1,12,5.26271960143
41114,10177,10033,0,1,86,1,31,6.79742313077
41115,10177,11354,0,1,38,1,25,7.97704839929
41116,10177,10463,0,1,36,1,16,9.39230702922
41117,10177,10169,0,1,4,1,4,0.0608807864934
41118,10177,10456,0,1,21,1,12,6.23292673366
41119,10177,11420,0,1,8,1,7,10.2088397708
41120,10177,10153,0,1,6,1,5,0.606411889316
41121,10177,10307,0,1,6,1,3,22.1088332698
41122,10177,10306,0,1,17,1,8,14.8363364565
41123,10177,10165,0,1,2,1,2,0.253647554932
41124,10177,10303,0,1,11,1,7,13.0846352877
41125,10177,11224,0,1,22,1,13,12.3617750491
41126,10177,10304,0,1,8,1,5,11.8025381254
41127,10177,10458,0,1,34,1,31,8.79348292194
41128,10177,11414,0,1,13,1,7,9.67628159487
41129,10177,11204,0,1,9,1,8,9.42286897528
41130,10177,11372,0,1,16,1,11,4.82836496483
41131,10177,11357,0,1,9,1,6,8.98155751276
41132,10177,10044,0,1,9,1,8,1.48900371992
41133,10177,11229,0,1,27,1,14,10.9254474454
41134,10177,11236,0,1,15,1,9,8.78941634008
41135,10177,10302,0,1,5,1,5,12.0424941506
41136,10177,11422,0,1,11,1,8,14.1802889582
41137,10177,10312,0,1,4,1,2,18.0316474637
41138,10177,10310,0,1,27,1,6,11.2211674269
41139,10177,11429,0,1,8,1,6,12.8505773064
41140,10177,10152,0,1,2,1,2,0.303001257842
41141,10177,11214,0,1,10,1,6,10.8396465458
41142,10177,11435,0,1,41,1,23,9.5232404387
41143,10177,10039,0,1,8,1,7,5.29838255504
41144,10177,10121,0,1,1,1,1,0.917756621888
41145,10177,11413,0,1,14,1,7,13.1808849438
41146,10177,10473,0,1,14,1,9,7.53373133227
41147,10177,10454,0,1,19,1,10,4.6950842661
41148,10177,11416,0,1,5,1,5,8.26594616611
41149,10177,10280,0,1,5,1,3,3.96331623845
41150,10177,11694,0,1,5,1,4,14.0770268254
41151,10177,11358,0,1,6,1,4,9.44977475069
41152,10177,11421,0,1,4,1,4,7.61863612155
41153,10177,11412,0,1,4,1,4,12.0582555201
41154,10177,10174,0,1,2,1,2,0.259186686647
41155,10177,11417,0,1,3,1,3,8.82458469676
41156,10177,11427,0,1,5,1,4,12.1253834413
41157,10177,11411,0,1,4,1,2,13.3187684259
41158,10177,11374,0,1,10,1,9,6.39920770818
41159,10177,10096,0,1,2,1,2,1.75402386185
41160,10177,10006,0,1,19,1,18,3.81518721564
41161,10177,10037,0,1,15,1,10,4.51947163002
41162,10177,11370,0,1,8,1,4,4.52085825335
41163,10177,10475,0,1,15,1,11,11.6034881637
41164,10177,11225,0,1,17,1,13,6.47405716202
41165,10177,10282,0,1,10,1,9,3.31120110091
41166,10177,11426,0,1,12,1,5,13.477835434
41167,10177,11378,0,1,18,1,7,4.4138367004
41168,10177,10107,0,1,1,1,1,0.840392793955
41169,10177,11251,0,1,4,1,3,7.78009030384
41170,10177,11436,0,1,6,1,3,10.9515309141
41171,10177,11360,0,1,10,1,5,10.4288210347
41172,10177,11356,0,1,2,1,2,7.25146386511
41173,10177,10474,0,1,8,1,7,6.12440806185
41174,10177,11697,0,1,1,1,1,13.9225882495
41175,10177,10172,0,1,2,1,2,0.0856240830639
41176,10177,11691,0,1,4,1,3,15.6264951768
41177,10177,10470,0,1,6,1,4,11.7077105618
41178,10177,11366,0,1,7,1,5,9.71454870404
41179,10177,10041,0,1,2,1,2,4.02622111218
41180,10177,10278,0,1,1,1,1,3.10063580839
41181,10177,10106,0,1,4,1,1,0.720082757434
41182,10177,11428,0,1,2,1,2,12.5639868122
41183,10177,10286,0,1,1,1,1,3.40298546683
41184,10177,10279,0,1,1,1,1,3.37920555646
41185,10177,10103,0,1,1,1,1,0.395284033988
41186,10177,10196,0,1,1,1,1,1.75402386185
41187,10177,10154,0,1,1,1,1,0.255758964957
41188,10177,10119,0,1,2,1,2,0.935129585563
41189,10177,10464,0,1,5,1,4,12.0588414944
41190,10177,10166,0,1,2,1,2,0.0526044659925
41191,10177,10203,0,1,1,1,1,1.75402386185
41192,10177,11359,0,1,2,1,2,10.7736571351
41193,10177,10177,1,1,1,1,1,0.0
41194,10177,11040,0,1,1,1,1,15.6166044579
41195,10177,11364,0,1,2,1,2,11.3581660602
41196,10177,11692,0,1,2,1,2,14.6769622922
41197,10177,11423,0,1,1,1,1,11.2719720102
41198,10177,11415,0,1,2,1,2,8.3782612607
41199,10177,10175,0,1,2,1,1,0.206592634847
41200,11040,10012,0,1,445,1,357,16.8049842548
41201,11040,11222,0,1,110,1,71,14.0422694452
41202,11040,11231,0,1,65,1,44,17.5570077443
41203,11040,10019,0,1,637,1,440,16.1676009798
41204,11040,11102,0,1,35,1,30,13.0384113276
41205,11040,10003,0,1,493,1,400,16.307381792
41206,11040,10020,0,1,143,1,116,15.8477496282
41207,11040,10018,0,1,339,1,256,16.5212710846
41208,11040,10001,0,1,670,1,468,16.6749607854
41209,11040,11365,0,1,21,1,9,5.94411544384
41210,11040,10007,0,1,1780,1,1042,17.3404062888
41211,11040,10022,0,1,228,1,164,15.1731380397
41212,11040,10013,0,1,745,1,406,17.1967551008
41213,11040,10472,0,1,23,1,8,11.6293008535
41214,11040,11226,0,1,195,1,123,16.0125470944
41215,11040,10027,0,1,141,1,83,15.2587570922
41216,11040,11210,0,1,34,1,20,16.0927668219
41217,11040,11693,0,1,6,1,6,12.4962509585
41218,11040,11432,0,1,49,1,36,6.31907293493
41219,11040,11103,0,1,35,1,26,12.2503517896
41220,11040,11237,0,1,64,1,53,12.9417536447
41221,11040,10010,0,1,218,1,181,15.9099380286
41222,11040,10014,0,1,397,1,286,17.1388270944
41223,11040,10009,0,1,135,1,91,15.7678978849
41224,11040,10036,0,1,826,1,656,16.3725593281
41225,11040,11216,0,1,60,1,49,14.7825594836
41226,11040,11418,0,1,15,1,11,8.68066552413
41227,11040,11109,0,1,5,1,5,11.8901926827
41228,11040,11371,0,1,71,1,65,10.4865262833
41229,11040,10460,0,1,42,1,22,12.543638574
41230,11040,10048,0,1,86,1,65,17.6259806774
41231,11040,10128,0,1,51,1,40,14.4934315463
41232,11040,11375,0,1,44,1,27,8.89402484899
41233,11040,10023,0,1,210,1,134,16.1089522587
41234,11040,11211,0,1,352,1,256,14.6081516338
41235,11040,10011,0,1,437,1,352,16.8563112678
41236,11040,10025,0,1,143,1,65,15.6469683573
41237,11040,10032,0,1,65,1,28,15.3352962842
41238,11040,11232,0,1,125,1,24,18.1166906203
41239,11040,11377,0,1,46,1,33,11.7989570752
41240,11040,11361,0,1,19,1,11,5.17611271433
41241,11040,11206,0,1,90,1,63,14.1354585836
41242,11040,11430,0,1,187,1,143,8.84367805833
41243,11040,10021,0,1,62,1,45,14.875385449
41244,11040,11201,0,1,234,1,176,16.6096450113
41245,11040,11238,0,1,109,1,64,15.5086863975
41246,11040,10016,0,1,162,1,110,15.6744040982
41247,11040,11218,0,1,26,1,19,17.0108339177
41248,11040,10301,0,1,45,1,32,23.1257112132
41249,11040,10452,0,1,54,1,34,14.3759483694
41250,11040,10314,0,1,51,1,30,26.241209507
41251,11040,10461,0,1,50,1,20,10.8336407317
41252,11040,11101,0,1,193,1,96,13.652348427
41253,11040,10029,0,1,50,1,38,14.3945289794
41254,11040,10467,0,1,33,1,22,13.3925865697
41255,11040,11208,0,1,43,1,13,11.2586117469
41256,11040,10024,0,1,101,1,71,15.927033707
41257,11040,10005,0,1,65,1,41,17.4904814583
41258,11040,10030,0,1,39,1,26,14.8164096907
41259,11040,10002,0,1,258,1,186,16.2683045604
41260,11040,11385,0,1,56,1,31,11.5606750143
41261,11040,11220,0,1,38,1,23,19.02392895
41262,11040,11215,0,1,123,1,95,16.9221118928
41263,11040,10038,0,1,174,1,85,17.1985478837
41264,11040,11217,0,1,92,1,71,16.2441993714
41265,11040,10462,0,1,104,1,58,11.6492502601
41266,11040,10040,0,1,80,1,27,15.3337230607
41267,11040,10457,0,1,28,1,16,13.5660157645
41268,11040,10017,0,1,277,1,161,15.4082334747
41269,11040,11433,0,1,18,1,12,6.52810122066
41270,11040,10308,0,1,8,1,8,28.1095887791
41271,11040,10468,0,1,52,1,30,14.3795548713
41272,11040,10111,0,1,15,1,13,15.7200912716
41273,11040,10309,0,1,23,1,15,31.6938749963
41274,11040,10034,0,1,68,1,33,15.291982175
41275,11040,10028,0,1,89,1,53,14.6247143335
41276,11040,10035,0,1,65,1,32,13.9745983964
41277,11040,11228,0,1,10,1,8,19.5012785238
41278,11040,11105,0,1,25,1,19,12.2248393942
41279,11040,11355,0,1,26,1,18,7.38512387369
41280,11040,11209,0,1,49,1,28,20.1795543708
41281,11040,11213,0,1,35,1,20,14.3126769191
41282,11040,11369,0,1,12,1,8,10.1457611792
41283,11040,10031,0,1,64,1,45,15.2755335979
41284,11040,11221,0,1,120,1,61,13.4704109014
41285,11040,11212,0,1,12,1,10,13.5070519556
41286,11040,11233,0,1,74,1,34,13.3803665669
41287,11040,11368,0,1,62,1,41,9.42097969641
41288,11040,11205,0,1,37,1,31,15.4039166565
41289,11040,10069,0,1,14,1,8,16.5005309171
41290,11040,11203,0,1,39,1,8,14.832528651
41291,11040,10459,0,1,16,1,8,12.6012111037
41292,11040,11219,0,1,6,1,4,18.328087426
41293,11040,11434,0,1,32,1,16,6.80127869035
41294,11040,11230,0,1,11,1,5,17.1196356885
41295,11040,11373,0,1,53,1,27,10.4597397178
41296,11040,11362,0,1,8,1,5,3.07434240004
41297,11040,10305,0,1,11,1,8,23.0563014944
41298,11040,11104,0,1,8,1,6,12.6240335932
41299,11040,10004,0,1,168,1,99,19.2539982328
41300,11040,10275,0,1,13,1,7,15.8637775205
41301,11040,10118,0,1,4,1,3,16.1437819415
41302,11040,10026,0,1,57,1,43,15.0457677855
41303,11040,11235,0,1,19,1,14,17.9899712197
41304,11040,10469,0,1,44,1,12,12.3792404784
41305,11040,10281,0,1,31,1,24,17.7454740078
41306,11040,11223,0,1,10,1,7,18.365512415
41307,11040,11379,0,1,33,1,13,10.676477955
41308,11040,10465,0,1,37,1,16,9.24587922912
41309,11040,10455,0,1,20,1,11,13.0045029398
41310,11040,10466,0,1,16,1,11,13.4905574919
41311,11040,11239,0,1,4,1,2,12.4678129381
41312,11040,11207,0,1,86,1,31,12.3491577038
41313,11040,11367,0,1,35,1,17,7.54414518289
41314,11040,11106,0,1,21,1,19,13.3162583785
41315,11040,10471,0,1,19,1,15,16.0392583655
41316,11040,11234,0,1,50,1,15,15.3650754436
41317,11040,10167,0,1,11,1,4,15.5551238654
41318,11040,10453,0,1,21,1,16,14.3966013613
41319,11040,10451,0,1,20,1,12,13.8212309238
41320,11040,10033,0,1,86,1,31,15.2838911587
41321,11040,11354,0,1,38,1,25,7.85426896384
41322,11040,10463,0,1,36,1,16,15.3128475763
41323,11040,10169,0,1,4,1,4,15.6119069744
41324,11040,10456,0,1,21,1,12,13.448978189
41325,11040,11420,0,1,8,1,7,8.58957981685
41326,11040,10153,0,1,6,1,5,15.4800077465
41327,11040,10307,0,1,6,1,3,33.8258347741
41328,11040,10306,0,1,17,1,8,25.9863055073
41329,11040,10165,0,1,2,1,2,15.7543015955
41330,11040,10303,0,1,11,1,7,26.5726283346
41331,11040,11224,0,1,22,1,13,20.0451342793
41332,11040,10304,0,1,8,1,5,23.5144161712
41333,11040,10458,0,1,34,1,31,13.8239693336
41334,11040,11414,0,1,13,1,7,10.4200959097
41335,11040,11204,0,1,9,1,8,18.1980864401
41336,11040,11372,0,1,16,1,11,10.7897116897
41337,11040,11357,0,1,9,1,6,7.41172397442
41338,11040,10044,0,1,9,1,8,14.241806002
41339,11040,11229,0,1,27,1,14,16.9720589944
41340,11040,11236,0,1,15,1,9,13.7529224334
41341,11040,10302,0,1,5,1,5,25.2728389026
41342,11040,11422,0,1,11,1,8,6.28141902316
41343,11040,10312,0,1,4,1,2,29.5520006659
41344,11040,10310,0,1,27,1,6,24.1709787978
41345,11040,11429,0,1,8,1,6,3.93361017371
41346,11040,10152,0,1,2,1,2,15.4281736656
41347,11040,11214,0,1,10,1,6,19.3973737285
41348,11040,11435,0,1,41,1,23,7.48117559035
41349,11040,10039,0,1,8,1,7,14.7087398068
41350,11040,10121,0,1,1,1,1,16.4293450512
41351,11040,11413,0,1,14,1,7,6.29966353445
41352,11040,10473,0,1,14,1,9,10.7862057488
41353,11040,10454,0,1,19,1,10,13.1882964091
41354,11040,11416,0,1,5,1,5,9.89215474659
41355,11040,10280,0,1,5,1,3,17.9554141855
41356,11040,11694,0,1,5,1,4,14.4922087098
41357,11040,11358,0,1,6,1,4,6.26755222502
41358,11040,11421,0,1,4,1,4,10.0765270323
41359,11040,11412,0,1,4,1,4,5.27484290942
41360,11040,10174,0,1,2,1,2,15.556340634
41361,11040,11417,0,1,3,1,3,9.86962781268
41362,11040,11427,0,1,5,1,4,3.75380277652
41363,11040,11411,0,1,4,1,2,4.52675707322
41364,11040,11374,0,1,10,1,9,9.6303804673
41365,11040,10096,0,1,2,1,2,15.8637775205
41366,11040,10006,0,1,19,1,18,17.7234621965
41367,11040,10037,0,1,15,1,10,14.3415784973
41368,11040,11370,0,1,8,1,4,11.1883181569
41369,11040,10475,0,1,15,1,11,12.1053680905
41370,11040,11225,0,1,17,1,13,15.5163762313
41371,11040,10282,0,1,10,1,9,17.6939675133
41372,11040,11426,0,1,12,1,5,2.33041203074
41373,11040,11378,0,1,18,1,7,11.8164387312
41374,11040,10107,0,1,1,1,1,16.0224609397
41375,11040,11251,0,1,4,1,3,15.5188342512
41376,11040,11436,0,1,6,1,3,7.80043059926
41377,11040,11360,0,1,10,1,5,5.90145871595
41378,11040,11356,0,1,2,1,2,9.12692864016
41379,11040,10474,0,1,8,1,7,11.969262849
41380,11040,11697,0,1,1,1,1,17.4653039909
41381,11040,10172,0,1,2,1,2,15.5322758196
41382,11040,11691,0,1,4,1,3,10.7314145229
41383,11040,10470,0,1,6,1,4,14.465337494
41384,11040,11366,0,1,7,1,5,6.20117143709
41385,11040,10041,0,1,2,1,2,17.6002229632
41386,11040,10278,0,1,1,1,1,17.1628251441
41387,11040,10106,0,1,4,1,1,15.8949158924
41388,11040,11428,0,1,2,1,2,3.63348072303
41389,11040,10286,0,1,1,1,1,17.588899388
41390,11040,10279,0,1,1,1,1,17.4249763696
41391,11040,10103,0,1,1,1,1,15.7338621003
41392,11040,10196,0,1,1,1,1,15.8637775205
41393,11040,10154,0,1,1,1,1,15.4483121291
41394,11040,10119,0,1,2,1,2,16.4842168967
41395,11040,10464,0,1,5,1,4,9.76344034567
41396,11040,10166,0,1,2,1,2,15.6216743523
41397,11040,10203,0,1,1,1,1,15.8637775205
41398,11040,11359,0,1,2,1,2,6.17614035497
41399,11040,10177,0,1,1,1,1,15.6166044579
41400,11040,11040,1,1,1,1,1,0.0
41401,11040,11364,0,1,2,1,2,4.25853167251
41402,11040,11692,0,1,2,1,2,12.0286357553
41403,11040,11423,0,1,1,1,1,5.0866913658
41404,11040,11415,0,1,2,1,2,8.2959358297
41405,11040,10175,0,1,2,1,1,15.806447112
41406,11364,10012,0,2,445,2,357,12.5945998023
41407,11364,11222,0,2,110,2,71,9.84548408109
41408,11364,11231,0,2,65,2,44,13.5725963652
41409,11364,10019,0,2,637,2,440,11.9130078155
41410,11364,11102,0,2,35,2,30,8.8053481786
41411,11364,10003,0,2,493,2,400,12.0802915313
41412,11364,10020,0,2,143,2,116,11.5894074713
41413,11364,10018,0,2,339,2,256,12.263002779
41414,11364,10001,0,2,670,2,468,12.4186847153
41415,11364,11365,0,2,21,2,9,1.76969605044
41416,11364,10007,0,2,1780,2,1042,13.1655961194
41417,11364,10022,0,2,228,2,164,10.9150793193
41418,11364,10013,0,2,745,2,406,13.0014812972
41419,11364,10472,0,2,23,2,8,8.10779437206
41420,11364,11226,0,2,195,2,123,12.4310736587
41421,11364,10027,0,2,141,2,83,11.1972914593
41422,11364,11210,0,2,34,2,20,12.7351163544
41423,11364,11693,0,2,6,2,6,10.8012862908
41424,11364,11432,0,2,49,2,36,2.84736593548
41425,11364,11103,0,2,35,2,26,8.00072228183
41426,11364,11237,0,2,64,2,53,8.915880409
41427,11364,10010,0,2,218,2,181,11.6688239537
41428,11364,10014,0,2,397,2,286,12.9049918811
41429,11364,10009,0,2,135,2,91,11.5583973658
41430,11364,10036,0,2,826,2,656,12.1142865172
41431,11364,11216,0,2,60,2,49,10.8943989655
41432,11364,11418,0,2,15,2,11,5.10399130707
41433,11364,11109,0,2,5,2,5,8.78413357864
41434,11364,11371,0,2,71,2,65,6.28998466458
41435,11364,10460,0,2,42,2,22,9.06419785789
41436,11364,10048,0,2,86,2,65,13.4592473336
41437,11364,10128,0,2,51,2,40,10.2825382579
41438,11364,11375,0,2,44,2,27,4.85634211286
41439,11364,10023,0,2,210,2,134,11.8698887971
41440,11364,11211,0,2,352,2,256,10.4769544187
41441,11364,10011,0,2,437,2,352,12.6110395045
41442,11364,10025,0,2,143,2,65,11.4900125484
41443,11364,10032,0,2,65,2,28,11.5212532299
41444,11364,11232,0,2,125,2,24,14.2907412852
41445,11364,11377,0,2,46,2,33,7.5529129181
41446,11364,11361,0,2,19,2,11,1.35202312687
41447,11364,11206,0,2,90,2,63,10.079874046
41448,11364,11430,0,2,187,2,143,6.89804845223
41449,11364,10021,0,2,62,2,45,10.6268504145
41450,11364,11201,0,2,234,2,176,12.5416887349
41451,11364,11238,0,2,109,2,64,11.5884366265
41452,11364,10016,0,2,162,2,110,11.4221131896
41453,11364,11218,0,2,26,2,19,13.3565654714
41454,11364,10301,0,2,45,2,32,19.2707594456
41455,11364,10452,0,2,54,2,34,10.6234773753
41456,11364,10314,0,2,51,2,30,22.4344623173
41457,11364,10461,0,2,50,2,20,7.80399576542
41458,11364,11101,0,2,193,2,96,9.40110206815
41459,11364,10029,0,2,50,2,38,10.2276614694
41460,11364,10467,0,2,33,2,22,10.3907502587
41461,11364,11208,0,2,43,2,13,7.8120828086
41462,11364,10024,0,2,101,2,71,11.7166125291
41463,11364,10005,0,2,65,2,41,13.3510007008
41464,11364,10030,0,2,39,2,26,10.8167262257
41465,11364,10002,0,2,258,2,186,12.0931331728
41466,11364,11385,0,2,56,2,31,7.59955690299
41467,11364,11220,0,2,38,2,23,15.27301933
41468,11364,11215,0,2,123,2,95,13.0491879671
41469,11364,10038,0,2,174,2,85,13.045972707
41470,11364,11217,0,2,92,2,71,12.2785824463
41471,11364,10462,0,2,104,2,58,8.37641125438
41472,11364,10040,0,2,80,2,27,11.7412894569
41473,11364,10457,0,2,28,2,16,10.0259135384
41474,11364,10017,0,2,277,2,161,11.1507871501
41475,11364,11433,0,2,18,2,12,3.74944479139
41476,11364,10308,0,2,8,2,8,24.5779847611
41477,11364,10468,0,2,52,2,30,11.0586204729
41478,11364,10111,0,2,15,2,13,11.4619201773
41479,11364,10309,0,2,23,2,15,28.1312834078
41480,11364,10034,0,2,68,2,33,11.8349366326
41481,11364,10028,0,2,89,2,53,10.3959997984
41482,11364,10035,0,2,65,2,32,9.88617482437
41483,11364,11228,0,2,10,2,8,15.9464953523
41484,11364,11105,0,2,25,2,19,8.01265572706
41485,11364,11355,0,2,26,2,18,3.12659237765
41486,11364,11209,0,2,49,2,28,16.5240113547
41487,11364,11213,0,2,35,2,20,10.5566689388
41488,11364,11369,0,2,12,2,8,5.90775072107
41489,11364,10031,0,2,64,2,45,11.32183439
41490,11364,11221,0,2,120,2,61,9.53962859506
41491,11364,11212,0,2,12,2,10,9.94265051398
41492,11364,11233,0,2,74,2,34,9.62111969724
41493,11364,11368,0,2,62,2,41,5.16606668737
41494,11364,11205,0,2,37,2,31,11.3732159951
41495,11364,10069,0,2,14,2,8,12.2585911032
41496,11364,11203,0,2,39,2,8,11.315954509
41497,11364,10459,0,2,16,2,8,8.85446443474
41498,11364,11219,0,2,6,2,4,14.706335515
41499,11364,11434,0,2,32,2,16,5.00150824501
41500,11364,11230,0,2,11,2,5,13.714193046
41501,11364,11373,0,2,53,2,27,6.24158656666
41502,11364,11362,0,2,8,2,5,1.66330777234
41503,11364,10305,0,2,11,2,8,19.4394424935
41504,11364,11104,0,2,8,2,6,8.37560106354
41505,11364,10004,0,2,168,2,99,15.1236886591
41506,11364,10275,0,2,13,2,7,11.6371030253
41507,11364,10118,0,2,4,2,3,11.8886987397
41508,11364,10026,0,2,57,2,43,10.9266105357
41509,11364,11235,0,2,19,2,14,15.0430811884
41510,11364,10469,0,2,44,2,12,9.58051453561
41511,11364,10281,0,2,31,2,24,13.5679803323
41512,11364,11223,0,2,10,2,7,15.1514212436
41513,11364,11379,0,2,33,2,13,6.61103588923
41514,11364,10465,0,2,37,2,16,6.23240758639
41515,11364,10455,0,2,20,2,11,9.09062824798
41516,11364,10466,0,2,16,2,11,10.9494738479
41517,11364,11239,0,2,4,2,2,9.36310838615
41518,11364,11207,0,2,86,2,31,8.78167564056
41519,11364,11367,0,2,35,2,17,3.4616723605
41520,11364,11106,0,2,21,2,19,9.06231253217
41521,11364,10471,0,2,19,2,15,13.0259712043
41522,11364,11234,0,2,50,2,15,12.2601608472
41523,11364,10167,0,2,11,2,4,11.2967606104
41524,11364,10453,0,2,21,2,16,10.839594378
41525,11364,10451,0,2,20,2,12,9.89444431652
41526,11364,10033,0,2,86,2,31,11.5678444936
41527,11364,11354,0,2,38,2,25,3.71341761454
41528,11364,10463,0,2,36,2,16,12.0749493981
41529,11364,10169,0,2,4,2,4,11.3536413239
41530,11364,10456,0,2,21,2,12,9.67074515133
41531,11364,11420,0,2,8,2,7,5.82785850027
41532,11364,10153,0,2,6,2,5,11.2245508083
41533,11364,10307,0,2,6,2,3,30.2978069016
41534,11364,10306,0,2,17,2,8,22.4373700065
41535,11364,10165,0,2,2,2,2,11.4968483913
41536,11364,10303,0,2,11,2,7,22.6344553553
41537,11364,11224,0,2,22,2,13,16.9155680139
41538,11364,10304,0,2,8,2,5,19.8058691646
41539,11364,10458,0,2,34,2,31,10.5516181183
41540,11364,11414,0,2,13,2,7,7.51254569489
41541,11364,11204,0,2,9,2,8,14.7364054694
41542,11364,11372,0,2,16,2,11,6.53195351005
41543,11364,11357,0,2,9,2,6,3.66937528262
41544,11364,10044,0,2,9,2,8,9.9865226219
41545,11364,11229,0,2,27,2,14,13.9354605907
41546,11364,11236,0,2,15,2,9,10.5183157613
41547,11364,10302,0,2,5,2,5,21.3578296302
41548,11364,11422,0,2,11,2,8,5.95279926125
41549,11364,10312,0,2,4,2,2,26.0038539404
41550,11364,10310,0,2,27,2,6,20.2809376281
41551,11364,11429,0,2,8,2,6,2.83524906917
41552,11364,10152,0,2,2,2,2,11.1699154406
41553,11364,11214,0,2,10,2,6,16.0577189248
41554,11364,11435,0,2,41,2,23,4.15084919722
41555,11364,10039,0,2,8,2,7,10.7888528311
41556,11364,10121,0,2,1,2,1,12.173803926
41557,11364,11413,0,2,14,2,7,5.30313706415
41558,11364,10473,0,2,14,2,9,7.17643764211
41559,11364,10454,0,2,19,2,10,9.16350676482
41560,11364,11416,0,2,5,2,5,6.45417809091
41561,11364,10280,0,2,5,2,3,13.804454474
41562,11364,11694,0,2,5,2,4,12.6094005808
41563,11364,11358,0,2,6,2,4,2.12403706608
41564,11364,11421,0,2,4,2,4,6.44253959923
41565,11364,11412,0,2,4,2,4,3.4177723088
41566,11364,10174,0,2,2,2,2,11.299204456
41567,11364,11417,0,2,3,2,3,6.63031465365
41568,11364,11427,0,2,5,2,4,1.42521639325
41569,11364,11411,0,2,4,2,2,3.88325988413
41570,11364,11374,0,2,10,2,9,5.50798354602
41571,11364,10096,0,2,2,2,2,11.6371030253
41572,11364,10006,0,2,19,2,18,13.5730489099
41573,11364,10037,0,2,15,2,10,10.3246630771
41574,11364,11370,0,2,8,2,4,6.94351136599
41575,11364,10475,0,2,15,2,11,9.72106305649
41576,11364,11225,0,2,17,2,13,11.7673780478
41577,11364,10282,0,2,10,2,9,13.5076975721
41578,11364,11426,0,2,12,2,5,2.27110755551
41579,11364,11378,0,2,18,2,7,7.65451967505
41580,11364,10107,0,2,1,2,1,11.7687744936
41581,11364,11251,0,2,4,2,3,11.9858555256
41582,11364,11436,0,2,6,2,3,5.36995711388
41583,11364,11360,0,2,10,2,5,2.55154908931
41584,11364,11356,0,2,2,2,2,5.14190402244
41585,11364,10474,0,2,8,2,7,8.11503680571
41586,11364,11697,0,2,1,2,1,15.0659978282
41587,11364,10172,0,2,2,2,2,11.2738087238
41588,11364,11691,0,2,4,2,3,10.1224370102
41589,11364,10470,0,2,6,2,4,11.861707353
41590,11364,11366,0,2,7,2,5,2.32528816336
41591,11364,10041,0,2,2,2,2,13.4732470278
41592,11364,10278,0,2,1,2,1,12.9856761972
41593,11364,10106,0,2,4,2,1,11.6402604571
41594,11364,11428,0,2,2,2,2,2.08903819182
41595,11364,10286,0,2,1,2,1,13.4141403241
41596,11364,10279,0,2,1,2,1,13.2560984448
41597,11364,10103,0,2,1,2,1,11.4763228851
41598,11364,10196,0,2,1,2,1,11.6371030253
41599,11364,10154,0,2,1,2,1,11.189914584
41600,11364,10119,0,2,2,2,2,12.2278386158
41601,11364,10464,0,2,5,2,4,7.76234232919
41602,11364,10166,0,2,2,2,2,11.3633796144
41603,11364,10203,0,2,1,2,1,11.6371030253
41604,11364,11359,0,2,2,2,2,3.2977973775
41605,11364,10177,0,2,1,2,1,11.3581660602
41606,11364,11040,0,2,1,2,1,4.25853167251
41607,11364,11364,2,2,2,2,2,0.0
41608,11364,11692,0,2,2,2,2,10.7758826129
41609,11364,11423,0,2,1,2,1,2.28159664661
41610,11364,11415,0,2,2,2,2,4.57926816224
41611,11364,10175,0,2,2,2,1,11.5482573392
41612,11692,10012,0,2,445,2,357,14.0589480613
41613,11692,11222,0,2,110,2,71,12.1133885303
41614,11692,11231,0,2,65,2,44,12.3829997127
41615,11692,10019,0,2,637,2,440,15.5456098165
41616,11692,11102,0,2,35,2,30,14.0470662508
41617,11692,10003,0,2,493,2,400,14.0109057005
41618,11692,10020,0,2,143,2,116,14.9926329854
41619,11692,10018,0,2,339,2,256,15.2666044092
41620,11692,10001,0,2,670,2,468,15.1628382889
41621,11692,11365,0,2,21,2,9,10.0790481131
41622,11692,10007,0,2,1780,2,1042,13.9363673472
41623,11692,10022,0,2,228,2,164,14.5817423794
41624,11692,10013,0,2,745,2,406,14.1056046334
41625,11692,10472,0,2,23,2,8,16.8255413008
41626,11692,11226,0,2,195,2,123,9.14720765709
41627,11692,10027,0,2,141,2,83,17.3164911675
41628,11692,11210,0,2,34,2,20,8.24138760408
41629,11692,11693,0,2,6,2,6,1.29760388918
41630,11692,11432,0,2,49,2,36,8.36431480005
41631,11692,11103,0,2,35,2,26,13.201901077
41632,11692,11237,0,2,64,2,53,10.0344106937
41633,11692,10010,0,2,218,2,181,14.0532788301
41634,11692,10014,0,2,397,2,286,14.7323953958
41635,11692,10009,0,2,135,2,91,13.3460694011
41636,11692,10036,0,2,826,2,656,15.3792913429
41637,11692,11216,0,2,60,2,49,10.0363614275
41638,11692,11418,0,2,15,2,11,7.55129842568
41639,11692,11109,0,2,5,2,5,5.64359489431
41640,11692,11371,0,2,71,2,65,13.0453987293
41641,11692,10460,0,2,42,2,22,17.681398707
41642,11692,10048,0,2,86,2,65,14.0409806941
41643,11692,10128,0,2,51,2,40,15.3633086456
41644,11692,11375,0,2,44,2,27,9.19012890953
41645,11692,10023,0,2,210,2,134,16.0121517035
41646,11692,11211,0,2,352,2,256,11.7070888171
41647,11692,10011,0,2,437,2,352,14.82477844
41648,11692,10025,0,2,143,2,65,16.828581549
41649,11692,10032,0,2,65,2,28,18.7319863204
41650,11692,11232,0,2,125,2,24,11.7836854724
41651,11692,11377,0,2,46,2,33,11.8017052925
41652,11692,11361,0,2,19,2,11,11.8022232695
41653,11692,11206,0,2,90,2,63,10.8094363287
41654,11692,11430,0,2,187,2,143,3.97308685065
41655,11692,10021,0,2,62,2,45,14.8839940223
41656,11692,11201,0,2,234,2,176,12.3769600155
41657,11692,11238,0,2,109,2,64,10.6380038081
41658,11692,10016,0,2,162,2,110,14.2531310345
41659,11692,11218,0,2,26,2,19,10.1254365251
41660,11692,10301,0,2,45,2,32,15.9307540723
41661,11692,10452,0,2,54,2,34,18.2182404037
41662,11692,10314,0,2,51,2,30,18.4022803773
41663,11692,10461,0,2,50,2,20,17.3928476429
41664,11692,11101,0,2,193,2,96,12.9360881857
41665,11692,10029,0,2,50,2,38,15.8116199838
41666,11692,10467,0,2,33,2,22,19.6584728201
41667,11692,11208,0,2,43,2,13,6.82372560377
41668,11692,10024,0,2,101,2,71,16.400162484
41669,11692,10005,0,2,65,2,41,13.6409429231
41670,11692,10030,0,2,39,2,26,17.3710908301
41671,11692,10002,0,2,258,2,186,13.2064761933
41672,11692,11385,0,2,56,2,31,9.15571862001
41673,11692,11220,0,2,38,2,23,12.0450305539
41674,11692,11215,0,2,123,2,95,11.2319955294
41675,11692,10038,0,2,174,2,85,13.5772063493
41676,11692,11217,0,2,92,2,71,11.3804617456
41677,11692,10462,0,2,104,2,58,17.5123103274
41678,11692,10040,0,2,80,2,27,19.6197369448
41679,11692,10457,0,2,28,2,16,18.3279430735
41680,11692,10017,0,2,277,2,161,14.3810110506
41681,11692,11433,1,2,18,2,12,7.16190659139
41682,11692,10308,0,2,8,2,8,18.9133109108
41683,11692,10468,0,2,52,2,30,19.6826256261
41684,11692,10111,0,2,15,2,13,14.9384301751
41685,11692,10309,0,2,23,2,15,22.3918328764
41686,11692,10034,0,2,68,2,33,20.0477713439
41687,11692,10028,0,2,89,2,53,15.1709908021
41688,11692,10035,0,2,65,2,32,16.1660835864
41689,11692,11228,0,2,10,2,8,11.4857689133
41690,11692,11105,0,2,25,2,19,13.8629967041
41691,11692,11355,0,2,26,2,18,10.8721492506
41692,11692,11209,0,2,49,2,28,12.4728678769
41693,11692,11213,0,2,35,2,20,9.07137065692
41694,11692,11369,0,2,12,2,8,12.3659061848
41695,11692,10031,0,2,64,2,45,17.9917029797
41696,11692,11221,0,2,120,2,61,9.65339090221
41697,11692,11212,0,2,12,2,10,7.81390990297
41698,11692,11233,0,2,74,2,34,8.6793566695
41699,11692,11368,0,2,62,2,41,11.1361715536
41700,11692,11205,0,2,37,2,31,11.3271787348
41701,11692,10069,0,2,14,2,8,16.2286716087
41702,11692,11203,0,2,39,2,8,8.19469071568
41703,11692,10459,0,2,16,2,8,16.8410496415
41704,11692,11219,0,2,6,2,4,10.8954617034
41705,11692,11434,0,2,32,2,16,5.7821816556
41706,11692,11230,0,2,11,2,5,9.1050786763
41707,11692,11373,0,2,53,2,27,10.7831364677
41708,11692,11362,0,2,8,2,5,11.9645833958
41709,11692,10305,0,2,11,2,8,14.6989870927
41710,11692,11104,0,2,8,2,6,12.2747967928
41711,11692,10004,0,2,168,2,99,14.8415856075
41712,11692,10275,0,2,13,2,7,16.0883191151
41713,11692,10118,0,2,4,2,3,14.711561002
41714,11692,10026,0,2,57,2,43,16.7198421227
41715,11692,11235,0,2,19,2,14,8.15210902347
41716,11692,10469,0,2,44,2,12,19.2166193674
41717,11692,10281,0,2,31,2,24,14.2587538822
41718,11692,11223,0,2,10,2,7,9.29616893063
41719,11692,11379,0,2,33,2,13,9.56157678362
41720,11692,10465,0,2,37,2,16,16.1037704491
41721,11692,10455,0,2,20,2,11,16.4492272783
41722,11692,10466,0,2,16,2,11,20.7393099582
41723,11692,11239,0,2,4,2,2,5.71032164444
41724,11692,11207,0,2,86,2,31,7.46749661087
41725,11692,11367,0,2,35,2,17,9.45922069063
41726,11692,11106,0,2,21,2,19,13.6744309589
41727,11692,10471,0,2,19,2,15,21.9847260357
41728,11692,11234,0,2,50,2,15,6.85400131022
41729,11692,10167,0,2,11,2,4,14.6128813362
41730,11692,10453,0,2,21,2,16,18.9588472594
41731,11692,10451,0,2,20,2,12,17.0029042512
41732,11692,10033,0,2,86,2,31,19.1070106585
41733,11692,11354,0,2,38,2,25,12.1749438591
41734,11692,10463,0,2,36,2,16,20.7308437499
41735,11692,10169,0,2,4,2,4,14.6295658544
41736,11692,10456,0,2,21,2,12,17.377377348
41737,11692,11420,0,2,8,2,7,5.62092843187
41738,11692,10153,0,2,6,2,5,15.0120122781
41739,11692,10307,0,2,6,2,3,24.3020039375
41740,11692,10306,0,2,17,2,8,17.0266239174
41741,11692,10165,0,2,2,2,2,14.6169237961
41742,11692,10303,0,2,11,2,7,19.4473495735
41743,11692,11224,0,2,22,2,13,10.3743804914
41744,11692,10304,0,2,8,2,5,15.5088762156
41745,11692,10458,0,2,34,2,31,19.3432789355
41746,11692,11414,0,2,13,2,7,5.14922637522
41747,11692,11204,0,2,9,2,8,10.1026342649
41748,11692,11372,0,2,16,2,11,11.8051520922
41749,11692,11357,0,2,9,2,6,13.2339648156
41750,11692,10044,0,2,9,2,8,14.1908902785
41751,11692,11229,0,2,27,2,14,7.66526743321
41752,11692,11236,0,2,15,2,9,6.55700680848
41753,11692,10302,0,2,5,2,5,18.1483362763
41754,11692,11422,0,2,11,2,8,5.76132959529
41755,11692,10312,0,2,4,2,2,20.3196900509
41756,11692,10310,0,2,27,2,6,17.0338866887
41757,11692,11429,0,2,8,2,6,8.53307791314
41758,11692,10152,0,2,2,2,2,14.7210008842
41759,11692,11214,0,2,10,2,6,10.5503134124
41760,11692,11435,0,2,41,2,23,7.42953082824
41761,11692,10039,0,2,8,2,7,17.7246778742
41762,11692,10121,0,2,1,2,1,14.9391057359
41763,11692,11413,0,2,14,2,7,5.81301611412
41764,11692,10473,0,2,14,2,9,15.9155727371
41765,11692,10454,0,2,19,2,10,16.0058053176
41766,11692,11416,0,2,5,2,5,6.86435708247
41767,11692,10280,0,2,5,2,3,14.0968006957
41768,11692,11694,0,2,5,2,4,2.93880185659
41769,11692,11358,0,2,6,2,4,11.5635550743
41770,11692,11421,0,2,4,2,4,7.51587406206
41771,11692,11412,0,2,4,2,4,7.44069756292
41772,11692,10174,0,2,2,2,2,14.4517821107
41773,11692,11417,0,2,3,2,3,6.25594326249
41774,11692,11427,0,2,5,2,4,9.66844477246
41775,11692,11411,0,2,4,2,2,7.62295089711
41776,11692,11374,0,2,10,2,9,9.73203464954
41777,11692,10096,0,2,2,2,2,16.0883191151
41778,11692,10006,0,2,19,2,18,13.9239089739
41779,11692,10037,0,2,15,2,10,16.9056884632
41780,11692,11370,0,2,8,2,4,12.7493385042
41781,11692,10475,0,2,15,2,11,19.7676354279
41782,11692,11225,0,2,17,2,13,9.67116227145
41783,11692,10282,0,2,10,2,9,14.3358714275
41784,11692,11426,0,2,12,2,5,10.3804804186
41785,11692,11378,0,2,18,2,7,10.6552839021
41786,11692,10107,0,2,1,2,1,15.4872883085
41787,11692,11251,0,2,4,2,3,8.6382710507
41788,11692,11436,0,2,6,2,3,5.60373790229
41789,11692,11360,0,2,10,2,5,12.9602355008
41790,11692,11356,0,2,2,2,2,13.5213878236
41791,11692,10474,0,2,8,2,7,15.9464501962
41792,11692,11697,0,2,1,2,1,6.37202986908
41793,11692,10172,0,2,2,2,2,14.6300207684
41794,11692,11691,0,2,4,2,3,1.95856038761
41795,11692,10470,0,2,6,2,4,21.5040349195
41796,11692,11366,0,2,7,2,5,9.19094237115
41797,11692,10041,0,2,2,2,2,13.590426624
41798,11692,10278,0,2,1,2,1,13.8407829642
41799,11692,10106,0,2,4,2,1,15.347818116
41800,11692,11428,0,2,2,2,2,9.22061026961
41801,11692,10286,0,2,1,2,1,14.1121343682
41802,11692,10279,0,2,1,2,1,13.9237389509
41803,11692,10103,0,2,1,2,1,15.0309269474
41804,11692,10196,0,2,1,2,1,16.0883191151
41805,11692,10154,0,2,1,2,1,14.7021710259
41806,11692,10119,0,2,2,2,2,15.0344749683
41807,11692,10464,0,2,5,2,4,18.2253590723
41808,11692,10166,0,2,2,2,2,14.642346391
41809,11692,10203,0,2,1,2,1,16.0883191151
41810,11692,11359,0,2,2,2,2,13.8254120968
41811,11692,10177,0,2,1,2,1,14.6769622922
41812,11692,11040,0,2,1,2,1,12.0286357553
41813,11692,11364,0,2,2,2,2,10.7758826129
41814,11692,11692,2,2,2,2,2,0.0
41815,11692,11423,0,2,1,2,1,8.49469581
41816,11692,11415,0,2,2,2,2,8.06472845452
41817,11692,10175,0,2,2,2,1,14.7487554345
41818,11423,10012,0,1,445,1,357,12.1071211183
41819,11423,11222,0,1,110,1,71,9.34779487137
41820,11423,11231,0,1,65,1,44,12.5459417383
41821,11423,10019,0,1,637,1,440,11.9476477146
41822,11423,11102,0,1,35,1,30,9.10164803625
41823,11423,10003,0,1,493,1,400,11.6757323506
41824,11423,10020,0,1,143,1,116,11.5413892435
41825,11423,10018,0,1,339,1,256,12.1480588424
41826,11423,10001,0,1,670,1,468,12.2444816934
41827,11423,11365,0,1,21,1,9,2.11601340663
41828,11423,10007,0,1,1780,1,1042,12.5469486726
41829,11423,10022,0,1,228,1,164,10.8958390728
41830,11423,10013,0,1,745,1,406,12.4518150578
41831,11423,10472,0,1,23,1,8,9.58477370744
41832,11423,11226,0,1,195,1,123,10.9302195065
41833,11423,10027,0,1,141,1,83,11.9208252595
41834,11423,11210,0,1,34,1,20,11.0554301895
41835,11423,11693,0,1,6,1,6,8.53515397367
41836,11423,11432,0,1,49,1,36,1.31263347584
41837,11423,11103,0,1,35,1,26,8.20772179342
41838,11423,11237,0,1,64,1,53,8.00049709997
41839,11423,10010,0,1,218,1,181,11.3531616773
41840,11423,10014,0,1,397,1,286,12.5256041986
41841,11423,10009,0,1,135,1,91,11.0812732708
41842,11423,10036,0,1,826,1,656,12.0605642969
41843,11423,11216,0,1,60,1,49,9.73766506785
41844,11423,11418,0,1,15,1,11,3.6030883175
41845,11423,11109,0,1,5,1,5,6.91658986388
41846,11423,11371,0,1,71,1,65,6.88177385403
41847,11423,10460,0,1,42,1,22,10.5361143314
41848,11423,10048,0,1,86,1,65,12.8137077418
41849,11423,10128,0,1,51,1,40,10.6372221529
41850,11423,11375,0,1,44,1,27,4.09603477391
41851,11423,10023,0,1,210,1,134,12.0439291991
41852,11423,11211,0,1,352,1,256,9.76868053125
41853,11423,10011,0,1,437,1,352,12.3114222379
41854,11423,10025,0,1,143,1,65,11.9906299206
41855,11423,10032,0,1,65,1,28,12.5991279944
41856,11423,11232,0,1,125,1,24,13.0431101981
41857,11423,11377,0,1,46,1,33,7.38317132504
41858,11423,11361,0,1,19,1,11,3.38846884287
41859,11423,11206,0,1,90,1,63,9.20693639202
41860,11423,11430,0,1,187,1,143,4.62831902813
41861,11423,10021,0,1,62,1,45,10.7577354925
41862,11423,11201,0,1,234,1,176,11.6698500748
41863,11423,11238,0,1,109,1,64,10.4737404638
41864,11423,10016,0,1,162,1,110,11.2076900348
41865,11423,11218,0,1,26,1,19,11.9245172748
41866,11423,10301,0,1,45,1,32,18.0519099973
41867,11423,10452,0,1,54,1,34,11.7951259822
41868,11423,10314,0,1,51,1,30,21.1581342327
41869,11423,10461,0,1,50,1,20,9.60600452602
41870,11423,11101,0,1,193,1,96,9.2201066304
41871,11423,10029,0,1,50,1,38,10.7345961393
41872,11423,10467,0,1,33,1,22,12.1242538673
41873,11423,11208,0,1,43,1,13,6.18147138552
41874,11423,10024,0,1,101,1,71,12.0367039704
41875,11423,10005,0,1,65,1,41,12.6324659971
41876,11423,10030,0,1,39,1,26,11.6594747505
41877,11423,10002,0,1,258,1,186,11.4871996535
41878,11423,11385,0,1,56,1,31,6.58852549212
41879,11423,11220,0,1,38,1,23,13.9391608453
41880,11423,11215,0,1,123,1,95,11.8633803394
41881,11423,10038,0,1,174,1,85,12.364504032
41882,11423,11217,0,1,92,1,71,11.2286384277
41883,11423,10462,0,1,104,1,58,10.0189304022
41884,11423,10040,0,1,80,1,27,13.0390131031
41885,11423,10457,0,1,28,1,16,11.4163656866
41886,11423,10017,0,1,277,1,161,11.0261051649
41887,11423,11433,0,1,18,1,12,1.58160845985
41888,11423,10308,0,1,8,1,8,23.0470933055
41889,11423,10468,0,1,52,1,30,12.5848359192
41890,11423,10111,0,1,15,1,13,11.4259775668
41891,11423,10309,0,1,23,1,15,26.6270544084
41892,11423,10034,0,1,68,1,33,13.242975988
41893,11423,10028,0,1,89,1,53,10.6652141885
41894,11423,10035,0,1,65,1,32,10.5950470131
41895,11423,11228,0,1,10,1,8,14.4265908875
41896,11423,11105,0,1,25,1,19,8.44425199699
41897,11423,11355,0,1,26,1,18,3.62138410759
41898,11423,11209,0,1,49,1,28,15.0943523533
41899,11423,11213,0,1,35,1,20,9.2342035654
41900,11423,11369,0,1,12,1,8,6.32887647757
41901,11423,10031,0,1,64,1,45,12.2219571994
41902,11423,11221,0,1,120,1,61,8.4545820714
41903,11423,11212,0,1,12,1,10,8.42294143712
41904,11423,11233,0,1,74,1,34,8.30509203353
41905,11423,11368,0,1,62,1,41,5.24636060255
41906,11423,11205,0,1,37,1,31,10.4395728728
41907,11423,10069,0,1,14,1,8,12.405546207
41908,11423,11203,0,1,39,1,8,9.75622351979
41909,11423,10459,0,1,16,1,8,10.0929958068
41910,11423,11219,0,1,6,1,4,13.2442640361
41911,11423,11434,0,1,32,1,16,2.7268961307
41912,11423,11230,0,1,11,1,5,12.0721955835
41913,11423,11373,0,1,53,1,27,5.95734344811
41914,11423,11362,0,1,8,1,5,3.63362607804
41915,11423,10305,0,1,11,1,8,17.9760392124
41916,11423,11104,0,1,8,1,6,8.19691155277
41917,11423,10004,0,1,168,1,99,14.3696289729
41918,11423,10275,0,1,13,1,7,11.8860611815
41919,11423,10118,0,1,4,1,3,11.7029682504
41920,11423,10026,0,1,57,1,43,11.5367333454
41921,11423,11235,0,1,19,1,14,13.1329011997
41922,11423,10469,0,1,44,1,12,11.4322293325
41923,11423,10281,0,1,31,1,24,12.9537415627
41924,11423,11223,0,1,10,1,7,13.3856935329
41925,11423,11379,0,1,33,1,13,5.82970014746
41926,11423,10465,0,1,37,1,16,8.11433390177
41927,11423,10455,0,1,20,1,11,10.1192758279
41928,11423,10466,0,1,16,1,11,12.8729024259
41929,11423,11239,0,1,4,1,2,7.50024898943
41930,11423,11207,0,1,86,1,31,7.26337168515
41931,11423,11367,0,1,35,1,17,2.96382486095
41932,11423,11106,0,1,21,1,19,9.17898524954
41933,11423,10471,0,1,19,1,15,14.6965609829
41934,11423,11234,0,1,50,1,15,10.4179717144
41935,11423,10167,0,1,11,1,4,11.2057280016
41936,11423,10453,0,1,21,1,16,12.1917112555
41937,11423,10451,0,1,20,1,12,10.876073956
41938,11423,10033,0,1,86,1,31,12.7518194284
41939,11423,11354,0,1,38,1,25,4.75352361038
41940,11423,10463,0,1,36,1,16,13.632107835
41941,11423,10169,0,1,4,1,4,11.2553634965
41942,11423,10456,0,1,21,1,12,10.8448027168
41943,11423,11420,0,1,8,1,7,3.73321434153
41944,11423,10153,0,1,6,1,5,11.2601280261
41945,11423,10307,0,1,6,1,3,28.7674798174
41946,11423,10306,0,1,17,1,8,20.9187348359
41947,11423,10165,0,1,2,1,2,11.3655256411
41948,11423,10303,0,1,11,1,7,21.5187461091
41949,11423,11224,0,1,22,1,13,15.1064167075
41950,11423,10304,0,1,8,1,5,18.4278650753
41951,11423,10458,0,1,34,1,31,12.1235810271
41952,11423,11414,0,1,13,1,7,5.52062701396
41953,11423,11204,0,1,9,1,8,13.1393427106
41954,11423,11372,0,1,16,1,11,6.57747222434
41955,11423,11357,0,1,9,1,6,5.29938786607
41956,11423,10044,0,1,9,1,8,10.0552543665
41957,11423,11229,0,1,27,1,14,12.0649250256
41958,11423,11236,0,1,15,1,9,8.74444594082
41959,11423,10302,0,1,5,1,5,20.2124765691
41960,11423,11422,0,1,11,1,8,3.96992243212
41961,11423,10312,0,1,4,1,2,24.4869481623
41962,11423,10310,0,1,27,1,6,19.104479796
41963,11423,11429,0,1,8,1,6,1.57878386518
41964,11423,10152,0,1,2,1,2,11.1355583429
41965,11423,11214,0,1,10,1,6,14.3752364436
41966,11423,11435,0,1,41,1,23,2.39486158877
41967,11423,10039,0,1,8,1,7,11.7521824618
41968,11423,10121,0,1,1,1,1,11.9905662247
41969,11423,11413,0,1,14,1,7,3.17029775074
41970,11423,10473,0,1,14,1,9,8.6248333615
41971,11423,10454,0,1,19,1,10,10.0188114468
41972,11423,11416,0,1,5,1,5,4.80994697707
41973,11423,10280,0,1,5,1,3,13.1120180832
41974,11423,11694,0,1,5,1,4,10.3729703515
41975,11423,11358,0,1,6,1,4,3.5115464965
41976,11423,11421,0,1,4,1,4,4.99620283736
41977,11423,11412,0,1,4,1,4,1.2646956352
41978,11423,10174,0,1,2,1,2,11.1634541834
41979,11423,11417,0,1,3,1,3,4.82613398263
41980,11423,11427,0,1,5,1,4,1.4418723104
41981,11423,11411,0,1,4,1,2,2.226515804
41982,11423,11374,0,1,10,1,9,4.92020381027
41983,11423,10096,0,1,2,1,2,11.8860611815
41984,11423,10006,0,1,19,1,18,12.8810833009
41985,11423,10037,0,1,15,1,10,11.1534339923
41986,11423,11370,0,1,8,1,4,7.24615260185
41987,11423,10475,0,1,15,1,11,11.7243225558
41988,11423,11225,0,1,17,1,13,10.4346698736
41989,11423,10282,0,1,10,1,9,12.9220658136
41990,11423,11426,0,1,12,1,5,2.76917626443
41991,11423,11378,0,1,18,1,7,7.09227613364
41992,11423,10107,0,1,1,1,1,11.8186836503
41993,11423,11251,0,1,4,1,3,10.4415438052
41994,11423,11436,0,1,6,1,3,3.15005955313
41995,11423,11360,0,1,10,1,5,4.60470077269
41996,11423,11356,0,1,2,1,2,6.30888734403
41997,11423,10474,0,1,8,1,7,9.26291154842
41998,11423,11697,0,1,1,1,1,12.9510438415
41999,11423,10172,0,1,2,1,2,11.1922923287
42000,11423,11691,0,1,4,1,3,7.89581404126
42001,11423,10470,0,1,6,1,4,13.7437695655
42002,11423,11366,0,1,7,1,5,1.62732969291
42003,11423,10041,0,1,2,1,2,12.7228001831
42004,11423,10278,0,1,1,1,1,12.3760598363
42005,11423,10106,0,1,4,1,1,11.6794478725
42006,11423,11428,0,1,2,1,2,1.46996024487
42007,11423,10286,0,1,1,1,1,12.7929342855
42008,11423,10279,0,1,1,1,1,12.618739015
42009,11423,10103,0,1,1,1,1,11.4629106121
42010,11423,10196,0,1,1,1,1,11.8860611815
42011,11423,10154,0,1,1,1,1,11.1460621921
42012,11423,10119,0,1,2,1,2,12.0587390695
42013,11423,10464,0,1,5,1,4,9.9107763458
42014,11423,10166,0,1,2,1,2,11.2665866827
42015,11423,10203,0,1,1,1,1,11.8860611815
42016,11423,11359,0,1,2,1,2,5.43618653602
42017,11423,10177,0,1,1,1,1,11.2719720102
42018,11423,11040,0,1,1,1,1,5.0866913658
42019,11423,11364,0,1,2,1,2,2.28159664661
42020,11423,11692,0,1,2,1,2,8.49469581
42021,11423,11423,1,1,1,1,1,0.0
42022,11423,11415,0,1,2,1,2,3.26834344239
42023,11423,10175,0,1,2,1,1,11.4421753876
42024,11415,10012,0,2,445,2,357,8.94959394959
42025,11415,11222,0,2,110,2,71,6.22847317028
42026,11415,11231,0,2,65,2,44,9.28101593713
42027,11415,10019,0,2,637,2,440,9.13232388362
42028,11415,11102,0,2,35,2,30,6.67381593679
42029,11415,10003,0,2,493,2,400,8.56429327115
42030,11415,10020,0,2,143,2,116,8.67016195148
42031,11415,10018,0,2,339,2,256,9.21102026731
42032,11415,10001,0,2,670,2,468,9.26362620918
42033,11415,11365,0,2,21,2,9,2.96725526175
42034,11415,10007,0,2,1780,2,1042,9.33467325884
42035,11415,10022,0,2,228,2,164,8.06772032515
42036,11415,10013,0,2,745,2,406,9.26494459458
42037,11415,10472,0,2,23,2,8,8.76101529954
42038,11415,11226,0,2,195,2,123,7.8594410855
42039,11415,10027,0,2,141,2,83,9.82104125642
42040,11415,11210,0,2,34,2,20,8.16665744938
42041,11415,11693,0,2,6,2,6,7.60430326037
42042,11415,11432,0,2,49,2,36,1.98006545035
42043,11415,11103,0,2,35,2,26,5.75519037462
42044,11415,11237,0,2,64,2,53,4.74285754766
42045,11415,10010,0,2,218,2,181,8.2978636415
42046,11415,10014,0,2,397,2,286,9.41600904642
42047,11415,10009,0,2,135,2,91,7.94125186206
42048,11415,10036,0,2,826,2,656,9.17143160238
42049,11415,11216,0,2,60,2,49,6.48733884581
42050,11415,11418,0,2,15,2,11,0.616257664458
42051,11415,11109,0,2,5,2,5,4.39648152758
42052,11415,11371,0,2,71,2,65,5.08814099492
42053,11415,10460,0,2,42,2,22,9.62339805265
42054,11415,10048,0,2,86,2,65,9.59148671547
42055,11415,10128,0,2,51,2,40,8.17767590339
42056,11415,11375,0,2,44,2,27,1.26431413684
42057,11415,10023,0,2,210,2,134,9.34761781449
42058,11415,11211,0,2,352,2,256,6.54913857776
42059,11415,10011,0,2,437,2,352,9.24936872828
42060,11415,10025,0,2,143,2,65,9.62689541649
42061,11415,10032,0,2,65,2,28,10.9371206921
42062,11415,11232,0,2,125,2,24,9.82978733552
42063,11415,11377,0,2,46,2,33,4.61153432899
42064,11415,11361,0,2,19,2,11,4.86406939138
42065,11415,11206,0,2,90,2,63,5.95002480503
42066,11415,11430,0,2,187,2,143,4.28230930135
42067,11415,10021,0,2,62,2,45,8.0679186206
42068,11415,11201,0,2,234,2,176,8.40598947067
42069,11415,11238,0,2,109,2,64,7.21701064333
42070,11415,10016,0,2,162,2,110,8.22141500739
42071,11415,11218,0,2,26,2,19,8.80437696804
42072,11415,10301,0,2,45,2,32,14.8365568744
42073,11415,10452,0,2,54,2,34,10.3133896811
42074,11415,10314,0,2,51,2,30,17.9681362092
42075,11415,10461,0,2,50,2,20,9.39585983575
42076,11415,11101,0,2,193,2,96,6.3229806479
42077,11415,10029,0,2,50,2,38,8.43877286625
42078,11415,10467,0,2,33,2,22,11.5983397328
42079,11415,11208,0,2,43,2,13,3.2592583355
42080,11415,10024,0,2,101,2,71,9.48074622288
42081,11415,10005,0,2,65,2,41,9.39168641181
42082,11415,10030,0,2,39,2,26,9.72439817491
42083,11415,10002,0,2,258,2,186,8.28720519978
42084,11415,11385,0,2,56,2,31,3.32507234243
42085,11415,11220,0,2,38,2,23,10.7657703015
42086,11415,11215,0,2,123,2,95,8.62663574451
42087,11415,10038,0,2,174,2,85,9.13436794712
42088,11415,11217,0,2,92,2,71,7.9643962115
42089,11415,10462,0,2,104,2,58,9.45626161593
42090,11415,10040,0,2,80,2,27,11.686499243
42091,11415,10457,0,2,28,2,16,10.3037748684
42092,11415,10017,0,2,277,2,161,8.10970009693
42093,11415,11433,0,2,18,2,12,2.33814670318
42094,11415,10308,0,2,8,2,8,20.0104971704
42095,11415,10468,0,2,52,2,30,11.6388794013
42096,11415,10111,0,2,15,2,13,8.5676536628
42097,11415,10309,0,2,23,2,15,23.5714933454
42098,11415,10034,0,2,68,2,33,12.0603671003
42099,11415,10028,0,2,89,2,53,8.1149185495
42100,11415,10035,0,2,65,2,32,8.55090621845
42101,11415,11228,0,2,10,2,8,11.3757272092
42102,11415,11105,0,2,25,2,19,6.23056592512
42103,11415,11355,0,2,26,2,18,2.9862914419
42104,11415,11209,0,2,49,2,28,11.9782586033
42105,11415,11213,0,2,35,2,20,6.0409913221
42106,11415,11369,0,2,12,2,8,4.4144144015
42107,11415,10031,0,2,64,2,45,10.3334468515
42108,11415,11221,0,2,120,2,61,5.18905723078
42109,11415,11212,0,2,12,2,10,5.36461414476
42110,11415,11233,0,2,74,2,34,5.10411510542
42111,11415,11368,0,2,62,2,41,3.15555932185
42112,11415,11205,0,2,37,2,31,7.17258271384
42113,11415,10069,0,2,14,2,8,9.6739214446
42114,11415,11203,0,2,39,2,8,6.73683114144
42115,11415,10459,0,2,16,2,8,8.8320949862
42116,11415,11219,0,2,6,2,4,10.147534989
42117,11415,11434,0,2,32,2,16,3.72187292872
42118,11415,11230,0,2,11,2,5,9.13756917558
42119,11415,11373,0,2,53,2,27,3.23798464295
42120,11415,11362,0,2,8,2,5,6.23915882302
42121,11415,10305,0,2,11,2,8,14.8860314
42122,11415,11104,0,2,8,2,6,5.35570677441
42123,11415,10004,0,2,168,2,99,11.1165198684
42124,11415,10275,0,2,13,2,7,9.26550621658
42125,11415,10118,0,2,4,2,3,8.72535031695
42126,11415,10026,0,2,57,2,43,9.31893148557
42127,11415,11235,0,2,19,2,14,10.594016828
42128,11415,10469,0,2,44,2,12,11.1987628665
42129,11415,10281,0,2,31,2,24,9.74042528396
42130,11415,11223,0,2,10,2,7,10.6041969348
42131,11415,11379,0,2,33,2,13,2.67527305289
42132,11415,10465,0,2,37,2,16,8.22418497817
42133,11415,10455,0,2,20,2,11,8.54126305686
42134,11415,10466,0,2,16,2,11,12.7321694936
42135,11415,11239,0,2,4,2,2,4.94973873882
42136,11415,11207,0,2,86,2,31,4.20254503696
42137,11415,11367,0,2,35,2,17,1.55990589577
42138,11415,11106,0,2,21,2,19,6.55573463346
42139,11415,10471,0,2,19,2,15,13.9282725028
42140,11415,11234,0,2,50,2,15,7.77565279782
42141,11415,10167,0,2,11,2,4,8.31012137379
42142,11415,10453,0,2,21,2,16,10.969870993
42143,11415,10451,0,2,20,2,12,9.17601143499
42144,11415,10033,0,2,86,2,31,11.2378453212
42145,11415,11354,0,2,38,2,25,4.22114058707
42146,11415,10463,0,2,36,2,16,12.6921157357
42147,11415,10169,0,2,4,2,4,8.35276513002
42148,11415,10456,0,2,21,2,12,9.4272215988
42149,11415,11420,0,2,8,2,7,2.46454737875
42150,11415,10153,0,2,6,2,5,8.4663568327
42151,11415,10307,0,2,6,2,3,25.7324117911
42152,11415,10306,0,2,17,2,8,17.8715123881
42153,11415,10165,0,2,2,2,2,8.43498510031
42154,11415,10303,0,2,11,2,7,18.276982288
42155,11415,11224,0,2,22,2,13,12.3833799374
42156,11415,10304,0,2,8,2,5,15.2847709503
42157,11415,10458,0,2,34,2,31,11.2853723683
42158,11415,11414,0,2,13,2,7,3.43519844831
42159,11415,11204,0,2,9,2,8,10.1571662978
42160,11415,11372,0,2,16,2,11,4.13740914509
42161,11415,11357,0,2,9,2,6,5.45833362137
42162,11415,10044,0,2,9,2,8,7.33814323345
42163,11415,11229,0,2,27,2,14,9.45918867652
42164,11415,11236,0,2,15,2,9,6.00383843542
42165,11415,10302,0,2,5,2,5,16.9770166792
42166,11415,11422,0,2,11,2,8,5.83593323039
42167,11415,10312,0,2,4,2,2,21.4400670715
42168,11415,10310,0,2,27,2,6,15.8766730823
42169,11415,11429,0,2,8,2,6,4.76445690102
42170,11415,10152,0,2,2,2,2,8.28720401089
42171,11415,11214,0,2,10,2,6,11.4844664301
42172,11415,11435,0,2,41,2,23,1.14506671758
42173,11415,10039,0,2,8,2,7,9.97356238474
42174,11415,10121,0,2,1,2,1,9.00860062849
42175,11415,11413,0,2,14,2,7,4.83304600371
42176,11415,10473,0,2,14,2,9,7.85237635964
42177,11415,10454,0,2,19,2,10,8.20680905879
42178,11415,11416,0,2,5,2,5,1.95432610743
42179,11415,10280,0,2,5,2,3,9.87560393349
42180,11415,11694,0,2,5,2,4,9.04546142288
42181,11415,11358,0,2,6,2,4,4.09891445385
42182,11415,11421,0,2,4,2,4,1.86331713273
42183,11415,11412,0,2,4,2,4,3.74951235852
42184,11415,10174,0,2,2,2,2,8.23491653612
42185,11415,11417,0,2,3,2,3,2.30398194306
42186,11415,11427,0,2,5,2,4,4.54535148682
42187,11415,11411,0,2,4,2,2,5.02132835561
42188,11415,11374,0,2,10,2,9,2.05622615133
42189,11415,10096,0,2,2,2,2,9.26550621658
42190,11415,10006,0,2,19,2,18,9.64574997916
42191,11415,10037,0,2,15,2,10,9.22874916298
42192,11415,11370,0,2,8,2,4,5.01719445256
42193,11415,10475,0,2,15,2,11,11.8444289074
42194,11415,11225,0,2,17,2,13,7.25137148673
42195,11415,10282,0,2,10,2,9,9.71851541296
42196,11415,11426,0,2,12,2,5,5.96603302432
42197,11415,11378,0,2,18,2,7,4.01114820241
42198,11415,10107,0,2,1,2,1,9.01985278458
42199,11415,11251,0,2,4,2,3,7.40795235541
42200,11415,11436,0,2,6,2,3,2.84388661323
42201,11415,11360,0,2,10,2,5,5.70157921617
42202,11415,11356,0,2,2,2,2,5.46985025171
42203,11415,10474,0,2,8,2,7,7.93805642055
42204,11415,11697,0,2,1,2,1,10.9471408348
42205,11415,10172,0,2,2,2,2,8.30449386255
42206,11415,11691,0,2,4,2,3,8.24420624643
42207,11415,10470,0,2,6,2,4,13.4661389956
42208,11415,11366,0,2,7,2,5,2.25442660005
42209,11415,10041,0,2,2,2,2,9.47473627645
42210,11415,10278,0,2,1,2,1,9.16791496106
42211,11415,10106,0,2,4,2,1,8.87565804034
42212,11415,11428,0,2,2,2,2,4.73144122158
42213,11415,10286,0,2,1,2,1,9.57832888938
42214,11415,10279,0,2,1,2,1,9.40008038244
42215,11415,10103,0,2,1,2,1,8.62179882019
42216,11415,10196,0,2,1,2,1,9.26550621658
42217,11415,10154,0,2,1,2,1,8.28965733126
42218,11415,10119,0,2,2,2,2,9.085121978
42219,11415,10464,0,2,5,2,4,10.5760181347
42220,11415,10166,0,2,2,2,2,8.36482181672
42221,11415,10203,0,2,1,2,1,9.26550621658
42222,11415,11359,0,2,2,2,2,6.54662053427
42223,11415,10177,0,2,1,2,1,8.3782612607
42224,11415,11040,0,2,1,2,1,8.2959358297
42225,11415,11364,0,2,2,2,2,4.57926816224
42226,11415,11692,0,2,2,2,2,8.06472845452
42227,11415,11423,0,2,1,2,1,3.26834344239
42228,11415,11415,2,2,2,2,2,0.0
42229,11415,10175,0,2,2,2,1,8.52859349241
42230,10175,10012,0,2,445,1,357,2.18497835284
42231,10175,11222,0,2,110,1,71,2.63704976625
42232,10175,11231,0,2,65,1,44,5.34527479977
42233,10175,10019,0,2,637,1,440,0.844364676085
42234,10175,11102,0,2,35,1,30,3.1223393415
42235,10175,10003,0,2,493,1,400,1.58559317311
42236,10175,10020,0,2,143,1,116,0.301947962788
42237,10175,10018,0,2,339,1,256,0.71510907513
42238,10175,10001,0,2,670,1,468,0.912580128978
42239,10175,11365,0,2,21,1,9,9.90643819271
42240,10175,10007,0,2,1780,1,1042,3.0855602886
42241,10175,10022,0,2,228,1,164,0.73020784765
42242,10175,10013,0,2,745,1,406,2.67881895753
42243,10175,10472,0,2,23,1,8,7.85279114172
42244,10175,11226,0,2,195,1,123,7.63163354391
42245,10175,10027,0,2,141,1,83,4.23175785841
42246,10175,11210,0,2,34,1,20,8.90278851429
42247,10175,11693,0,2,6,1,6,13.7307179816
42248,10175,11432,0,2,49,1,36,10.1759383451
42249,10175,11103,0,2,35,1,26,3.66278188094
42250,10175,11237,0,2,64,1,53,4.71496411243
42251,10175,10010,0,2,218,1,181,1.06126298325
42252,10175,10014,0,2,397,1,286,1.9034084472
42253,10175,10009,0,2,135,1,91,1.87865473231
42254,10175,10036,1,2,826,1,656,0.653672467387
42255,10175,11216,0,2,60,1,49,5.3618902437
42256,10175,11418,0,2,15,1,11,8.58384856704
42257,10175,11109,0,2,5,1,5,9.12175041153
42258,10175,11371,0,2,71,1,65,5.62790879544
42259,10175,10460,0,2,42,1,22,7.93266409752
42260,10175,10048,0,2,86,1,65,3.37561800954
42261,10175,10128,0,2,51,1,40,2.44985792541
42262,10175,11375,0,2,44,1,27,7.40721741906
42263,10175,10023,0,2,210,1,134,1.51243822966
42264,10175,11211,0,2,352,1,256,3.20600022664
42265,10175,10011,0,2,437,1,352,1.40729478742
42266,10175,10025,0,2,143,1,65,3.11057752837
42267,10175,10032,0,2,65,1,28,6.28887143878
42268,10175,11232,0,2,125,1,24,6.93896299695
42269,10175,11377,0,2,46,1,33,4.06621145771
42270,10175,11361,0,2,19,1,11,10.8187760682
42271,10175,11206,0,2,90,1,63,4.07501513692
42272,10175,11430,0,2,187,1,143,12.0317909333
42273,10175,10021,0,2,62,1,45,1.40621004267
42274,10175,11201,0,2,234,1,176,4.10153701292
42275,10175,11238,0,2,109,1,64,5.19638876422
42276,10175,10016,0,2,162,1,110,0.5723253564
42277,10175,11218,0,2,26,1,19,7.57585989711
42278,10175,10301,0,2,45,1,32,10.3765063177
42279,10175,10452,0,2,54,1,34,6.55921032567
42280,10175,10314,0,2,51,1,30,13.4048489431
42281,10175,10461,0,2,50,1,20,9.61846804788
42282,10175,11101,0,2,193,1,96,2.22415619878
42283,10175,10029,0,2,50,1,38,3.13127705115
42284,10175,10467,0,2,33,1,22,9.98802487553
42285,10175,11208,0,2,43,1,13,7.96708205708
42286,10175,10024,0,2,101,1,71,2.21825237455
42287,10175,10005,0,2,65,1,41,3.65873690931
42288,10175,10030,0,2,39,1,26,4.79876500634
42289,10175,10002,0,2,258,1,186,2.59913861537
42290,10175,11385,0,2,56,1,31,5.77260668646
42291,10175,11220,0,2,38,1,23,8.0138679546
42292,10175,11215,0,2,123,1,95,5.99697227045
42293,10175,10038,0,2,174,1,85,3.32454147603
42294,10175,11217,0,2,92,1,71,4.98405605624
42295,10175,10462,0,2,104,1,58,8.78233533211
42296,10175,10040,0,2,80,1,27,7.68876790386
42297,10175,10457,0,2,28,1,16,7.66838151865
42298,10175,10017,1,2,277,1,161,0.419114490667
42299,10175,11433,0,2,18,1,12,10.8602946273
42300,10175,10308,0,2,8,1,8,16.644989812
42301,10175,10468,0,2,52,1,30,8.85736561934
42302,10175,10111,0,2,15,1,13,0.35650099359
42303,10175,10309,0,2,23,1,15,19.7585097126
42304,10175,10034,0,2,68,1,33,8.42602631813
42305,10175,10028,0,2,89,1,53,2.0542385061
42306,10175,10035,0,2,65,1,32,4.10879304044
42307,10175,11228,0,2,10,1,8,9.58306893636
42308,10175,11105,0,2,25,1,19,4.01218571564
42309,10175,11355,0,2,26,1,18,8.42210669577
42310,10175,11209,0,2,49,1,28,9.41123041712
42311,10175,11213,0,2,35,1,20,6.22274078879
42312,10175,11369,0,2,12,1,8,5.76371083094
42313,10175,10031,0,2,64,1,45,5.22052140204
42314,10175,11221,0,2,120,1,61,5.17713772255
42315,10175,11212,0,2,12,1,10,7.25212708105
42316,10175,11233,0,2,74,1,34,6.2309622093
42317,10175,11368,0,2,62,1,41,6.38998729184
42318,10175,11205,0,2,37,1,31,4.21563804119
42319,10175,10069,0,2,14,1,8,1.56541079756
42320,10175,11203,0,2,39,1,8,7.66581036138
42321,10175,10459,0,2,16,1,8,6.68383948585
42322,10175,11219,0,2,6,1,4,8.45289221333
42323,10175,11434,0,2,32,1,16,12.1755532707
42324,10175,11230,0,2,11,1,5,9.09727532798
42325,10175,11373,0,2,53,1,27,5.4855796086
42326,10175,11362,0,2,8,1,5,12.94260742
42327,10175,10305,0,2,11,1,8,11.8256500873
42328,10175,11104,0,2,8,1,6,3.24597646817
42329,10175,10004,0,2,168,1,99,4.98322453068
42330,10175,10275,0,2,13,1,7,1.82994166115
42331,10175,10118,0,2,4,1,3,0.507107047286
42332,10175,10026,0,2,57,1,43,3.59885682244
42333,10175,11235,0,2,19,1,14,11.8672197461
42334,10175,10469,0,2,44,1,12,10.5097354571
42335,10175,10281,0,2,31,1,24,3.30134751927
42336,10175,11223,0,2,10,1,7,10.7827158707
42337,10175,11379,0,2,33,1,13,5.90081859449
42338,10175,10465,0,2,37,1,16,9.83387228604
42339,10175,10455,0,2,20,1,11,5.67046559952
42340,10175,10466,0,2,16,1,11,11.7190931186
42341,10175,11239,0,2,4,1,2,9.16039624878
42342,10175,11207,0,2,86,1,31,7.30172459449
42343,10175,11367,0,2,35,1,17,8.49671514975
42344,10175,11106,0,2,21,1,19,2.59010431937
42345,10175,10471,0,2,19,1,15,10.8725015266
42346,10175,11234,0,2,50,1,15,9.85255113851
42347,10175,10167,0,2,11,1,4,0.256444201063
42348,10175,10453,0,2,21,1,16,7.67953908698
42349,10175,10451,0,2,20,1,12,5.42855085071
42350,10175,10033,0,2,86,1,31,6.92877289313
42351,10175,11354,0,2,38,1,25,8.17765159111
42352,10175,10463,0,2,36,1,16,9.53391918404
42353,10175,10169,0,2,4,1,4,0.195607709809
42354,10175,10456,0,2,21,1,12,6.40310640383
42355,10175,11420,0,2,8,1,7,10.3315453777
42356,10175,10153,0,2,6,1,5,0.750261342646
42357,10175,10307,0,2,6,1,3,21.9302363485
42358,10175,10306,0,2,17,1,8,14.6774947046
42359,10175,10165,0,2,2,1,2,0.1423576852
42360,10175,10303,0,2,11,1,7,12.8922587016
42361,10175,11224,0,2,22,1,13,12.2787352935
42362,10175,10304,0,2,8,1,5,11.6431758775
42363,10175,10458,0,2,34,1,31,8.95642783544
42364,10175,11414,0,2,13,1,7,9.76817271376
42365,10175,11204,0,2,9,1,8,9.34378663959
42366,10175,11372,0,2,16,1,11,5.01700712868
42367,10175,11357,0,2,9,1,6,9.18649143512
42368,10175,10044,0,2,9,1,8,1.69550006426
42369,10175,11229,0,2,27,1,14,10.8891594977
42370,10175,11236,0,2,15,1,9,8.81110693572
42371,10175,10302,0,2,5,1,5,11.8555795607
42372,10175,11422,0,2,11,1,8,14.321738688
42373,10175,10312,0,2,4,1,2,17.8605738121
42374,10175,10310,0,2,27,1,6,11.0407459739
42375,10175,11429,0,2,8,1,6,13.0209363368
42376,10175,10152,0,2,2,1,2,0.495285199407
42377,10175,11214,0,2,10,1,6,10.751014846
42378,10175,11435,0,2,41,1,23,9.6732075328
42379,10175,10039,0,2,8,1,7,5.44141153167
42380,10175,10121,0,2,1,1,1,0.712206350888
42381,10175,11413,0,2,14,1,7,13.3233069971
42382,10175,10473,0,2,14,1,9,7.73341109176
42383,10175,10454,0,2,19,1,10,4.8788357545
42384,10175,11416,0,2,5,1,5,8.37949503457
42385,10175,10280,0,2,5,1,3,3.79840585
42386,10175,11694,0,2,5,1,4,14.1089378623
42387,10175,11358,0,2,6,1,4,9.64635808123
42388,10175,11421,0,2,4,1,4,7.7360114908
42389,10175,11412,0,2,4,1,4,12.2179363547
42390,10175,10174,0,2,2,1,2,0.303701163363
42391,10175,11417,0,2,3,1,3,8.93306079312
42392,10175,11427,0,2,5,1,4,12.3062647756
42393,10175,11411,0,2,4,1,2,13.4801221457
42394,10175,11374,0,2,10,1,9,6.56010846918
42395,10175,10096,0,2,2,1,2,1.82994166115
42396,10175,10006,0,2,19,1,18,3.6563773405
42397,10175,10037,0,2,15,1,10,4.6748533207
42398,10175,11370,0,2,8,1,4,4.72192915797
42399,10175,10475,0,2,15,1,11,11.7882237962
42400,10175,11225,0,2,17,1,13,6.43957203602
42401,10175,10282,0,2,10,1,9,3.13862102476
42402,10175,11426,0,2,12,1,5,13.6621753805
42403,10175,11378,0,2,18,1,7,4.55060159988
42404,10175,10107,0,2,1,1,1,0.850749886612
42405,10175,11251,0,2,4,1,3,7.75327251289
42406,10175,11436,0,2,6,1,3,11.082602636
42407,10175,11360,0,2,10,1,5,10.6318750624
42408,10175,11356,0,2,2,1,2,7.4576539056
42409,10175,10474,0,2,8,1,7,6.31846201006
42410,10175,11697,0,2,1,1,1,13.9038955573
42411,10175,10172,0,2,2,1,2,0.290557147151
42412,10175,11691,0,2,4,1,3,15.7195768027
42413,10175,10470,0,2,6,1,4,11.8698343966
42414,10175,11366,0,2,7,1,5,9.88990374169
42415,10175,10041,0,2,2,1,2,3.87858721308
42416,10175,10278,0,2,1,1,1,2.94915330853
42417,10175,10106,0,2,4,1,1,0.755537211224
42418,10175,11428,0,2,2,1,2,12.7406905074
42419,10175,10286,0,2,1,1,1,3.23844082625
42420,10175,10279,0,2,1,1,1,3.2221518561
42421,10175,10103,0,2,1,1,1,0.467237937449
42422,10175,10196,0,2,1,1,1,1.82994166115
42423,10175,10154,0,2,1,1,1,0.451415860511
42424,10175,10119,0,2,2,1,2,0.728565644279
42425,10175,10464,0,2,5,1,4,12.2582213428
42426,10175,10166,0,2,2,1,2,0.187007527355
42427,10175,10203,0,2,1,1,1,1.82994166115
42428,10175,11359,0,2,2,1,2,10.9789914193
42429,10175,10177,0,2,1,1,1,0.206592634846
42430,10175,11040,0,2,1,1,1,15.806447112
42431,10175,11364,0,2,2,1,2,11.5482573392
42432,10175,11692,0,2,2,1,2,14.7487554345
42433,10175,11423,0,2,1,1,1,11.4421753876
42434,10175,11415,0,2,2,1,2,8.5285934924
42435,10175,10175,1,2,2,1,1,0.0
